Extraction [ img/BLANCs2-2.png ] effectuee 2026-04-16 16:58:08.648659
Calibration: -0.6036*x + 675.3 [Largeur 700]

pixel, longueur d'onde, intensite, r, g, b
0, 675.3, 0.0, 0.0, 0.0, 0.0
1, 674.6963999999999, 0.0, 0.0, 0.0, 0.0
2, 674.0928, 0.0, 0.0, 0.0, 0.0
3, 673.4892, 0.0, 0.0, 0.0, 0.0
4, 672.8856, 0.0, 0.0, 0.0, 0.0
5, 672.2819999999999, 0.0, 0.0, 0.0, 0.0
6, 671.6784, 0.0, 0.0, 0.0, 0.0
7, 671.0748, 0.0, 0.0, 0.0, 0.0
8, 670.4712, 0.0, 0.0, 0.0, 0.0
9, 669.8675999999999, 0.0, 0.0, 0.0, 0.0
10, 669.264, 0.0, 0.0, 0.0, 0.0
11, 668.6604, 0.0, 0.0, 0.0, 0.0
12, 668.0568, 0.0, 0.0, 0.0, 0.0
13, 667.4531999999999, 0.0, 0.0, 0.0, 0.0
14, 666.8496, 0.0, 0.0, 0.0, 0.0
15, 666.246, 0.0, 0.0, 0.0, 0.0
16, 665.6424, 0.0, 0.0, 0.0, 0.0
17, 665.0387999999999, 0.0, 0.0, 0.0, 0.0
18, 664.4352, 0.0, 0.0, 0.0, 0.0
19, 663.8316, 0.0, 0.0, 0.0, 0.0
20, 663.228, 0.0, 0.0, 0.0, 0.0
21, 662.6243999999999, 0.0, 0.0, 0.0, 0.0
22, 662.0208, 0.0, 0.0, 0.0, 0.0
23, 661.4172, 0.0, 0.0, 0.0, 0.0
24, 660.8136, 0.0, 0.0, 0.0, 0.0
25, 660.2099999999999, 0.0, 0.0, 0.0, 0.0
26, 659.6064, 14.447722999999998, 20.47, 10.82, 17.35
27, 659.0028, 14.615642000000003, 20.68, 10.97, 17.5
28, 658.3992, 14.876224000000002, 21.16, 11.22, 17.24
29, 657.7955999999999, 15.375250000000003, 21.7, 11.7, 17.73
30, 657.192, 15.117066, 21.74, 11.3, 17.42
31, 656.5884, 14.947082999999996, 21.57, 11.13, 17.25
32, 655.9848, 15.119352, 22.28, 11.06, 17.26
33, 655.3811999999999, 15.688324999999997, 22.85, 11.64, 17.77
34, 654.7776, 15.535156999999996, 23.13, 11.32, 17.34
35, 654.174, 15.565001, 23.19, 11.35, 17.29
36, 653.5704, 15.214984000000001, 23.36, 10.84, 16.4
37, 652.9667999999999, 16.118393, 24.27, 11.77, 17.15
38, 652.3632, 16.616908000000002, 25.42, 12.09, 16.86
39, 651.7596, 16.915817, 25.73, 12.42, 16.97
40, 651.156, 16.349565999999996, 25.74, 11.66, 15.89
41, 650.5523999999999, 17.229109, 26.61, 12.56, 16.69
42, 649.9488, 17.398635999999996, 27.14, 12.61, 16.53
43, 649.3452, 17.853445999999998, 27.64, 13.07, 16.84
44, 648.7416, 17.751006999999994, 28.33, 12.75, 15.78
45, 648.1379999999999, 17.633423999999994, 28.26, 12.63, 15.55
46, 647.5344, 18.224047999999996, 29.12, 13.14, 15.85
47, 646.9308, 18.663543999999998, 29.56, 13.62, 16.08
48, 646.3272, 19.640188, 30.92, 14.5, 16.55
49, 645.7235999999999, 19.495953000000004, 30.77, 14.42, 16.09
50, 645.12, 19.335933999999998, 31.16, 14.11, 15.26
51, 644.5164, 20.270758000000004, 32.12, 15.07, 16.0
52, 643.9128, 20.548474000000006, 32.66, 15.34, 15.63
53, 643.3091999999999, 21.248483000000007, 33.37, 16.07, 16.15
54, 642.7056, 20.562351000000003, 33.19, 15.22, 14.98
55, 642.102, 20.958568000000003, 33.62, 15.61, 15.32
56, 641.4984, 21.257354999999997, 34.15, 15.82, 15.47
57, 640.8947999999999, 20.797400999999994, 33.69, 15.36, 15.01
58, 640.2912, 20.99955499999999, 34.05, 15.49, 15.17
59, 639.6876, 21.647273000000006, 34.77, 16.12, 15.72
60, 639.084, 21.877119999999994, 35.6, 16.12, 15.56
61, 638.4803999999999, 22.227210999999993, 36.09, 16.43, 15.75
62, 637.8768, 22.807927999999993, 37.02, 16.87, 16.14
63, 637.2732, 23.152362999999994, 37.37, 17.23, 16.39
64, 636.6696, 23.768427000000003, 38.53, 17.65, 16.59
65, 636.0659999999999, 23.704644, 38.46, 17.61, 16.42
66, 635.4624, 23.687429999999996, 39.4, 17.17, 16.07
67, 634.8588, 24.31418000000001, 40.1, 17.79, 16.54
68, 634.2552, 24.908372, 41.58, 18.07, 16.43
69, 633.6515999999999, 25.195972, 41.88, 18.38, 16.57
70, 633.048, 25.591692000000002, 43.08, 18.48, 16.38
71, 632.4444, 25.562296, 43.04, 18.46, 16.33
72, 631.8408, 25.85192400000001, 44.16, 18.42, 16.14
73, 631.2371999999999, 25.474628000000006, 43.82, 18.03, 15.73
74, 630.6336, 26.579962000000005, 45.38, 18.94, 16.65
75, 630.03, 26.736051000000003, 45.69, 19.05, 16.64
76, 629.4264, 27.245258000000018, 46.92, 19.33, 16.44
77, 628.8227999999999, 28.119919999999997, 48.0, 20.14, 17.11
78, 628.2192, 28.901191999999984, 49.78, 20.45, 17.7
79, 627.6156, 28.790665999999987, 49.84, 20.27, 17.5
80, 627.012, 29.37928000000001, 51.5, 20.41, 17.59
81, 626.4083999999999, 29.66464899999999, 52.11, 20.57, 17.67
82, 625.8048, 29.704673, 53.17, 20.18, 17.25
83, 625.2012, 29.191538999999985, 52.91, 19.58, 16.52
84, 624.5975999999999, 30.68601, 55.3, 20.74, 17.39
85, 623.9939999999999, 31.352710999999978, 56.09, 21.39, 17.82
86, 623.3904, 31.995358, 57.82, 21.6, 17.84
87, 622.7868, 32.351119999999995, 58.3, 21.95, 17.9
88, 622.1831999999999, 32.11080300000001, 59.07, 21.3, 17.12
89, 621.5795999999999, 32.634853000000014, 59.77, 21.78, 17.41
90, 620.976, 33.437095000000014, 61.35, 22.28, 17.73
91, 620.3724, 33.894576, 61.94, 22.79, 17.57
92, 619.7687999999999, 34.67818199999999, 63.68, 23.27, 17.41
93, 619.1651999999999, 35.111106, 64.34, 23.72, 17.16
94, 618.5616, 34.96383500000001, 65.15, 23.28, 16.01
95, 617.958, 35.241364000000004, 65.66, 23.53, 15.82
96, 617.3543999999999, 35.68221599999998, 67.24, 23.56, 15.39
97, 616.7507999999999, 36.52875200000001, 68.38, 24.41, 15.45
98, 616.1472, 37.39240800000001, 70.22, 24.89, 15.73
99, 615.5436, 37.786106999999994, 70.83, 25.32, 15.37
100, 614.9399999999999, 37.802682, 71.68, 25.03, 14.78
101, 614.3363999999999, 38.26313699999999, 72.43, 25.45, 14.69
102, 613.7328, 39.42630099999999, 74.79, 26.09, 15.41
103, 613.1292, 40.087906999999994, 75.93, 26.59, 15.65
104, 612.5255999999999, 40.166512999999995, 77.37, 26.08, 15.19
105, 611.9219999999999, 40.72051899999999, 78.51, 26.42, 15.31
106, 611.3184, 41.111366999999994, 80.03, 26.24, 15.68
107, 610.7148, 41.970277, 81.53, 26.92, 15.78
108, 610.1111999999999, 42.13248500000002, 82.95, 26.65, 14.87
109, 609.5075999999999, 43.514607999999996, 84.82, 27.93, 15.5
110, 608.904, 44.57214199999999, 86.88, 28.57, 16.08
111, 608.3004, 45.28317300000001, 87.87, 29.25, 16.22
112, 607.6967999999999, 45.759681, 89.89, 29.14, 15.67
113, 607.0931999999999, 46.02637000000001, 90.4, 29.49, 14.87
114, 606.4896, 46.348314, 92.06, 29.3, 14.32
115, 605.886, 46.582971000000036, 92.59, 29.56, 13.65
116, 605.2823999999999, 47.069875, 94.15, 29.7, 13.11
117, 604.6787999999999, 48.24205099999998, 95.69, 30.87, 13.33
118, 604.0752, 49.234098000000024, 98.02, 31.36, 13.4
119, 603.4716, 50.061274000000004, 99.46, 32.1, 13.07
120, 602.8679999999999, 50.52342000000001, 101.3, 32.03, 12.66
121, 602.2643999999999, 51.25154, 102.4, 32.72, 12.61
122, 601.6608, 51.69306900000001, 104.11, 32.65, 12.36
123, 601.0572, 52.107630999999984, 104.99, 32.98, 11.99
124, 600.4535999999999, 53.13936800000001, 107.42, 33.51, 11.94
125, 599.8499999999999, 54.01984999999999, 108.8, 34.35, 11.72
126, 599.2464, 54.80612299999998, 110.67, 34.78, 11.5
127, 598.6428, 55.637504, 111.86, 35.67, 11.09
128, 598.0391999999999, 56.13316699999996, 114.13, 35.51, 10.31
129, 597.4355999999999, 56.822531, 115.19, 36.3, 9.51
130, 596.832, 57.299577999999975, 117.22, 36.18, 8.99
131, 596.2284, 57.841713, 118.07, 36.83, 8.17
132, 595.6247999999999, 58.50063599999999, 119.84, 37.16, 7.61
133, 595.0211999999999, 59.15779699999998, 120.83, 37.89, 7.02
134, 594.4176, 60.30682500000001, 123.15, 38.67, 7.0
135, 593.814, 61.447574999999986, 124.75, 39.82, 6.89
136, 593.2103999999999, 62.420367000000006, 127.13, 40.31, 6.66
137, 592.6067999999999, 63.163978, 128.12, 41.23, 5.85
138, 592.0032, 63.64570599999998, 129.84, 41.27, 5.36
139, 591.3996, 64.20436799999997, 130.62, 41.91, 4.92
140, 590.7959999999999, 64.565686, 131.94, 41.9, 4.68
141, 590.1923999999999, 65.28414499999994, 132.85, 42.68, 4.58
142, 589.5888, 65.85525399999997, 134.26, 42.9, 4.76
143, 588.9852, 66.927451, 135.59, 43.96, 5.22
144, 588.3815999999999, 68.25194199999999, 138.08, 44.83, 5.83
145, 587.7779999999999, 68.987643, 139.07, 45.62, 5.62
146, 587.1744, 69.70971299999997, 141.17, 45.74, 5.83
147, 586.5708, 70.23328400000001, 141.96, 46.42, 4.85
148, 585.9671999999999, 71.76747900000004, 144.51, 47.64, 5.34
149, 585.3635999999999, 72.95062600000001, 145.84, 48.99, 5.28
150, 584.76, 73.99829099999998, 147.99, 49.68, 5.28
151, 584.1564, 74.683983, 148.77, 50.55, 4.77
152, 583.5527999999999, 75.32445899999999, 150.21, 50.97, 4.45
153, 582.9491999999999, 76.03564499999999, 150.95, 51.83, 4.32
154, 582.3456, 76.857487, 152.53, 52.41, 4.4
155, 581.742, 77.67809500000004, 153.45, 53.39, 4.14
156, 581.1383999999999, 78.31535400000001, 154.86, 53.88, 3.51
157, 580.5347999999999, 79.19065800000006, 155.82, 54.96, 3.11
158, 579.9312, 80.28763400000001, 157.26, 56.08, 3.19
159, 579.3276, 81.43859400000001, 158.46, 57.42, 3.24
160, 578.7239999999999, 83.29474600000003, 161.24, 59.05, 3.84
161, 578.1203999999999, 84.28432500000001, 162.25, 60.34, 3.23
162, 577.5168, 85.96483899999996, 164.81, 61.81, 3.69
163, 576.9132, 86.43762500000001, 165.35, 62.49, 2.92
164, 576.3095999999999, 87.06981400000001, 166.76, 62.95, 2.4
165, 575.7059999999999, 87.96076700000005, 167.73, 63.97, 2.42
166, 575.1024, 88.88543699999995, 169.23, 64.83, 2.17
167, 574.4988, 89.81891399999996, 170.16, 65.97, 2.05
168, 573.8951999999999, 90.66770399999997, 171.56, 66.74, 1.86
169, 573.2915999999999, 91.90839400000003, 172.86, 68.18, 1.92
170, 572.688, 93.03413199999997, 174.38, 69.25, 2.3
171, 572.0844, 93.82152000000004, 175.1, 70.25, 2.17
172, 571.4807999999999, 94.88962000000004, 176.3, 71.41, 2.42
173, 570.8771999999999, 95.33794999999998, 176.7, 72.04, 2.06
174, 570.2736, 96.291676, 177.84, 73.16, 1.67
175, 569.67, 97.307901, 178.79, 74.39, 1.76
176, 569.0663999999999, 98.44402500000002, 180.05, 75.68, 1.78
177, 568.4627999999999, 99.89529500000002, 181.55, 77.34, 2.03
178, 567.8592, 100.93010300000002, 182.37, 78.73, 1.8
179, 567.2556, 102.24893500000003, 183.65, 80.29, 1.98
180, 566.6519999999999, 102.80414400000001, 184.06, 81.13, 1.45
181, 566.0483999999999, 103.968766, 185.14, 82.5, 1.78
182, 565.4448, 104.76526200000002, 185.88, 83.55, 1.42
183, 564.8412, 105.94890100000002, 187.09, 84.96, 1.37
184, 564.2375999999999, 107.43934599999994, 188.24, 86.83, 1.8
185, 563.6339999999999, 108.60545299999995, 189.37, 88.28, 1.6
186, 563.0304, 109.64232200000002, 190.28, 89.55, 1.77
187, 562.4268, 110.94525599999999, 191.54, 91.13, 1.76
188, 561.8231999999999, 111.43536899999995, 191.61, 92.04, 1.19
189, 561.2195999999999, 112.61947100000002, 192.69, 93.55, 0.97
190, 560.616, 113.96090199999998, 193.78, 95.22, 1.28
191, 560.0124, 115.16254799999999, 194.92, 96.64, 1.52
192, 559.4087999999999, 116.36976799999994, 195.52, 98.36, 1.68
193, 558.8052, 117.14031699999992, 196.23, 99.35, 1.48
194, 558.2016, 118.13183200000002, 196.88, 100.78, 1.11
195, 557.598, 119.61149299999997, 198.27, 102.49, 1.64
196, 556.9943999999999, 120.32848600000001, 198.54, 103.64, 1.3
197, 556.3907999999999, 121.26260800000009, 199.32, 104.84, 1.27
198, 555.7872, 122.6494570000001, 200.03, 106.81, 1.43
199, 555.1836, 123.48274200000003, 200.58, 108.0, 1.17
200, 554.5799999999999, 124.73651000000004, 201.4, 109.73, 1.11
201, 553.9764, 125.97590199999999, 202.28, 111.37, 1.23
202, 553.3728, 127.47483500000003, 203.25, 113.35, 1.64
203, 552.7692, 128.56578399999995, 203.96, 114.88, 1.47
204, 552.1655999999999, 129.81013599999994, 204.64, 116.64, 1.54
205, 551.5619999999999, 130.67577499999996, 205.05, 117.97, 1.21
206, 550.9584, 131.63348299999993, 205.67, 119.28, 1.24
207, 550.3548, 132.92283899999998, 206.81, 120.83, 1.58
208, 549.7511999999999, 133.86415400000004, 207.26, 122.22, 1.5
209, 549.1476, 134.78364100000005, 207.89, 123.52, 1.22
210, 548.544, 135.802315, 208.35, 125.06, 1.02
211, 547.9404, 136.807182, 208.98, 126.42, 1.18
212, 547.3367999999999, 138.01577299999994, 209.47, 128.21, 1.28
213, 546.7331999999999, 139.07360800000004, 210.22, 129.57, 1.59
214, 546.1296, 140.20569100000003, 210.79, 131.22, 1.53
215, 545.526, 141.25271400000003, 211.46, 132.68, 1.44
216, 544.9223999999999, 142.596842, 212.38, 134.48, 1.55
217, 544.3188, 143.23854099999997, 212.69, 135.46, 1.32
218, 543.7152, 143.96439199999998, 213.28, 136.4, 1.3
219, 543.1116, 144.94260500000004, 213.65, 137.88, 1.29
220, 542.5079999999999, 145.97201299999995, 214.27, 139.25, 1.64
221, 541.9043999999999, 146.82797499999998, 214.55, 140.62, 1.36
222, 541.3008, 148.04824700000003, 215.33, 142.29, 1.42
223, 540.6972, 149.08893700000002, 215.73, 143.9, 1.21
224, 540.0935999999999, 150.036766, 215.94, 145.4, 1.25
225, 539.49, 151.22967499999996, 216.45, 147.19, 1.16
226, 538.8864, 152.912366, 217.54, 149.42, 1.58
227, 538.2828, 154.25382500000006, 218.15, 151.35, 1.81
228, 537.6791999999999, 155.467948, 218.82, 153.05, 1.95
229, 537.0755999999999, 156.35792600000002, 218.94, 154.54, 1.77
230, 536.472, 157.35373699999994, 219.33, 156.1, 1.45
231, 535.8684, 158.1100139999999, 219.36, 157.41, 1.26
232, 535.2647999999999, 159.16939299999993, 219.87, 158.99, 1.08
233, 534.6612, 159.88314699999998, 220.03, 160.14, 1.0
234, 534.0576, 161.0096049999999, 220.65, 161.72, 1.12
235, 533.454, 162.09039599999994, 221.24, 163.22, 1.33
236, 532.8503999999999, 163.29378100000002, 221.79, 164.99, 1.33
237, 532.2467999999999, 164.143672, 222.28, 166.2, 1.27
238, 531.6432, 165.17534899999998, 223.01, 167.58, 1.3
239, 531.0396, 165.88700699999998, 223.33, 168.61, 1.4
240, 530.4359999999999, 166.668277, 223.73, 169.78, 1.18
241, 529.8324, 167.488631, 224.19, 170.92, 1.3
242, 529.2288, 168.494392, 224.68, 172.38, 1.32
243, 528.6252, 169.52805399999997, 225.36, 173.75, 1.55
244, 528.0215999999999, 170.18928999999991, 225.6, 174.83, 1.16
245, 527.4179999999999, 171.22604999999993, 226.4, 176.15, 1.36
246, 526.8144, 172.29885, 227.1, 177.66, 1.16
247, 526.2108, 173.227297, 227.53, 178.98, 1.38
248, 525.6071999999999, 174.236464, 227.86, 180.57, 1.18
249, 525.0036, 174.77877099999998, 227.79, 181.58, 0.92
250, 524.4, 175.52865499999993, 228.15, 182.68, 0.89
251, 523.7964, 176.2986889999999, 228.41, 183.84, 0.99
252, 523.1927999999999, 177.08020299999995, 228.77, 184.99, 0.98
253, 522.5891999999999, 177.9243419999999, 229.08, 186.21, 1.29
254, 521.9856, 178.46124099999994, 229.19, 187.09, 1.18
255, 521.382, 179.311445, 229.15, 188.45, 1.74
256, 520.7783999999999, 180.045521, 229.39, 189.59, 1.68
257, 520.1748, 180.90187199999997, 229.28, 191.0, 2.22
258, 519.5712, 181.56170199999988, 229.08, 192.29, 1.89
259, 518.9676, 182.49316200000004, 229.08, 193.77, 2.44
260, 518.3639999999999, 182.816996, 228.44, 194.7, 2.17
261, 517.7603999999999, 183.50770899999992, 228.21, 195.92, 2.55
262, 517.1568, 184.55127100000004, 228.19, 197.64, 2.9
263, 516.5532, 184.98971199999997, 227.68, 198.6, 3.14
264, 515.9495999999999, 185.46257499999996, 227.35, 199.56, 3.21
265, 515.346, 186.24098300000003, 227.27, 200.82, 3.76
266, 514.7424, 186.70839299999997, 227.17, 201.64, 3.9
267, 514.1388, 187.44632300000004, 226.97, 202.83, 4.77
268, 513.5351999999999, 188.20572899999996, 226.61, 204.14, 5.63
269, 512.9315999999999, 188.73818999999992, 225.8, 205.31, 6.4
270, 512.328, 189.37643899999995, 225.31, 206.54, 6.95
271, 511.72439999999995, 189.889826, 224.44, 207.71, 7.71
272, 511.1207999999999, 190.564146, 224.44, 208.75, 8.27
273, 510.51719999999995, 191.327136, 223.54, 210.31, 9.29
274, 509.9136, 192.12236599999994, 223.44, 211.57, 10.04
275, 509.30999999999995, 192.88501999999988, 222.5, 213.21, 10.75
276, 508.7063999999999, 193.38674, 222.2, 214.2, 10.84
277, 508.10279999999995, 193.71258199999994, 220.58, 215.58, 10.84
278, 507.4992, 194.07879700000004, 219.73, 216.66, 10.72
279, 506.89559999999994, 194.51140799999996, 217.92, 218.34, 10.61
280, 506.2919999999999, 195.127138, 216.92, 219.97, 10.24
281, 505.68839999999994, 195.65593499999994, 215.35, 221.68, 10.19
282, 505.0848, 195.89203800000007, 214.32, 222.63, 10.07
283, 504.48119999999994, 196.47449799999993, 212.72, 224.47, 9.9
284, 503.8775999999999, 196.8890400000001, 211.0, 226.12, 9.55
285, 503.27399999999994, 197.47676600000014, 209.14, 228.08, 9.49
286, 502.6704, 198.317368, 208.22, 229.93, 9.75
287, 502.06679999999994, 199.19435399999992, 206.46, 232.26, 10.06
288, 501.4631999999999, 200.05753999999982, 204.4, 234.56, 11.19
289, 500.85959999999994, 200.89907900000003, 202.41, 236.77, 12.41
290, 500.256, 201.65914199999992, 200.78, 238.52, 14.34
291, 499.65239999999994, 202.385409, 198.61, 240.4, 16.72
292, 499.0487999999999, 202.51723400000003, 196.36, 241.31, 19.09
293, 498.44519999999994, 202.40173199999998, 193.38, 242.25, 21.05
294, 497.84159999999997, 202.54953900000007, 190.91, 243.14, 24.24
295, 497.23799999999994, 202.266927, 187.43, 243.98, 26.56
296, 496.6343999999999, 201.82070399999986, 184.26, 244.23, 29.67
297, 496.03079999999994, 201.702163, 181.27, 245.1, 31.99
298, 495.42719999999997, 201.44647400000002, 179.16, 245.23, 34.61
299, 494.82359999999994, 201.03716100000003, 175.79, 245.87, 36.56
300, 494.2199999999999, 200.8083280000001, 172.32, 246.68, 39.48
301, 493.61639999999994, 200.57866999999996, 169.2, 247.39, 41.99
302, 493.01279999999997, 200.18228500000004, 167.25, 247.16, 44.81
303, 492.40919999999994, 199.635043, 163.87, 247.44, 47.43
304, 491.8055999999999, 199.37527999999998, 160.8, 247.78, 51.45
305, 491.20199999999994, 198.970655, 157.45, 248.21, 54.47
306, 490.59839999999997, 198.56395200000009, 154.78, 248.23, 57.8
307, 489.99479999999994, 198.26508299999998, 151.87, 248.62, 60.8
308, 489.3911999999999, 197.80695499999993, 149.55, 248.38, 64.1
309, 488.78759999999994, 197.59891299999998, 146.97, 248.78, 66.98
310, 488.18399999999997, 197.22728399999988, 144.96, 248.58, 70.02
311, 487.58039999999994, 196.97442499999997, 142.35, 248.95, 72.74
312, 486.9767999999999, 196.601501, 140.19, 248.83, 75.75
313, 486.37319999999994, 196.49401300000005, 138.07, 249.27, 78.1
314, 485.76959999999997, 196.1315939999999, 136.66, 248.92, 80.42
315, 485.16599999999994, 195.84340600000004, 134.64, 249.11, 82.21
316, 484.5623999999999, 196.00808500000002, 133.25, 249.64, 84.57
317, 483.95879999999994, 195.18442599999997, 130.84, 249.33, 85.26
318, 483.35519999999997, 194.90063599999996, 129.54, 249.19, 86.9
319, 482.75159999999994, 194.58834200000013, 127.48, 249.47, 88.12
320, 482.1479999999999, 194.35670999999988, 125.8, 249.49, 90.39
321, 481.54439999999994, 194.20650500000002, 123.45, 250.12, 91.99
322, 480.94079999999997, 193.70602200000005, 121.38, 249.9, 94.16
323, 480.33719999999994, 193.10994500000012, 118.55, 250.11, 95.27
324, 479.7335999999999, 192.447107, 116.33, 249.75, 97.13
325, 479.12999999999994, 191.965001, 113.49, 250.0, 99.06
326, 478.52639999999997, 191.5673649999999, 111.25, 249.9, 101.96
327, 477.92279999999994, 191.24101300000007, 108.47, 250.21, 104.79
328, 477.3191999999999, 191.02112000000005, 106.4, 250.2, 108.34
329, 476.71559999999994, 190.90623000000008, 104.1, 250.62, 111.2
330, 476.11199999999997, 190.63906999999992, 102.7, 250.4, 113.66
331, 475.50839999999994, 190.2728899999999, 100.4, 250.59, 115.5
332, 474.9047999999999, 190.00868199999996, 98.28, 250.73, 118.02
333, 474.30119999999994, 189.40839799999995, 95.92, 250.61, 119.56
334, 473.69759999999997, 188.99885200000006, 93.98, 250.57, 121.26
335, 473.09399999999994, 188.4703320000001, 91.38, 250.71, 122.72
336, 472.4903999999999, 187.90931399999997, 88.66, 250.78, 124.57
337, 471.88679999999994, 187.22336300000006, 85.47, 250.96, 125.99
338, 471.28319999999997, 186.55248099999997, 82.69, 250.92, 127.6
339, 470.67959999999994, 185.83052899999998, 79.71, 250.99, 128.72
340, 470.0759999999999, 185.1933090000001, 77.01, 250.92, 130.57
341, 469.47239999999994, 184.114532, 73.38, 250.75, 131.5
342, 468.86879999999996, 183.4543980000001, 70.52, 250.67, 133.62
343, 468.26519999999994, 182.81130399999998, 67.06, 251.01, 135.3
344, 467.6615999999999, 182.0879239999999, 63.96, 250.96, 137.34
345, 467.05799999999994, 181.439118, 60.92, 251.09, 138.95
346, 466.45439999999996, 181.0494380000001, 58.72, 251.09, 141.3
347, 465.85079999999994, 180.07374699999988, 55.53, 250.79, 142.65
348, 465.2471999999999, 179.42270199999996, 52.48, 250.83, 144.73
349, 464.64359999999994, 178.67139100000003, 49.09, 250.95, 146.41
350, 464.03999999999996, 177.83680200000003, 45.78, 250.8, 148.54
351, 463.43639999999994, 176.9335159999999, 42.24, 250.72, 150.31
352, 462.8327999999999, 176.136796, 38.94, 250.61, 152.54
353, 462.22919999999993, 175.17338299999994, 34.97, 250.53, 154.91
354, 461.62559999999996, 173.910755, 30.75, 250.12, 157.01
355, 461.02199999999993, 172.56680699999993, 25.93, 249.91, 158.94
356, 460.4183999999999, 171.21352000000002, 21.2, 249.58, 161.17
357, 459.81479999999993, 170.01325299999993, 16.27, 249.63, 163.31
358, 459.21119999999996, 169.00974900000008, 11.91, 249.69, 165.63
359, 458.60759999999993, 167.64377799999994, 7.62, 249.26, 167.11
360, 458.0039999999999, 167.01579099999995, 4.69, 249.15, 169.85
361, 457.40039999999993, 166.754006, 2.74, 249.26, 172.1
362, 456.79679999999996, 166.74685899999994, 2.51, 248.86, 174.7
363, 456.19319999999993, 166.89874399999997, 2.16, 248.86, 176.95
364, 455.5895999999999, 166.96459999999996, 2.0, 248.64, 179.08
365, 454.98599999999993, 166.89563600000002, 1.74, 248.35, 180.65
366, 454.38239999999996, 166.61715499999994, 1.85, 247.47, 182.45
367, 453.77879999999993, 166.30391700000004, 1.83, 246.63, 184.08
368, 453.1751999999999, 165.97703499999997, 1.75, 245.64, 186.52
369, 452.57159999999993, 165.81175800000005, 1.82, 244.88, 188.8
370, 451.96799999999996, 165.74785700000004, 2.13, 244.12, 191.34
371, 451.36439999999993, 165.593582, 2.18, 243.42, 193.46
372, 450.7607999999999, 165.14500500000005, 2.05, 242.32, 195.53
373, 450.15719999999993, 164.76906200000005, 1.98, 241.42, 197.05
374, 449.55359999999996, 163.60430099999994, 1.59, 239.31, 198.72
375, 448.94999999999993, 162.97745599999996, 1.44, 238.0, 200.36
376, 448.3463999999999, 162.25819399999997, 1.56, 236.23, 202.85
377, 447.74279999999993, 162.01863100000003, 1.69, 235.41, 204.63
378, 447.13919999999996, 161.60286100000005, 1.89, 234.26, 206.38
379, 446.53559999999993, 161.00769699999998, 1.43, 233.29, 207.36
380, 445.9319999999999, 160.5603260000001, 1.24, 232.31, 208.98
381, 445.32839999999993, 159.71215399999994, 0.66, 231.04, 209.6
382, 444.72479999999996, 159.54523600000007, 1.54, 229.89, 211.75
383, 444.12119999999993, 158.81071899999995, 1.21, 228.63, 212.66
384, 443.51759999999996, 157.81125, 1.5, 226.5, 214.1
385, 442.914, 157.0720369999999, 1.23, 225.25, 214.76
386, 442.31039999999996, 156.071585, 1.45, 223.22, 215.86
387, 441.70679999999993, 155.48411199999998, 1.08, 222.26, 216.62
388, 441.10319999999996, 154.66448699999998, 1.03, 220.66, 217.8
389, 440.4996, 154.27945999999997, 0.8, 219.96, 218.63
390, 439.89599999999996, 153.45821700000005, 1.03, 218.17, 220.04
391, 439.29239999999993, 152.86498200000005, 0.68, 217.19, 220.8
392, 438.68879999999996, 152.10268700000003, 1.23, 215.32, 222.3
393, 438.0852, 151.35512500000002, 0.95, 214.09, 222.81
394, 437.48159999999996, 150.29147400000002, 1.06, 212.02, 223.85
395, 436.87799999999993, 149.49957300000003, 0.87, 210.69, 224.25
396, 436.27439999999996, 148.76762799999997, 1.12, 209.04, 225.67
397, 435.6708, 147.85184099999995, 0.69, 207.66, 225.87
398, 435.06719999999996, 146.921891, 0.89, 205.77, 226.92
399, 434.46359999999993, 146.14348399999994, 0.76, 204.38, 227.59
400, 433.85999999999996, 145.29692699999995, 1.23, 202.38, 229.23
401, 433.2564, 144.18503800000008, 0.82, 200.58, 229.82
402, 432.65279999999996, 143.0503489999999, 1.21, 198.26, 230.79
403, 432.0491999999999, 141.88158399999992, 0.76, 196.5, 230.78
404, 431.44559999999996, 140.70324900000006, 0.91, 194.29, 231.43
405, 430.842, 139.813178, 0.62, 192.9, 231.54
406, 430.23839999999996, 138.7572779999999, 1.02, 190.68, 232.66
407, 429.6347999999999, 138.04248999999996, 1.1, 189.34, 233.08
408, 429.03119999999996, 137.023795, 1.45, 187.17, 234.4
409, 428.4276, 135.79016999999993, 1.0, 185.35, 234.13
410, 427.82399999999996, 134.64972, 1.1, 183.23, 234.78
411, 427.2203999999999, 133.43082600000002, 0.84, 181.35, 234.45
412, 426.61679999999996, 132.09925500000006, 1.15, 178.78, 235.19
413, 426.0132, 130.860038, 0.72, 176.95, 234.87
414, 425.40959999999995, 129.8949310000001, 0.99, 174.98, 235.84
415, 424.8059999999999, 128.49580800000004, 0.72, 172.8, 235.5
416, 424.20239999999995, 127.06170099999997, 0.89, 170.08, 236.48
417, 423.5988, 126.09918600000003, 1.24, 168.13, 237.16
418, 422.99519999999995, 124.17545400000003, 1.16, 164.81, 237.59
419, 422.3915999999999, 122.65304700000004, 1.13, 162.29, 237.29
420, 421.78799999999995, 121.00468099999996, 1.29, 159.28, 237.91
421, 421.1844, 118.82974800000002, 0.62, 156.05, 237.22
422, 420.58079999999995, 116.95094299999997, 0.77, 152.67, 237.75
423, 419.9771999999999, 115.67415899999997, 0.71, 150.44, 238.19
424, 419.37359999999995, 114.08812499999995, 0.95, 147.41, 239.25
425, 418.7699999999999, 113.04692799999997, 0.82, 145.65, 239.52
426, 418.16639999999995, 112.32472400000006, 1.36, 143.9, 240.78
427, 417.5627999999999, 110.29630900000001, 0.71, 140.89, 240.19
428, 416.95919999999995, 108.80396000000002, 0.7, 138.11, 241.44
429, 416.3555999999999, 107.24586200000007, 0.88, 135.23, 242.13
430, 415.75199999999995, 105.41798600000004, 0.84, 131.95, 243.09
431, 415.1483999999999, 103.30638599999995, 0.84, 128.31, 243.31
432, 414.54479999999995, 101.50121499999995, 0.85, 124.95, 244.75
433, 413.9411999999999, 100.01121099999999, 0.69, 122.33, 245.59
434, 413.33759999999995, 98.21307099999999, 0.69, 119.09, 246.5
435, 412.7339999999999, 96.4048, 0.7, 115.95, 246.78
436, 412.13039999999995, 94.15039400000002, 0.86, 111.96, 247.13
437, 411.5267999999999, 91.61749600000003, 0.74, 107.71, 247.11
438, 410.92319999999995, 88.85247799999999, 0.82, 102.92, 247.31
439, 410.3195999999999, 85.81718900000006, 0.71, 97.71, 247.8
440, 409.71599999999995, 82.93074099999998, 1.19, 92.29, 249.13
441, 409.1123999999999, 79.629639, 1.01, 86.69, 249.48
442, 408.50879999999995, 76.11339800000003, 0.72, 80.83, 249.57
443, 407.9051999999999, 72.96274699999998, 0.83, 75.36, 249.81
444, 407.30159999999995, 69.85826699999998, 1.23, 69.72, 250.57
445, 406.6979999999999, 65.70069, 0.8, 62.93, 250.19
446, 406.09439999999995, 62.05912500000005, 1.15, 56.35, 251.21
447, 405.4907999999999, 58.04195700000001, 0.93, 49.5, 251.82
448, 404.88719999999995, 53.213082999999976, 1.07, 41.08, 252.45
449, 404.2835999999999, 48.319138000000024, 1.22, 32.68, 252.38
450, 403.67999999999995, 42.48565499999999, 1.15, 22.84, 252.06
451, 403.0763999999999, 37.69989699999998, 0.73, 15.0, 251.55
452, 402.47279999999995, 34.02398199999999, 0.98, 8.56, 251.81
453, 401.8691999999999, 31.529691000000003, 0.89, 4.31, 252.05
454, 401.26559999999995, 30.214985999999982, 1.04, 1.79, 253.1
455, 400.6619999999999, 29.79003400000001, 1.16, 0.97, 253.28
456, 400.05839999999995, 29.779960999999975, 1.19, 0.99, 253.01
457, 399.4547999999999, 29.788190999999998, 1.29, 0.99, 252.82
458, 398.85119999999995, 29.48226000000001, 1.4, 0.44, 252.68
459, 398.2475999999999, 29.687895000000005, 1.65, 0.63, 252.85
460, 397.64399999999995, 29.777033999999993, 1.56, 0.75, 253.25
461, 397.0403999999999, 29.632040000000007, 1.4, 0.6, 253.17
462, 396.43679999999995, 29.692516, 1.54, 0.69, 252.87
463, 395.8331999999999, 29.727242999999994, 1.57, 0.73, 252.89
464, 395.22959999999995, 29.583916, 1.44, 0.62, 252.54
465, 394.6259999999999, 29.862147000000004, 1.73, 0.89, 252.83
466, 394.02239999999995, 29.74172700000001, 1.53, 0.81, 252.71
467, 393.4187999999999, 29.60283500000001, 1.35, 0.7, 252.53
468, 392.81519999999995, 29.65988600000001, 1.44, 0.73, 252.64
469, 392.2115999999999, 29.579894000000003, 1.36, 0.65, 252.56
470, 391.60799999999995, 29.654448000000013, 1.52, 0.68, 252.64
471, 391.0043999999999, 29.61445200000001, 1.48, 0.64, 252.6
472, 390.40079999999995, 29.63016299999998, 1.47, 0.6, 252.97
473, 389.7971999999999, 29.631903999999995, 1.46, 0.61, 252.96
474, 389.19359999999995, 29.63233100000001, 1.49, 0.51, 253.4
475, 388.5899999999999, 29.822481999999994, 1.68, 0.71, 253.54
476, 387.98639999999995, 29.702191000000003, 1.49, 0.73, 252.88
477, 387.3827999999999, 29.675614000000028, 1.46, 0.7, 252.88
478, 386.77919999999995, 29.613771000000014, 1.39, 0.64, 252.83
479, 386.1755999999999, 29.676107000000002, 1.43, 0.72, 252.86
480, 385.57199999999995, 29.762218000000004, 1.52, 0.85, 252.71
481, 384.9683999999999, 29.643370000000022, 1.4, 0.73, 252.6
482, 384.36479999999995, 29.646139000000016, 1.41, 0.65, 253.01
483, 383.7611999999999, 29.673748000000025, 1.42, 0.69, 253.02
484, 383.15759999999995, 29.68504200000002, 1.58, 0.62, 253.06
485, 382.5539999999999, 29.785741000000016, 1.69, 0.72, 253.14
486, 381.95039999999995, 29.632059000000023, 1.61, 0.53, 252.98
487, 381.3467999999999, 29.50142500000001, 1.45, 0.42, 252.82
488, 380.74319999999994, 29.65335399999999, 1.56, 0.65, 252.68
489, 380.1395999999999, 29.622217, 1.53, 0.62, 252.64
490, 379.53599999999994, 29.619689000000015, 1.21, 0.8, 252.53
491, 378.9323999999999, 29.77260100000001, 1.39, 0.93, 252.73
492, 378.32879999999994, 29.62007400000001, 1.56, 0.57, 252.8
493, 377.7251999999999, 29.571820000000017, 1.5, 0.53, 252.74
494, 377.12159999999994, 29.630135000000013, 1.55, 0.6, 252.76
495, 376.5179999999999, 29.562592000000006, 1.48, 0.54, 252.66
496, 375.91439999999994, 29.571882000000002, 1.48, 0.55, 252.69
497, 375.3107999999999, 29.517327, 1.43, 0.5, 252.6
498, 374.70719999999994, 29.559881000000008, 1.49, 0.54, 252.61
499, 374.1035999999999, 29.624605000000017, 1.55, 0.61, 252.66
500, 373.49999999999994, 29.52386, 1.4, 0.54, 252.53
501, 372.8963999999999, 29.645635000000023, 1.55, 0.64, 252.69
502, 372.29279999999994, 29.611724000000013, 1.46, 0.63, 252.68
503, 371.6891999999999, 29.61759400000001, 1.46, 0.64, 252.68
504, 371.08559999999994, 29.730061999999997, 1.58, 0.72, 252.94
505, 370.4819999999999, 29.643059999999995, 1.5, 0.63, 252.85
506, 369.87839999999994, 29.502086999999992, 1.33, 0.49, 252.78
507, 369.2747999999999, 29.52778499999998, 1.35, 0.51, 252.85
508, 368.67119999999994, 29.805830000000004, 1.3, 0.98, 253.0
509, 368.0675999999999, 29.61155000000001, 1.1, 0.78, 252.85
510, 367.46399999999994, 29.897686000000004, 1.74, 0.86, 253.27
511, 366.8603999999999, 29.759010000000018, 1.6, 0.73, 253.09
512, 366.25679999999994, 29.51450299999997, 1.37, 0.45, 252.99
513, 365.65319999999997, 29.553851999999985, 1.38, 0.51, 253.0
514, 365.04959999999994, 29.735593000000005, 1.67, 0.67, 253.01
515, 364.44599999999997, 29.699186999999974, 1.63, 0.64, 252.95
516, 363.84239999999994, 29.632010999999988, 1.39, 0.64, 252.99
517, 363.23879999999997, 29.543039999999998, 1.3, 0.61, 252.6
518, 362.63519999999994, 29.40870100000001, 1.19, 0.61, 251.71
519, 362.03159999999997, 29.247881000000017, 1.09, 0.62, 250.51
520, 361.42799999999994, 29.170877, 1.23, 0.67, 249.21
521, 360.82439999999997, 28.948757, 1.03, 0.71, 247.58
522, 360.22079999999994, 28.696998000000008, 1.32, 0.45, 245.95
523, 359.61719999999997, 28.379269999999988, 1.0, 0.53, 243.59
524, 359.01359999999994, 28.10999599999998, 0.84, 0.58, 241.39
525, 358.40999999999997, 27.844714999999997, 0.75, 0.64, 238.99
526, 357.80639999999994, 27.63219699999999, 1.03, 0.45, 237.37
527, 357.20279999999997, 27.45112699999999, 0.93, 0.61, 235.22
528, 356.59919999999994, 27.104406000000004, 1.04, 0.41, 232.92
529, 355.99559999999997, 26.862438999999977, 0.91, 0.6, 230.16
530, 355.39199999999994, 26.713103999999994, 1.36, 0.4, 228.7
531, 354.78839999999997, 26.42520800000001, 1.12, 0.56, 225.98
532, 354.18479999999994, 26.052583999999992, 1.06, 0.35, 223.95
533, 353.58119999999997, 25.752421, 0.79, 0.45, 221.51
534, 352.97759999999994, 25.55131099999999, 0.99, 0.46, 219.17
535, 352.37399999999997, 25.23908499999998, 0.75, 0.53, 216.7
536, 351.77039999999994, 24.97822899999999, 1.21, 0.3, 214.39
537, 351.16679999999997, 24.75076999999999, 1.0, 0.47, 212.07
538, 350.56319999999994, 24.532445999999997, 1.44, 0.21, 210.34
539, 349.95959999999997, 24.350048999999984, 1.31, 0.35, 208.36
540, 349.35599999999994, 24.167115000000003, 1.35, 0.42, 206.29
541, 348.75239999999997, 23.966626999999985, 1.23, 0.46, 204.64
542, 348.14879999999994, 23.774460999999988, 1.69, 0.18, 203.19
543, 347.54519999999997, 23.531248999999985, 1.51, 0.17, 201.58
544, 346.94159999999994, 23.66968300000001, 1.77, 0.59, 199.95
545, 346.33799999999997, 23.219110999999998, 1.29, 0.43, 198.08
546, 345.73439999999994, 22.955318999999996, 1.31, 0.32, 196.28
547, 345.13079999999997, 22.760123999999998, 1.16, 0.26, 195.27
548, 344.52719999999994, 22.680173999999983, 1.06, 0.4, 194.11
549, 343.92359999999996, 22.506932999999993, 0.87, 0.39, 193.14
550, 343.31999999999994, 22.40501400000001, 0.96, 0.39, 192.01
551, 342.71639999999996, 22.348926000000006, 0.94, 0.46, 191.21
552, 342.11279999999994, 22.28162800000002, 1.22, 0.43, 190.04
553, 341.50919999999996, 22.02252500000001, 0.95, 0.33, 188.99
554, 340.90559999999994, 21.829244000000013, 1.06, 0.17, 187.83
555, 340.30199999999996, 21.835372000000003, 1.08, 0.38, 186.75
556, 339.69839999999994, 21.62260100000001, 0.99, 0.31, 185.48
557, 339.09479999999996, 21.507754999999996, 0.95, 0.36, 184.32
558, 338.49119999999994, 21.376389000000014, 0.91, 0.31, 183.53
559, 337.88759999999996, 21.247551000000023, 0.79, 0.34, 182.56
560, 337.28399999999993, 21.118158000000008, 0.72, 0.33, 181.66
561, 336.68039999999996, 20.933331000000013, 0.59, 0.26, 180.74
562, 336.07679999999993, 20.875705000000004, 0.55, 0.39, 179.67
563, 335.47319999999996, 20.776524, 0.46, 0.43, 178.83
564, 334.86959999999993, 20.828301, 0.79, 0.49, 178.11
565, 334.26599999999996, 20.677181000000015, 0.69, 0.4, 177.51
566, 333.66239999999993, 20.52174100000002, 0.89, 0.28, 176.24
567, 333.05879999999996, 20.28751900000001, 0.61, 0.21, 175.28
568, 332.45519999999993, 20.343799999999998, 1.1, 0.27, 174.18
569, 331.85159999999996, 20.271564999999995, 1.05, 0.32, 173.42
570, 331.24799999999993, 20.04042499999998, 0.95, 0.15, 172.53
571, 330.64439999999996, 19.934171999999986, 0.88, 0.16, 171.73
572, 330.04079999999993, 19.875435999999993, 0.94, 0.21, 170.8
573, 329.43719999999996, 19.924113999999985, 1.06, 0.36, 170.14
574, 328.83359999999993, 19.77407699999999, 1.03, 0.31, 169.16
575, 328.22999999999996, 19.59666199999999, 0.88, 0.29, 168.1
576, 327.62639999999993, 19.512619, 1.01, 0.37, 166.61
577, 327.02279999999996, 19.38922, 0.9, 0.41, 165.61
578, 326.41919999999993, 19.212641, 0.99, 0.31, 164.34
579, 325.81559999999996, 19.236068, 1.02, 0.49, 163.54
580, 325.21199999999993, 19.19931799999999, 1.32, 0.43, 162.74
581, 324.60839999999996, 18.90387099999999, 0.99, 0.32, 161.58
582, 324.00479999999993, 18.815896, 1.34, 0.19, 160.56
583, 323.40119999999996, 18.661166000000016, 1.24, 0.29, 158.95
584, 322.79759999999993, 18.579986000000005, 1.24, 0.41, 157.62
585, 322.19399999999996, 18.35960799999999, 1.12, 0.42, 155.95
586, 321.59039999999993, 18.168757000000006, 0.93, 0.38, 154.98
587, 320.98679999999996, 17.98125600000001, 0.74, 0.47, 153.37
588, 320.38319999999993, 18.014891, 1.29, 0.49, 152.12
589, 319.77959999999996, 17.695175000000003, 1.15, 0.44, 149.94
590, 319.17599999999993, 17.477014000000008, 1.36, 0.21, 148.66
591, 318.57239999999996, 17.131582, 1.08, 0.17, 146.57
592, 317.96879999999993, 17.063592999999997, 1.47, 0.11, 145.26
593, 317.36519999999996, 16.877197000000006, 1.43, 0.31, 142.7
594, 316.76159999999993, 16.772077, 1.83, 0.17, 141.45
595, 316.15799999999996, 16.412367000000007, 1.43, 0.26, 138.88
596, 315.55439999999993, 16.163331000000003, 1.29, 0.21, 137.32
597, 314.95079999999996, 15.915983, 1.17, 0.31, 134.95
598, 314.34719999999993, 15.836361000000002, 1.49, 0.26, 133.67
599, 313.74359999999996, 15.456641999999999, 1.18, 0.34, 130.74
600, 313.13999999999993, 15.199552000000004, 1.08, 0.32, 128.85
601, 312.53639999999996, 14.733597000000016, 0.63, 0.27, 126.2
602, 311.93279999999993, 14.522848000000009, 0.82, 0.09, 124.78
603, 311.32919999999996, 14.444652999999995, 0.77, 0.46, 122.32
604, 310.72559999999993, 14.16579699999999, 0.83, 0.37, 120.18
605, 310.12199999999996, 13.913796999999999, 0.63, 0.53, 117.67
606, 309.51839999999993, 13.590239999999996, 0.7, 0.25, 116.09
607, 308.91479999999996, 13.250285000000002, 0.45, 0.34, 113.3
608, 308.31119999999993, 13.072993000000006, 0.87, 0.23, 111.21
609, 307.70759999999996, 12.91515100000001, 0.79, 0.6, 108.13
610, 307.1039999999999, 12.807023999999998, 1.76, 0.32, 106.08
611, 306.50039999999996, 12.434484999999993, 1.45, 0.42, 103.11
612, 305.8967999999999, 12.252887999999999, 1.32, 0.54, 101.24
613, 305.29319999999996, 12.170642000000008, 1.18, 0.98, 98.62
614, 304.6895999999999, 12.371782999999999, 1.67, 1.38, 97.04
615, 304.08599999999996, 12.163033000000002, 1.47, 1.67, 94.24
616, 303.4823999999999, 12.546573, 1.77, 2.46, 92.75
617, 302.87879999999996, 12.504445000000002, 1.85, 2.8, 90.42
618, 302.2751999999999, 13.070102000000002, 2.38, 3.62, 89.77
619, 301.67159999999996, 12.952744000000001, 2.26, 3.99, 87.15
620, 301.0679999999999, 13.250407999999998, 2.32, 4.82, 85.33
621, 300.46439999999996, 13.704857999999993, 2.72, 5.81, 83.17
622, 299.8607999999999, 13.926017999999994, 2.92, 6.25, 82.32
623, 299.25719999999995, 14.475881999999995, 3.48, 7.29, 80.32
624, 298.6535999999999, 14.678236999999998, 3.53, 7.92, 78.72
625, 298.04999999999995, 15.065842000000016, 3.98, 8.86, 76.1
626, 297.4463999999999, 15.675998000000002, 4.62, 9.76, 75.14
627, 296.84279999999995, 15.572489999999991, 4.5, 10.14, 72.59
628, 296.2391999999999, 15.793957999999991, 4.82, 10.5, 71.84
629, 295.63559999999995, 15.516243000000008, 4.57, 10.63, 69.39
630, 295.0319999999999, 15.59771200000001, 4.68, 10.94, 68.22
631, 294.42839999999995, 15.689860000000005, 4.8, 11.3, 66.86
632, 293.8247999999999, 16.391683000000004, 5.67, 12.14, 66.41
633, 293.22119999999995, 16.713214000000008, 5.96, 12.61, 66.05
634, 292.6175999999999, 16.689532999999994, 6.07, 12.77, 64.73
635, 292.01399999999995, 16.797573999999994, 6.16, 13.05, 64.0
636, 291.4103999999999, 16.438798000000006, 5.92, 12.93, 62.1
637, 290.80679999999995, 16.530061999999997, 5.98, 13.22, 61.25
638, 290.2031999999999, 16.950813000000014, 6.47, 13.73, 61.03
639, 289.59959999999995, 17.208557000000017, 6.73, 14.06, 60.91
640, 288.9959999999999, 17.174473000000006, 6.67, 14.25, 59.79
641, 288.39239999999995, 17.597271000000006, 7.09, 14.77, 59.72
642, 287.7887999999999, 17.86455899999999, 7.41, 15.21, 58.96
643, 287.18519999999995, 17.75216999999999, 7.3, 15.16, 58.52
644, 286.5815999999999, 17.983607999999993, 7.62, 15.57, 57.6
645, 285.97799999999995, 17.89304899999999, 7.51, 15.53, 57.3
646, 285.3743999999999, 18.088882, 7.88, 15.85, 56.4
647, 284.77079999999995, 18.03043000000001, 7.8, 15.83, 56.2
648, 284.1671999999999, 18.025495000000006, 7.95, 15.92, 55.3
649, 283.56359999999995, 17.88879200000001, 7.78, 15.83, 55.01
650, 282.9599999999999, 18.028845000000004, 7.95, 16.05, 54.66
651, 282.35639999999995, 18.024857, 7.93, 16.1, 54.42
652, 281.7527999999999, 18.237081, 8.29, 16.42, 53.69
653, 281.14919999999995, 18.518441999999993, 8.58, 16.74, 53.75
654, 280.5455999999999, 18.69975500000001, 8.75, 17.04, 53.35
655, 279.94199999999995, 18.421263000000007, 8.47, 16.78, 52.98
656, 279.3383999999999, 18.45182599999999, 8.64, 16.93, 52.03
657, 278.73479999999995, 18.917281, 9.09, 17.42, 52.41
658, 278.1311999999999, 18.739521999999997, 8.98, 17.28, 51.86
659, 277.52759999999995, 19.028091999999994, 9.28, 17.58, 52.06
660, 276.9239999999999, 18.786506999999993, 9.33, 17.31, 51.2
661, 276.32039999999995, 18.761040999999988, 9.29, 17.32, 51.03
662, 275.7167999999999, 18.732422999999994, 9.47, 17.3, 50.41
663, 275.11319999999995, 18.734612000000013, 9.48, 17.32, 50.3
664, 274.5095999999999, 18.818170999999996, 9.69, 17.47, 49.71
665, 273.90599999999995, 19.02587, 9.9, 17.68, 49.9
666, 273.3023999999999, 19.183071000000012, 10.29, 17.79, 49.69
667, 272.69879999999995, 19.354704000000012, 10.46, 17.99, 49.72
668, 272.0951999999999, 19.605108, 10.82, 18.41, 48.81
669, 271.49159999999995, 0.0, 0.0, 0.0, 0.0
670, 270.8879999999999, 0.0, 0.0, 0.0, 0.0
671, 270.28439999999995, 0.0, 0.0, 0.0, 0.0
672, 269.6807999999999, 0.0, 0.0, 0.0, 0.0
673, 269.07719999999995, 0.0, 0.0, 0.0, 0.0
674, 268.4735999999999, 0.0, 0.0, 0.0, 0.0
675, 267.86999999999995, 0.0, 0.0, 0.0, 0.0
676, 267.2663999999999, 0.0, 0.0, 0.0, 0.0
677, 266.66279999999995, 0.0, 0.0, 0.0, 0.0
678, 266.0591999999999, 0.0, 0.0, 0.0, 0.0
679, 265.45559999999995, 0.0, 0.0, 0.0, 0.0
680, 264.8519999999999, 0.0, 0.0, 0.0, 0.0
681, 264.24839999999995, 0.0, 0.0, 0.0, 0.0
682, 263.6447999999999, 0.0, 0.0, 0.0, 0.0
683, 263.04119999999995, 0.0, 0.0, 0.0, 0.0
684, 262.4375999999999, 0.0, 0.0, 0.0, 0.0
685, 261.83399999999995, 0.0, 0.0, 0.0, 0.0
686, 261.2303999999999, 0.0, 0.0, 0.0, 0.0
687, 260.62679999999995, 0.0, 0.0, 0.0, 0.0
688, 260.0231999999999, 0.0, 0.0, 0.0, 0.0
689, 259.41959999999995, 0.0, 0.0, 0.0, 0.0
690, 258.8159999999999, 0.0, 0.0, 0.0, 0.0
691, 258.21239999999995, 0.0, 0.0, 0.0, 0.0
692, 257.6087999999999, 0.0, 0.0, 0.0, 0.0
693, 257.00519999999995, 0.0, 0.0, 0.0, 0.0
694, 256.4015999999999, 0.0, 0.0, 0.0, 0.0
695, 255.79799999999994, 0.0, 0.0, 0.0, 0.0
696, 255.19439999999992, 0.0, 0.0, 0.0, 0.0
697, 254.59079999999994, 0.0, 0.0, 0.0, 0.0
698, 253.98719999999992, 0.0, 0.0, 0.0, 0.0
699, 253.38359999999994, 0.0, 0.0, 0.0, 0.0
