Extraction [ img/blancs2-3.png ] effectuee 2026-04-16 17:29:56.944800
Calibration: -0.6036*x + 675.3 [Largeur 500]

pixel, longueur d'onde, intensite, r, g, b
0, 675.3, 35.86796857142856, 89.31428571428572, 12.442857142857143, 16.385714285714286
1, 674.6963999999999, 36.708568571428586, 90.74285714285715, 13.014285714285714, 17.071428571428573
2, 674.0928, 37.324595714285735, 93.18571428571428, 12.814285714285715, 17.1
3, 673.4892, 37.43623428571429, 93.8, 12.7, 17.057142857142857
4, 672.8856, 38.16756000000001, 95.82857142857142, 12.771428571428572, 17.785714285714285
5, 672.2819999999999, 38.47689142857143, 96.51428571428572, 12.971428571428572, 17.67142857142857
6, 671.6784, 39.18190857142858, 98.77142857142857, 13.128571428571428, 17.12857142857143
7, 671.0748, 39.17800000000002, 99.28571428571429, 12.957142857142857, 16.62857142857143
8, 670.4712, 39.799394285714286, 101.34285714285714, 12.957142857142857, 16.685714285714287
9, 669.8675999999999, 39.986158571428575, 102.27142857142857, 12.885714285714286, 16.257142857142856
10, 669.264, 41.111709999999974, 105.04285714285714, 13.314285714285715, 16.65714285714286
11, 668.6604, 40.90865999999999, 105.68571428571428, 12.771428571428572, 15.985714285714286
12, 668.0568, 41.145590000000006, 107.67142857142858, 12.2, 15.8
13, 667.4531999999999, 41.44262000000002, 108.8, 12.128571428571428, 15.814285714285715
14, 666.8496, 42.45492714285714, 111.44285714285714, 12.371428571428572, 16.514285714285716
15, 666.246, 42.983518571428576, 112.67142857142858, 12.571428571428571, 16.9
16, 665.6424, 43.55629, 115.1, 12.185714285714285, 17.542857142857144
17, 665.0387999999999, 43.57287285714285, 116.27142857142857, 11.628571428571428, 17.485714285714284
18, 664.4352, 44.52982857142857, 119.14285714285714, 11.685714285714285, 18.057142857142857
19, 663.8316, 45.07136285714285, 120.65714285714286, 11.742857142857142, 18.542857142857144
20, 663.228, 44.72679428571431, 122.05714285714286, 10.542857142857143, 18.02857142857143
21, 662.6243999999999, 44.77297571428571, 122.67142857142858, 10.314285714285715, 18.0
22, 662.0208, 45.407267142857144, 124.61428571428571, 10.4, 18.02857142857143
23, 661.4172, 45.07534714285714, 124.81428571428572, 9.871428571428572, 17.314285714285713
24, 660.8136, 46.41227428571428, 127.4, 10.67142857142857, 18.142857142857142
25, 660.2099999999999, 47.53471000000002, 129.04285714285714, 11.6, 18.9
26, 659.6064, 48.76302285714288, 131.9142857142857, 12.1, 19.571428571428573
27, 659.0028, 49.456248571428574, 133.0857142857143, 12.642857142857142, 19.785714285714285
28, 658.3992, 49.68538571428569, 135.14285714285714, 11.985714285714286, 19.785714285714285
29, 657.7955999999999, 50.32648857142856, 136.11428571428573, 12.5, 20.214285714285715
30, 657.192, 50.36545571428569, 137.15714285714284, 12.071428571428571, 20.02857142857143
31, 656.5884, 50.56940142857141, 137.7, 12.128571428571428, 20.1
32, 655.9848, 50.26354857142856, 138.8, 11.2, 19.314285714285713
33, 655.3811999999999, 51.034708571428574, 139.9142857142857, 11.871428571428572, 19.7
34, 654.7776, 51.27722714285714, 141.72857142857143, 11.385714285714286, 19.571428571428573
35, 654.174, 51.21356285714286, 142.0857142857143, 11.228571428571428, 18.885714285714286
36, 653.5704, 52.19699142857144, 144.5142857142857, 11.528571428571428, 19.6
37, 652.9667999999999, 52.77889571428571, 145.32857142857142, 12.185714285714285, 19.185714285714287
38, 652.3632, 53.7527114285714, 147.6, 12.67142857142857, 19.271428571428572
39, 651.7596, 54.357661428571426, 148.67142857142858, 13.228571428571428, 18.9
40, 651.156, 55.02936857142858, 150.6, 13.371428571428572, 19.0
41, 650.5523999999999, 54.88733, 150.84285714285716, 13.2, 18.0
42, 649.9488, 55.18701714285713, 152.82857142857142, 12.871428571428572, 17.114285714285714
43, 649.3452, 55.616392857142856, 153.78571428571428, 13.157142857142857, 16.9
44, 648.7416, 56.61397857142858, 155.92857142857142, 13.757142857142858, 16.942857142857143
45, 648.1379999999999, 56.95617, 156.44285714285715, 14.114285714285714, 16.757142857142856
46, 647.5344, 57.629308571428595, 158.2, 14.385714285714286, 16.65714285714286
47, 646.9308, 58.16563, 158.9857142857143, 14.971428571428572, 16.285714285714285
48, 646.3272, 58.90118428571425, 160.44285714285715, 15.471428571428572, 16.34285714285714
49, 645.7235999999999, 59.946215714285714, 161.84285714285716, 16.5, 16.542857142857144
50, 645.12, 60.20379142857144, 163.37142857142857, 16.271428571428572, 15.971428571428572
51, 644.5164, 60.78186428571429, 164.21428571428572, 16.87142857142857, 15.742857142857142
52, 643.9128, 61.5966785714286, 166.07142857142858, 17.3, 15.814285714285715
53, 643.3091999999999, 62.42793142857142, 167.25714285714287, 18.142857142857142, 15.657142857142857
54, 642.7056, 62.60896142857143, 168.52857142857144, 18.02857142857143, 14.5
55, 642.102, 63.2143714285714, 169.42857142857142, 18.65714285714286, 14.214285714285714
56, 641.4984, 63.445838571428574, 170.04285714285714, 18.885714285714286, 13.457142857142857
57, 640.8947999999999, 64.14353142857142, 170.82857142857142, 19.67142857142857, 13.471428571428572
58, 640.2912, 65.16015285714283, 172.61428571428573, 20.485714285714284, 13.514285714285714
59, 639.6876, 65.71478428571429, 173.3, 21.12857142857143, 13.271428571428572
60, 639.084, 66.2911471428572, 174.81428571428572, 21.414285714285715, 12.885714285714286
61, 638.4803999999999, 66.57475714285715, 175.28571428571428, 21.857142857142858, 11.857142857142858
62, 637.8768, 67.16795285714285, 176.47142857142856, 22.3, 11.67142857142857
63, 637.2732, 67.70192285714286, 177.2, 22.985714285714284, 10.914285714285715
64, 636.6696, 68.30236285714287, 178.5142857142857, 23.414285714285715, 10.528571428571428
65, 636.0659999999999, 68.80637714285717, 179.0857142857143, 24.142857142857142, 9.7
66, 635.4624, 69.30614428571427, 180.12857142857143, 24.571428571428573, 9.142857142857142
67, 634.8588, 70.32258571428572, 181.14285714285714, 25.814285714285713, 9.0
68, 634.2552, 70.62551428571429, 181.71428571428572, 26.114285714285714, 8.614285714285714
69, 633.6515999999999, 71.35741285714285, 182.44285714285715, 27.042857142857144, 8.342857142857143
70, 633.048, 72.11143428571432, 183.5142857142857, 27.84285714285714, 8.028571428571428
71, 632.4444, 73.41984999999998, 184.78571428571428, 29.285714285714285, 8.742857142857142
72, 631.8408, 74.0972285714286, 185.42857142857142, 30.142857142857142, 8.585714285714285
73, 631.2371999999999, 75.04968, 186.34285714285716, 31.2, 9.1
74, 630.6336, 76.02784142857142, 187.44285714285715, 32.22857142857143, 9.5
75, 630.03, 76.69989000000002, 188.1, 33.0, 9.7
76, 629.4264, 76.91305857142856, 188.27142857142857, 33.32857142857143, 9.428571428571429
77, 628.8227999999999, 77.42238857142858, 188.68571428571428, 33.97142857142857, 9.5
78, 628.2192, 78.94586142857143, 190.1, 35.68571428571428, 10.32857142857143
79, 627.6156, 79.90566857142856, 191.02857142857144, 36.82857142857143, 10.428571428571429
80, 627.012, 81.04555714285716, 192.14285714285714, 38.114285714285714, 10.885714285714286
81, 626.4083999999999, 81.97453285714285, 192.95714285714286, 39.357142857142854, 10.5
82, 625.8048, 82.81271428571426, 193.57142857142858, 40.5, 10.357142857142858
83, 625.2012, 82.64503285714284, 193.24285714285713, 40.628571428571426, 9.085714285714285
84, 624.5975999999999, 83.2912014285714, 193.84285714285716, 41.457142857142856, 8.914285714285715
85, 623.9939999999999, 83.92749142857143, 194.37142857142857, 42.385714285714286, 8.32857142857143
86, 623.3904, 84.99673428571428, 195.37142857142857, 43.72857142857143, 8.17142857142857
87, 622.7868, 85.59351714285708, 195.82857142857142, 44.642857142857146, 7.5
88, 622.1831999999999, 86.50402, 196.5142857142857, 45.81428571428572, 7.6571428571428575
89, 621.5795999999999, 87.56362142857144, 197.5, 47.128571428571426, 7.6
90, 620.976, 88.6986, 198.0, 48.77142857142857, 7.785714285714286
91, 620.3724, 89.30933571428572, 198.5, 49.65714285714286, 7.271428571428571
92, 619.7687999999999, 90.52363571428572, 199.07142857142858, 51.357142857142854, 7.671428571428572
93, 619.1651999999999, 91.55396428571427, 200.07142857142858, 52.614285714285714, 7.614285714285714
94, 618.5616, 92.31378714285712, 200.4142857142857, 53.72857142857143, 7.642857142857143
95, 617.958, 92.79649142857141, 200.8, 54.457142857142856, 7.114285714285714
96, 617.3543999999999, 93.6505357142857, 201.21428571428572, 55.642857142857146, 7.414285714285715
97, 616.7507999999999, 93.87050857142854, 201.34285714285716, 56.07142857142857, 6.8
98, 616.1472, 95.33232714285711, 202.3, 57.885714285714286, 7.771428571428571
99, 615.5436, 95.98430428571426, 202.81428571428572, 58.74285714285714, 7.728571428571429
100, 614.9399999999999, 97.20907857142856, 203.78571428571428, 60.15714285714286, 8.642857142857142
101, 614.3363999999999, 98.30648428571428, 204.5857142857143, 61.5, 9.257142857142858
102, 613.7328, 99.60600000000002, 205.42857142857142, 63.05714285714286, 10.428571428571429
103, 613.1292, 100.86282571428573, 206.45714285714286, 64.58571428571429, 10.885714285714286
104, 612.5255999999999, 101.51796428571431, 206.35714285714286, 65.7, 11.157142857142857
105, 611.9219999999999, 102.19023714285717, 206.9142857142857, 66.61428571428571, 10.885714285714286
106, 611.3184, 102.73319571428571, 207.04285714285714, 67.45714285714286, 10.971428571428572
107, 610.7148, 103.20795714285713, 207.28571428571428, 68.31428571428572, 10.085714285714285
108, 610.1111999999999, 104.42672285714283, 207.9142857142857, 69.94285714285714, 10.742857142857142
109, 609.5075999999999, 105.40902714285717, 208.72857142857143, 71.25714285714285, 10.457142857142857
110, 608.904, 106.28136714285718, 209.32857142857142, 72.45714285714286, 10.357142857142858
111, 608.3004, 106.72423714285716, 209.4857142857143, 73.32857142857142, 9.342857142857143
112, 607.6967999999999, 108.23822714285716, 210.15714285714284, 75.57142857142857, 9.314285714285715
113, 607.0931999999999, 109.18232714285712, 210.87142857142857, 76.97142857142858, 8.514285714285714
114, 606.4896, 109.91568, 210.77142857142857, 78.47142857142858, 7.485714285714286
115, 605.886, 111.08372714285716, 211.72857142857143, 80.05714285714286, 7.057142857142857
116, 605.2823999999999, 111.84241142857141, 211.88571428571427, 81.4, 6.385714285714286
117, 604.6787999999999, 112.63065714285716, 212.42857142857142, 82.58571428571429, 5.771428571428571
118, 604.0752, 113.4330042857143, 212.52857142857144, 83.95714285714286, 5.485714285714286
119, 603.4716, 114.13860000000001, 213.0, 84.98571428571428, 5.142857142857143
120, 602.8679999999999, 114.96594999999994, 213.64285714285714, 86.04285714285714, 5.271428571428571
121, 602.2643999999999, 115.58621285714284, 214.0142857142857, 86.97142857142858, 4.957142857142857
122, 601.6608, 116.54685285714285, 214.18571428571428, 88.54285714285714, 4.8428571428571425
123, 601.0572, 118.01451142857137, 215.17142857142858, 90.48571428571428, 5.128571428571429
124, 600.4535999999999, 119.42372857142857, 216.0, 92.32857142857142, 5.828571428571428
125, 599.8499999999999, 120.10166000000004, 216.25714285714287, 93.48571428571428, 5.142857142857143
126, 599.2464, 120.91289428571427, 216.2, 94.88571428571429, 5.2
127, 598.6428, 121.72437714285711, 216.65714285714284, 96.07142857142857, 5.014285714285714
128, 598.0391999999999, 122.11192999999997, 216.4142857142857, 96.98571428571428, 4.3428571428571425
129, 597.4355999999999, 123.05721285714283, 217.0142857142857, 98.35714285714286, 4.0
130, 596.832, 123.88526999999998, 217.3, 99.7, 3.6
131, 596.2284, 124.54486857142857, 217.74285714285713, 100.72857142857143, 2.9285714285714284
132, 595.6247999999999, 124.81552714285715, 217.72857142857143, 101.28571428571429, 2.4714285714285715
133, 595.0211999999999, 125.72517571428574, 218.24285714285713, 102.64285714285714, 2.1142857142857143
134, 594.4176, 126.44565142857144, 218.4857142857143, 103.87142857142857, 1.4714285714285715
135, 593.814, 127.66052714285713, 219.15714285714284, 105.57142857142857, 1.6142857142857143
136, 593.2103999999999, 128.30404714285717, 219.1, 106.68571428571428, 1.6714285714285715
137, 592.6067999999999, 129.07795857142855, 219.4142857142857, 107.88571428571429, 1.457142857142857
138, 592.0032, 130.9105785714286, 220.35714285714286, 110.4, 2.1142857142857143
139, 591.3996, 131.98498571428573, 220.85714285714286, 111.92857142857143, 2.357142857142857
140, 590.7959999999999, 132.38083714285713, 220.77142857142857, 112.77142857142857, 1.7142857142857142
141, 590.1923999999999, 133.08345714285704, 221.0, 113.87142857142857, 1.6142857142857143
142, 589.5888, 133.62093857142852, 221.18571428571428, 114.72857142857143, 1.4285714285714286
143, 588.9852, 134.76458857142853, 221.82857142857142, 116.28571428571429, 1.7571428571428571
144, 588.3815999999999, 135.5983442857143, 222.27142857142857, 117.5, 1.6571428571428573
145, 587.7779999999999, 136.16426285714286, 222.37142857142857, 118.47142857142858, 1.3571428571428572
146, 587.1744, 136.83269857142852, 222.44285714285715, 119.55714285714286, 1.4428571428571428
147, 586.5708, 137.62210285714283, 222.82857142857142, 120.7, 1.4714285714285715
148, 585.9671999999999, 138.33004428571428, 222.84285714285716, 121.85714285714286, 1.6857142857142857
149, 585.3635999999999, 138.6475814285715, 222.75714285714287, 122.5, 1.3857142857142857
150, 584.76, 139.28399714285706, 222.88571428571427, 123.57142857142857, 1.1142857142857143
151, 584.1564, 140.01190571428572, 223.22857142857143, 124.62857142857143, 1.1571428571428573
152, 583.5527999999999, 140.72707285714284, 223.84285714285716, 125.52857142857142, 1.1857142857142857
153, 582.9491999999999, 141.65830857142853, 224.4857142857143, 126.75714285714285, 1.3428571428571427
154, 582.3456, 142.14910714285713, 224.78571428571428, 127.45714285714286, 1.2571428571428571
155, 581.742, 142.75521428571426, 225.0, 128.4, 1.1571428571428573
156, 581.1383999999999, 143.43652142857144, 224.78571428571428, 129.61428571428573, 1.4428571428571428
157, 580.5347999999999, 143.66568857142857, 224.68571428571428, 130.1, 1.2142857142857142
158, 579.9312, 144.4537057142857, 224.94285714285715, 131.31428571428572, 1.2
159, 579.3276, 145.07771142857146, 225.31428571428572, 132.27142857142857, 0.7714285714285715
160, 578.7239999999999, 146.19012428571423, 225.61428571428573, 133.9, 1.3571428571428572
161, 578.1203999999999, 146.67313285714295, 225.67142857142858, 134.77142857142857, 0.9571428571428572
162, 577.5168, 147.55862857142867, 226.0, 136.05714285714285, 1.2428571428571429
163, 576.9132, 148.72743714285716, 226.77142857142857, 137.6, 1.5285714285714285
164, 576.3095999999999, 148.94467428571426, 226.4, 138.22857142857143, 1.1714285714285715
165, 575.7059999999999, 149.92575999999997, 226.82857142857142, 139.64285714285714, 1.3714285714285714
166, 575.1024, 150.2180714285714, 226.42857142857142, 140.4, 1.0857142857142856
167, 574.4988, 150.49988142857143, 225.9, 141.17142857142858, 0.9714285714285714
168, 573.8951999999999, 151.04715714285712, 226.57142857142858, 141.72857142857143, 1.1428571428571428
169, 573.2915999999999, 151.46705857142857, 226.55714285714285, 142.44285714285715, 1.1857142857142857
170, 572.688, 152.25503, 226.9857142857143, 143.5142857142857, 1.457142857142857
171, 572.0844, 152.71904000000004, 227.02857142857144, 144.28571428571428, 1.4428571428571428
172, 571.4807999999999, 153.2116185714285, 227.1, 145.0857142857143, 1.457142857142857
173, 570.8771999999999, 153.72602999999995, 226.9857142857143, 146.02857142857144, 1.4142857142857144
174, 570.2736, 154.41418571428576, 227.0, 147.17142857142858, 1.5285714285714285
175, 569.67, 155.15578285714284, 227.02857142857144, 148.42857142857142, 1.4857142857142858
176, 569.0663999999999, 155.96137999999996, 227.05714285714285, 149.71428571428572, 1.8571428571428572
177, 568.4627999999999, 156.88437999999994, 227.34285714285716, 151.0857142857143, 2.142857142857143
178, 567.8592, 157.30300142857146, 227.27142857142857, 151.77142857142857, 2.4714285714285715
179, 567.2556, 157.96210571428568, 227.5142857142857, 152.74285714285713, 2.6142857142857143
180, 566.6519999999999, 158.30851285714283, 227.44285714285715, 153.3, 2.9714285714285715
181, 566.0483999999999, 158.75145571428575, 227.3, 154.0857142857143, 3.1857142857142855
182, 565.4448, 159.63126285714293, 227.37142857142857, 155.34285714285716, 4.242857142857143
183, 564.8412, 160.0426657142857, 227.34285714285716, 156.0, 4.542857142857143
184, 564.2375999999999, 160.50842714285716, 227.3, 156.65714285714284, 5.357142857142857
185, 563.6339999999999, 160.84503857142855, 227.18571428571428, 157.2, 5.814285714285714
186, 563.0304, 161.35393571428577, 227.07142857142858, 157.9142857142857, 6.9
187, 562.4268, 161.96273999999997, 227.02857142857144, 158.84285714285716, 7.571428571428571
188, 561.8231999999999, 162.95129714285713, 227.31428571428572, 160.14285714285714, 8.8
189, 561.2195999999999, 163.66640857142852, 227.2, 161.3, 9.414285714285715
190, 560.616, 164.4224585714286, 227.55714285714285, 162.22857142857143, 10.32857142857143
191, 560.0124, 164.89350571428568, 227.22857142857143, 163.14285714285714, 10.614285714285714
192, 559.4087999999999, 165.52837000000002, 226.87142857142857, 164.32857142857142, 11.014285714285714
193, 558.8052, 166.20452571428572, 226.74285714285713, 165.45714285714286, 11.471428571428572
194, 558.2016, 166.51285428571427, 226.17142857142858, 166.24285714285713, 11.628571428571428
195, 557.598, 166.90594428571424, 225.9857142857143, 166.95714285714286, 11.885714285714286
196, 556.9943999999999, 167.6352757142857, 225.95714285714286, 168.11428571428573, 12.4
197, 556.3907999999999, 167.96154571428576, 225.68571428571428, 168.8, 12.442857142857143
198, 555.7872, 168.1492885714285, 225.11428571428573, 169.4857142857143, 12.057142857142857
199, 555.1836, 168.3559385714285, 224.9, 169.9857142857143, 11.857142857142858
200, 554.5799999999999, 168.83041571428566, 224.7, 170.75714285714287, 12.571428571428571
201, 553.9764, 169.24128571428577, 224.14285714285714, 171.67142857142858, 12.928571428571429
202, 553.3728, 169.51170714285712, 223.64285714285714, 172.22857142857143, 13.742857142857142
203, 552.7692, 169.9825571428572, 223.14285714285714, 173.27142857142857, 13.814285714285715
204, 552.1655999999999, 170.47958857142856, 222.68571428571428, 174.14285714285714, 14.885714285714286
205, 551.5619999999999, 171.50717, 222.72857142857143, 175.68571428571428, 15.842857142857143
206, 550.9584, 172.2829742857143, 222.97142857142856, 176.52857142857144, 17.67142857142857
207, 550.3548, 172.81130857142858, 222.34285714285716, 177.65714285714284, 18.142857142857142
208, 549.7511999999999, 172.95987857142865, 221.5, 178.12857142857143, 19.228571428571428
209, 549.1476, 173.4326985714286, 220.3, 179.42857142857142, 19.82857142857143
210, 548.544, 174.11498285714276, 220.17142857142858, 180.34285714285716, 21.442857142857143
211, 547.9404, 174.55800428571428, 219.1, 181.55714285714285, 21.885714285714286
212, 547.3367999999999, 175.05162428571427, 218.61428571428573, 182.44285714285715, 22.928571428571427
213, 546.7331999999999, 175.2688528571428, 217.47142857142856, 183.4142857142857, 22.82857142857143
214, 546.1296, 175.83715714285714, 217.0, 184.5142857142857, 23.385714285714286
215, 545.526, 175.86860142857142, 215.7, 185.27142857142857, 23.17142857142857
216, 544.9223999999999, 176.4067928571429, 215.35714285714286, 186.17142857142858, 24.15714285714286
217, 544.3188, 176.37156857142855, 213.74285714285713, 187.0, 23.814285714285713
218, 543.7152, 176.62627571428573, 212.95714285714286, 187.72857142857143, 24.357142857142858
219, 543.1116, 177.09115714285718, 212.0, 188.9857142857143, 24.47142857142857
220, 542.5079999999999, 177.0208971428572, 210.88571428571427, 189.5, 24.12857142857143
221, 541.9043999999999, 177.2594485714285, 209.5142857142857, 190.57142857142858, 24.3
222, 541.3008, 177.48833714285706, 208.9142857142857, 191.11428571428573, 25.085714285714285
223, 540.6972, 177.85949428571433, 207.34285714285716, 192.4857142857143, 25.4
224, 540.0935999999999, 178.10934142857138, 206.72857142857143, 193.17142857142858, 25.67142857142857
225, 539.49, 177.6779414285714, 204.15714285714284, 193.94285714285715, 24.65714285714286
226, 538.8864, 177.90637428571432, 202.97142857142856, 194.9857142857143, 24.4
227, 538.2828, 178.2187271428571, 201.0142857142857, 196.61428571428573, 23.885714285714286
228, 537.6791999999999, 178.01337999999996, 200.05714285714285, 196.95714285714286, 22.82857142857143
229, 537.0755999999999, 177.8657785714286, 197.92857142857142, 198.0142857142857, 21.67142857142857
230, 536.472, 177.98087285714283, 196.55714285714285, 199.2, 20.17142857142857
231, 535.8684, 177.68092142857145, 194.07142857142858, 200.25714285714287, 18.614285714285714
232, 535.2647999999999, 178.01657, 193.5857142857143, 201.14285714285714, 18.271428571428572
233, 534.6612, 177.82871285714288, 191.15714285714284, 202.32857142857142, 16.885714285714286
234, 534.0576, 177.91362428571432, 190.04285714285714, 203.15714285714284, 16.285714285714285
235, 533.454, 178.0857071428572, 187.64285714285714, 204.8, 15.628571428571428
236, 532.8503999999999, 177.5531985714286, 186.15714285714284, 204.77142857142857, 15.0
237, 532.2467999999999, 177.8415614285714, 184.24285714285713, 206.34285714285716, 14.457142857142857
238, 531.6432, 177.4152985714285, 183.0142857142857, 206.4142857142857, 13.571428571428571
239, 531.0396, 176.98090571428577, 180.22857142857143, 207.32857142857142, 12.357142857142858
240, 530.4359999999999, 176.6235457142856, 178.4, 207.72857142857143, 11.957142857142857
241, 529.8324, 176.10636142857138, 175.1, 208.6, 11.585714285714285
242, 529.2288, 175.99683571428562, 172.78571428571428, 209.4142857142857, 12.5
243, 528.6252, 175.6578557142858, 169.72857142857143, 210.27142857142857, 13.128571428571428
244, 528.0215999999999, 175.1131957142857, 167.9, 210.0, 14.542857142857143
245, 527.4179999999999, 175.1743985714286, 165.5857142857143, 211.0857142857143, 15.557142857142857
246, 526.8144, 174.8904657142857, 163.2, 211.61428571428573, 16.6
247, 526.2108, 174.13730142857145, 159.84285714285716, 211.87142857142857, 17.47142857142857
248, 525.6071999999999, 174.08904714285714, 158.24285714285713, 212.25714285714287, 19.257142857142856
249, 525.0036, 174.2891157142857, 155.84285714285716, 213.34285714285716, 21.714285714285715
250, 524.4, 173.90905000000006, 153.07142857142858, 213.65714285714284, 24.02857142857143
251, 523.7964, 173.73264, 150.31428571428572, 214.3, 26.4
252, 523.1927999999999, 173.3568914285714, 148.0857142857143, 214.32857142857142, 28.8
253, 522.5891999999999, 172.9192242857142, 145.04285714285714, 214.68571428571428, 31.1
254, 521.9856, 172.73497999999998, 142.9142857142857, 214.92857142857142, 33.81428571428572
255, 521.382, 172.52416857142853, 140.17142857142858, 215.5, 36.214285714285715
256, 520.7783999999999, 172.03069428571425, 136.9142857142857, 215.67142857142858, 39.542857142857144
257, 520.1748, 171.03775857142855, 132.84285714285716, 215.62857142857143, 41.72857142857143
258, 519.5712, 170.57434571428564, 129.11428571428573, 216.0857142857143, 45.08571428571429
259, 518.9676, 170.22501999999997, 125.65714285714286, 216.75714285714287, 47.628571428571426
260, 518.3639999999999, 168.90173142857134, 122.11428571428571, 216.05714285714285, 48.91428571428571
261, 517.7603999999999, 168.27845285714278, 118.47142857142858, 216.42857142857142, 51.08571428571429
262, 517.1568, 167.27002428571433, 114.32857142857142, 216.44285714285715, 53.02857142857143
263, 516.5532, 166.66282000000004, 110.8, 216.9, 54.6
264, 515.9495999999999, 166.80776428571423, 109.35714285714286, 217.45714285714286, 56.785714285714285
265, 515.346, 165.98317285714282, 105.98571428571428, 217.5, 58.17142857142857
266, 514.7424, 165.22108571428566, 102.85714285714286, 217.42857142857142, 60.05714285714286
267, 514.1388, 164.4957114285714, 99.31428571428572, 217.7, 61.58571428571429
268, 513.5351999999999, 164.17338571428567, 97.0, 217.97142857142856, 63.42857142857143
269, 512.9315999999999, 162.92387857142856, 93.21428571428571, 217.64285714285714, 64.08571428571429
270, 512.328, 162.50297714285713, 91.22857142857143, 217.64285714285714, 65.6
271, 511.72439999999995, 161.51277, 88.01428571428572, 217.44285714285715, 66.37142857142857
272, 511.1207999999999, 161.74645428571424, 86.88571428571429, 217.88571428571427, 69.1
273, 510.51719999999995, 160.32846285714288, 83.08571428571429, 217.28571428571428, 69.71428571428571
274, 509.9136, 159.4781857142857, 80.14285714285714, 217.0, 71.44285714285714
275, 509.30999999999995, 159.33354857142857, 77.94285714285714, 217.57142857142858, 73.0
276, 508.7063999999999, 159.03456000000006, 76.54285714285714, 217.4142857142857, 74.85714285714286
277, 508.10279999999995, 158.23310571428567, 73.65714285714286, 217.27142857142857, 76.12857142857143
278, 507.4992, 157.1329057142857, 70.37142857142857, 216.74285714285713, 77.81428571428572
279, 506.89559999999994, 155.79734285714278, 67.0, 216.04285714285714, 78.54285714285714
280, 506.2919999999999, 155.16687857142855, 64.78571428571429, 215.68571428571428, 80.65714285714286
281, 505.68839999999994, 154.35893000000004, 61.55714285714286, 215.72857142857143, 81.81428571428572
282, 505.0848, 154.42867142857136, 59.285714285714285, 216.37142857142857, 85.07142857142857
283, 504.48119999999994, 153.2005071428572, 55.5, 215.95714285714286, 86.35714285714286
284, 503.8775999999999, 152.04873857142854, 52.32857142857143, 215.27142857142857, 88.1
285, 503.27399999999994, 151.4015957142857, 49.32857142857143, 215.4857142857143, 89.18571428571428
286, 502.6704, 150.81044285714285, 47.142857142857146, 215.21428571428572, 91.12857142857143
287, 502.06679999999994, 149.64684142857146, 43.871428571428574, 214.72857142857143, 92.0
288, 501.4631999999999, 149.21118142857136, 41.32857142857143, 214.84285714285716, 94.25714285714285
289, 500.85959999999994, 148.5560585714286, 38.128571428571426, 214.94285714285715, 96.38571428571429
290, 500.256, 147.4979371428571, 35.05714285714286, 214.27142857142857, 98.61428571428571
291, 499.65239999999994, 146.73133714285706, 31.914285714285715, 214.18571428571428, 100.57142857142857
292, 499.0487999999999, 145.1694914285714, 28.65714285714286, 213.0142857142857, 101.44285714285714
293, 498.44519999999994, 144.9743985714286, 26.014285714285716, 213.61428571428573, 103.57142857142857
294, 497.84159999999997, 143.86795428571426, 22.02857142857143, 213.24285714285713, 106.22857142857143
295, 497.23799999999994, 142.29544428571418, 17.84285714285714, 212.44285714285715, 107.52857142857142
296, 496.6343999999999, 141.74138999999997, 14.814285714285715, 212.6, 109.8
297, 496.03079999999994, 140.4809128571428, 10.871428571428572, 212.18571428571428, 111.21428571428571
298, 495.42719999999997, 139.39506, 7.4, 211.74285714285713, 113.07142857142857
299, 494.82359999999994, 139.23831142857136, 5.171428571428572, 212.2, 115.18571428571428
300, 494.2199999999999, 138.41795857142858, 3.2714285714285714, 211.52857142857144, 116.42857142857143
301, 493.61639999999994, 138.1728828571429, 2.1714285714285713, 211.47142857142856, 117.45714285714286
302, 493.01279999999997, 137.9907171428572, 2.1142857142857143, 210.95714285714286, 118.65714285714286
303, 492.40919999999994, 137.92969714285718, 1.7428571428571429, 210.92857142857142, 119.24285714285715
304, 491.8055999999999, 137.22574999999995, 1.5, 209.71428571428572, 119.95714285714286
305, 491.20199999999994, 136.90495142857145, 1.2, 209.24285714285713, 120.35714285714286
306, 490.59839999999997, 137.1010814285715, 1.4714285714285715, 209.0142857142857, 122.54285714285714
307, 489.99479999999994, 136.96982000000006, 1.2285714285714286, 208.62857142857143, 124.01428571428572
308, 489.3911999999999, 136.79816571428566, 1.2, 207.94285714285715, 126.11428571428571
309, 488.78759999999994, 137.07177428571433, 1.4, 207.97142857142856, 127.84285714285714
310, 488.18399999999997, 136.94075142857142, 1.3428571428571427, 207.4, 129.78571428571428
311, 487.58039999999994, 136.60791285714285, 1.0142857142857142, 206.9142857142857, 130.22857142857143
312, 486.9767999999999, 136.57098142857143, 1.042857142857143, 206.44285714285715, 132.25714285714287
313, 486.37319999999994, 136.32815999999988, 0.8285714285714286, 205.9857142857143, 133.04285714285714
314, 485.76959999999997, 136.36088714285717, 1.1285714285714286, 205.4142857142857, 135.4857142857143
315, 485.16599999999994, 136.20663142857137, 0.9714285714285714, 205.04285714285714, 136.45714285714286
316, 484.5623999999999, 136.27173714285715, 1.4857142857142858, 204.42857142857142, 138.84285714285716
317, 483.95879999999994, 135.9153471428571, 1.2428571428571429, 203.82857142857142, 139.44285714285715
318, 483.35519999999997, 135.7266142857143, 1.2857142857142858, 203.0857142857143, 141.5
319, 482.75159999999994, 135.66937428571433, 1.1142857142857143, 202.82857142857142, 142.77142857142857
320, 482.1479999999999, 135.45220142857139, 0.9857142857142858, 202.0857142857143, 145.02857142857144
321, 481.54439999999994, 135.22112428571427, 0.9, 201.4, 146.75714285714287
322, 480.94079999999997, 134.81159285714284, 1.0714285714285714, 200.25714285714287, 148.6
323, 480.33719999999994, 134.65800999999996, 0.7571428571428571, 199.81428571428572, 150.35714285714286
324, 479.7335999999999, 134.79548428571425, 1.3, 199.31428571428572, 152.71428571428572
325, 479.12999999999994, 134.5728642857143, 1.2142857142857142, 198.74285714285713, 153.92857142857142
326, 478.52639999999997, 134.04234428571428, 0.8428571428571429, 197.72857142857143, 155.47142857142856
327, 477.92279999999994, 133.77554999999998, 0.6428571428571429, 197.14285714285714, 156.67142857142858
328, 477.3191999999999, 133.25110571428579, 0.8, 195.81428571428572, 158.5
329, 476.71559999999994, 133.0700228571429, 0.6285714285714286, 195.45714285714286, 159.2
330, 476.11199999999997, 132.9960071428571, 1.2142857142857142, 194.6, 161.42857142857142
331, 475.50839999999994, 132.7176414285715, 1.0142857142857142, 194.1, 162.0857142857143
332, 474.9047999999999, 132.26442142857144, 1.0714285714285714, 192.97142857142856, 163.77142857142857
333, 474.30119999999994, 132.07057714285716, 0.9428571428571428, 192.64285714285714, 164.1
334, 473.69759999999997, 131.6000585714286, 0.9857142857142858, 191.5142857142857, 165.67142857142858
335, 473.09399999999994, 131.2103285714286, 0.8571428571428571, 190.87142857142857, 165.9
336, 472.4903999999999, 130.8387642857143, 1.0714285714285714, 189.77142857142857, 167.74285714285713
337, 471.88679999999994, 130.39295, 0.7857142857142857, 189.07142857142858, 168.18571428571428
338, 471.28319999999997, 130.09984571428572, 1.4, 187.75714285714287, 170.77142857142857
339, 470.67959999999994, 129.86574142857145, 1.1571428571428573, 187.35714285714286, 171.4142857142857
340, 470.0759999999999, 129.16803857142855, 1.1857142857142857, 185.85714285714286, 172.94285714285715
341, 469.47239999999994, 128.7871542857143, 0.8857142857142857, 185.3, 173.25714285714287
342, 468.86879999999996, 128.32246571428567, 1.2, 183.95714285714286, 175.27142857142857
343, 468.26519999999994, 127.50746571428567, 0.7714285714285715, 182.82857142857142, 175.05714285714285
344, 467.6615999999999, 126.54142428571426, 0.6142857142857143, 181.07142857142858, 176.04285714285714
345, 467.05799999999994, 126.34379714285707, 0.6, 180.71428571428572, 176.18571428571428
346, 466.45439999999996, 125.49343571428572, 0.7857142857142857, 178.87142857142857, 177.72857142857143
347, 465.85079999999994, 125.34785999999998, 0.9714285714285714, 178.44285714285715, 178.17142857142858
348, 465.2471999999999, 124.3802342857143, 1.0857142857142856, 176.5142857142857, 179.31428571428572
349, 464.64359999999994, 123.86031714285711, 0.8285714285714286, 175.74285714285713, 179.4
350, 464.03999999999996, 122.7871357142857, 0.9285714285714286, 173.7, 180.24285714285713
351, 463.43639999999994, 121.77151714285712, 0.4, 172.3, 179.92857142857142
352, 462.8327999999999, 121.06149000000005, 0.9571428571428572, 170.45714285714286, 181.72857142857143
353, 462.22919999999993, 120.3427157142857, 0.8428571428571429, 169.27142857142857, 181.82857142857142
354, 461.62559999999996, 119.5060642857143, 1.0714285714285714, 167.38571428571427, 183.6
355, 461.02199999999993, 118.86746714285715, 0.7571428571428571, 166.38571428571427, 183.97142857142856
356, 460.4183999999999, 117.82749857142855, 1.0142857142857142, 164.3, 184.9142857142857
357, 459.81479999999993, 117.32787142857138, 0.8571428571428571, 163.44285714285715, 185.35714285714286
358, 459.21119999999996, 116.15131142857135, 0.7428571428571429, 161.38571428571427, 185.92857142857142
359, 458.60759999999993, 115.43777285714282, 0.7, 160.11428571428573, 186.32857142857142
360, 458.0039999999999, 113.99423428571433, 0.8, 157.45714285714286, 187.0857142857143
361, 457.40039999999993, 112.74548428571428, 0.7285714285714285, 155.28571428571428, 187.5
362, 456.79679999999996, 111.7048314285715, 1.2571428571428571, 152.9857142857143, 188.82857142857142
363, 456.19319999999993, 110.37072428571427, 1.042857142857143, 150.7, 189.45714285714286
364, 455.5895999999999, 108.19276142857143, 0.6714285714285714, 147.04285714285714, 190.15714285714284
365, 454.98599999999993, 106.80635000000001, 0.35714285714285715, 144.97142857142856, 189.4857142857143
366, 454.38239999999996, 105.68093857142856, 0.7571428571428571, 142.62857142857143, 190.62857142857143
367, 453.77879999999993, 104.16928714285714, 0.5571428571428572, 140.18571428571428, 190.47142857142856
368, 453.1751999999999, 102.83480428571426, 0.6714285714285714, 137.65714285714284, 191.4857142857143
369, 452.57159999999993, 101.67893571428573, 1.0714285714285714, 135.34285714285716, 192.21428571428572
370, 451.96799999999996, 99.82170142857139, 1.1285714285714286, 132.0, 192.9857142857143
371, 451.36439999999993, 98.27571428571427, 1.0, 129.44285714285715, 192.92857142857142
372, 450.7607999999999, 96.32760142857141, 0.7, 126.17142857142858, 193.47142857142856
373, 450.15719999999993, 94.42340857142854, 0.4857142857142857, 123.11428571428571, 193.07142857142858
374, 449.55359999999996, 92.91760571428577, 0.6571428571428571, 120.32857142857142, 193.75714285714287
375, 448.94999999999993, 91.17661428571431, 0.42857142857142855, 117.54285714285714, 193.42857142857142
376, 448.3463999999999, 89.65316000000007, 0.8285714285714286, 114.58571428571429, 194.24285714285713
377, 447.74279999999993, 88.52553571428577, 0.7857142857142857, 112.71428571428571, 194.1
378, 447.13919999999996, 87.15051142857142, 1.0285714285714285, 110.04285714285714, 195.15714285714284
379, 446.53559999999993, 85.4614457142857, 0.8285714285714286, 107.41428571428571, 194.4
380, 445.9319999999999, 84.00876857142855, 0.8857142857142857, 104.68571428571428, 195.55714285714285
381, 445.32839999999993, 81.82437999999999, 0.34285714285714286, 101.55714285714286, 193.92857142857142
382, 444.72479999999996, 79.93268714285712, 0.5571428571428572, 98.21428571428571, 193.9857142857143
383, 444.12119999999993, 78.46129571428567, 0.4714285714285714, 95.84285714285714, 193.5142857142857
384, 443.51759999999996, 76.74631428571429, 0.8571428571428571, 92.6, 194.15714285714284
385, 442.914, 75.16130857142858, 0.9142857142857143, 89.94285714285714, 193.78571428571428
386, 442.31039999999996, 73.27793000000003, 1.1285714285714286, 86.51428571428572, 194.35714285714286
387, 441.70679999999993, 71.29051999999997, 0.9428571428571428, 83.32857142857142, 193.81428571428572
388, 441.10319999999996, 69.06064714285715, 0.8142857142857143, 79.62857142857143, 193.64285714285714
389, 440.4996, 67.08646714285713, 0.6142857142857143, 76.51428571428572, 192.88571428571427
390, 439.89599999999996, 65.19981285714283, 0.7285714285714285, 73.21428571428571, 193.02857142857144
391, 439.29239999999993, 64.20453285714284, 0.9571428571428572, 71.38571428571429, 193.11428571428573
392, 438.68879999999996, 62.58001428571428, 1.0, 68.57142857142857, 193.24285714285713
393, 438.0852, 60.67346857142859, 0.6, 65.67142857142858, 192.5
394, 437.48159999999996, 58.9850757142857, 0.8142857142857143, 62.6, 192.94285714285715
395, 436.87799999999993, 57.40625285714284, 0.9, 59.9, 192.77142857142857
396, 436.27439999999996, 55.68627714285714, 1.0857142857142856, 56.81428571428572, 193.0857142857143
397, 435.6708, 54.39402142857142, 0.7857142857142857, 54.857142857142854, 192.61428571428573
398, 435.06719999999996, 53.05889000000002, 1.1, 52.41428571428571, 192.65714285714284
399, 434.46359999999993, 51.450509999999994, 0.6142857142857143, 50.07142857142857, 191.88571428571427
400, 433.85999999999996, 50.12717571428571, 0.9571428571428572, 47.628571428571426, 191.95714285714286
401, 433.2564, 49.051628571428566, 0.7142857142857143, 46.01428571428571, 191.47142857142856
402, 432.65279999999996, 48.08212142857144, 1.5, 43.857142857142854, 192.0142857142857
403, 432.0491999999999, 46.73900285714285, 0.8285714285714286, 42.08571428571429, 191.11428571428573
404, 431.44559999999996, 45.883612857142865, 1.4428571428571428, 40.17142857142857, 191.85714285714286
405, 430.842, 44.44649428571429, 0.9142857142857143, 38.214285714285715, 190.71428571428572
406, 430.23839999999996, 43.4285057142857, 1.3714285714285714, 36.3, 190.44285714285715
407, 429.6347999999999, 41.849271428571434, 0.5714285714285714, 34.3, 188.9857142857143
408, 429.03119999999996, 41.1094157142857, 1.1285714285714286, 32.714285714285715, 189.2
409, 428.4276, 40.03101142857142, 0.6, 31.357142857142858, 188.11428571428573
410, 427.82399999999996, 39.10847571428571, 1.1, 29.514285714285716, 188.2
411, 427.2203999999999, 38.69848, 0.9142857142857143, 28.97142857142857, 187.88571428571427
412, 426.61679999999996, 37.639224285714285, 1.1857142857142857, 27.12857142857143, 187.37142857142857
413, 426.0132, 37.316984285714284, 1.1571428571428573, 26.685714285714287, 186.9
414, 425.40959999999995, 36.62051, 1.3285714285714285, 25.428571428571427, 186.81428571428572
415, 424.8059999999999, 36.10456142857143, 1.1, 24.771428571428572, 186.27142857142857
416, 424.20239999999995, 35.260054285714276, 1.457142857142857, 23.228571428571428, 185.87142857142857
417, 423.5988, 34.286919999999995, 0.8, 22.085714285714285, 184.94285714285715
418, 422.99519999999995, 32.979565714285705, 0.7714285714285715, 19.928571428571427, 184.65714285714284
419, 422.3915999999999, 32.55623571428571, 0.7857142857142857, 19.3, 184.14285714285714
420, 421.78799999999995, 31.526998571428578, 1.0142857142857142, 17.485714285714284, 183.85714285714286
421, 421.1844, 31.040412857142876, 0.8714285714285714, 16.857142857142858, 183.2
422, 420.58079999999995, 30.30947428571429, 1.2571428571428571, 15.457142857142857, 182.9857142857143
423, 419.9771999999999, 29.399004285714298, 0.8142857142857143, 14.32857142857143, 181.97142857142856
424, 419.37359999999995, 29.163025714285713, 1.8857142857142857, 13.414285714285715, 181.8
425, 418.7699999999999, 28.308701428571432, 1.2714285714285714, 12.471428571428572, 180.77142857142857
426, 418.16639999999995, 27.18489285714284, 1.3571428571428572, 10.67142857142857, 179.95714285714286
427, 417.5627999999999, 26.396951428571434, 0.9142857142857143, 9.757142857142858, 178.9142857142857
428, 416.95919999999995, 25.62686142857143, 1.2428571428571429, 8.4, 178.28571428571428
429, 416.3555999999999, 24.94280714285714, 0.9285714285714286, 7.6, 177.22857142857143
430, 415.75199999999995, 24.089981428571438, 0.9, 6.314285714285714, 176.44285714285715
431, 415.1483999999999, 23.97665571428572, 0.8714285714285714, 6.185714285714286, 176.18571428571428
432, 414.54479999999995, 23.19085285714286, 1.042857142857143, 4.942857142857143, 175.24285714285713
433, 413.9411999999999, 22.567500000000006, 0.7142857142857143, 4.228571428571429, 174.31428571428572
434, 413.33759999999995, 21.828974285714285, 0.9714285714285714, 3.0142857142857142, 173.4142857142857
435, 412.7339999999999, 21.319408571428575, 0.6285714285714286, 2.442857142857143, 172.78571428571428
436, 412.13039999999995, 20.657825714285707, 0.6, 1.4857142857142858, 171.9857142857143
437, 411.5267999999999, 20.784717142857136, 0.9714285714285714, 1.5571428571428572, 171.75714285714287
438, 410.92319999999995, 20.341738571428568, 1.042857142857143, 0.9714285714285714, 170.7
439, 410.3195999999999, 20.237, 1.0, 0.9285714285714286, 170.11428571428573
440, 409.71599999999995, 20.08301142857144, 1.3142857142857143, 0.7142857142857143, 169.04285714285714
441, 409.1123999999999, 19.90779857142858, 1.1571428571428573, 0.6428571428571429, 168.28571428571428
442, 408.50879999999995, 19.85016714285715, 1.3285714285714285, 0.6571428571428571, 167.25714285714287
443, 407.9051999999999, 19.481908571428576, 0.9142857142857143, 0.45714285714285713, 166.14285714285714
444, 407.30159999999995, 19.427997142857148, 1.1714285714285715, 0.42857142857142855, 165.14285714285714
445, 406.6979999999999, 19.218648571428574, 0.9428571428571428, 0.37142857142857144, 164.2
446, 406.09439999999995, 19.09293857142857, 0.7571428571428571, 0.45714285714285713, 163.14285714285714
447, 405.4907999999999, 18.99242857142857, 0.7142857142857143, 0.4714285714285714, 162.3
448, 404.88719999999995, 18.91160428571429, 1.2428571428571429, 0.3142857142857143, 161.0142857142857
449, 404.2835999999999, 18.693658571428582, 1.1285714285714286, 0.32857142857142857, 159.32857142857142
450, 403.67999999999995, 18.52095857142858, 1.1285714285714286, 0.22857142857142856, 158.32857142857142
451, 403.0763999999999, 18.434691428571433, 1.0857142857142856, 0.3142857142857143, 157.24285714285713
452, 402.47279999999995, 18.395551428571423, 1.4857142857142858, 0.2714285714285714, 156.07142857142858
453, 401.8691999999999, 18.179014285714292, 1.2857142857142858, 0.34285714285714286, 154.32857142857142
454, 401.26559999999995, 18.103687142857147, 1.4142857142857144, 0.35714285714285715, 153.25714285714287
455, 400.6619999999999, 18.056909999999995, 1.4714285714285715, 0.5285714285714286, 151.81428571428572
456, 400.05839999999995, 17.754050000000007, 1.6428571428571428, 0.2, 150.4
457, 399.4547999999999, 17.785937142857144, 1.7714285714285714, 0.4857142857142857, 148.87142857142857
458, 398.85119999999995, 17.936461428571423, 2.9571428571428573, 0.37142857142857144, 147.67142857142858
459, 398.2475999999999, 17.74986285714286, 2.942857142857143, 0.4714285714285714, 145.55714285714285
460, 397.64399999999995, 17.94504714285716, 4.242857142857143, 0.4, 144.22857142857143
461, 397.0403999999999, 17.886739999999993, 4.314285714285714, 0.6, 142.5
462, 396.43679999999995, 18.345074285714276, 6.257142857142857, 0.5857142857142857, 141.5
463, 395.8331999999999, 18.35178857142856, 6.542857142857143, 0.8428571428571429, 139.4857142857143
464, 395.22959999999995, 18.458298571428564, 8.157142857142857, 0.4714285714285714, 138.1
465, 394.6259999999999, 18.535338571428568, 8.471428571428572, 0.9142857142857143, 135.67142857142858
466, 394.02239999999995, 19.08401857142858, 10.242857142857142, 1.0857142857142856, 134.95714285714286
467, 393.4187999999999, 18.75840857142858, 10.057142857142857, 1.1, 132.5142857142857
468, 392.81519999999995, 18.937278571428575, 10.928571428571429, 1.1857142857142857, 131.35714285714286
469, 392.2115999999999, 19.48708, 11.771428571428572, 1.9428571428571428, 130.07142857142858
470, 391.60799999999995, 19.501432857142856, 12.528571428571428, 1.9285714285714286, 128.28571428571428
471, 391.0043999999999, 19.711431428571437, 12.971428571428572, 2.4714285714285715, 126.17142857142858
472, 390.40079999999995, 20.381075714285714, 14.67142857142857, 2.8714285714285714, 125.52857142857142
473, 389.7971999999999, 20.498391428571416, 14.942857142857143, 3.3714285714285714, 123.27142857142857
474, 389.19359999999995, 20.951351428571435, 16.057142857142857, 3.8142857142857145, 122.04285714285714
475, 388.5899999999999, 20.826604285714286, 16.1, 4.057142857142857, 119.58571428571429
476, 387.98639999999995, 20.628030000000006, 16.557142857142857, 3.7857142857142856, 118.04285714285714
477, 387.3827999999999, 20.726214285714295, 16.571428571428573, 4.328571428571428, 116.07142857142857
478, 386.77919999999995, 20.721475714285713, 16.957142857142856, 4.357142857142857, 114.87142857142857
479, 386.1755999999999, 20.506045714285705, 16.685714285714287, 4.6, 112.44285714285714
480, 385.57199999999995, 20.48830428571428, 17.242857142857144, 4.585714285714285, 110.9
481, 384.9683999999999, 20.129422857142856, 16.914285714285715, 4.771428571428571, 107.65714285714286
482, 384.36479999999995, 20.311227142857142, 18.014285714285716, 4.8428571428571425, 106.0
483, 383.7611999999999, 20.300338571428558, 18.042857142857144, 5.328571428571428, 103.32857142857142
484, 383.15759999999995, 20.575812857142854, 19.15714285714286, 5.485714285714286, 102.01428571428572
485, 382.5539999999999, 21.20763428571428, 19.8, 6.728571428571429, 99.47142857142858
486, 381.95039999999995, 21.483495714285713, 20.47142857142857, 7.414285714285715, 96.6
487, 381.3467999999999, 22.284222857142854, 21.2, 8.942857142857143, 93.84285714285714
488, 380.74319999999994, 22.52067, 21.728571428571428, 9.342857142857143, 92.47142857142858
489, 380.1395999999999, 23.113405714285722, 22.37142857142857, 10.585714285714285, 89.58571428571429
490, 379.53599999999994, 23.377817142857154, 22.82857142857143, 11.3, 87.02857142857142
491, 378.9323999999999, 24.344739999999987, 23.885714285714286, 12.9, 84.5
492, 378.32879999999994, 24.531032857142858, 24.385714285714286, 13.342857142857143, 82.54285714285714
493, 377.7251999999999, 24.530685714285706, 24.428571428571427, 13.814285714285715, 80.0
494, 377.12159999999994, 24.783787142857136, 25.12857142857143, 14.0, 79.42857142857143
495, 376.5179999999999, 25.492868571428577, 25.885714285714286, 15.0, 78.51428571428572
496, 375.91439999999994, 25.363024285714285, 26.185714285714287, 14.82857142857143, 77.47142857142858
497, 375.3107999999999, 25.48968285714286, 26.314285714285713, 15.228571428571428, 76.18571428571428
498, 374.70719999999994, 25.26711857142856, 26.814285714285713, 14.9, 74.61428571428571
499, 374.1035999999999, 25.453951428571433, 26.914285714285715, 15.414285714285715, 73.34285714285714
