Extraction [ img/SOLs2-4.png ] effectuee 2026-04-16 17:47:14.136740
Calibration: -0.6036*x + 675.3 [Largeur 500]

pixel, longueur d'onde, intensite, r, g, b
0, 675.3, 70.25565333333336, 119.13333333333334, 47.4, 59.85
1, 674.6963999999999, 71.05539500000003, 120.05, 48.15, 60.6
2, 674.0928, 71.32037166666667, 121.11666666666666, 48.0, 60.9
3, 673.4892, 71.46989666666668, 121.53333333333333, 48.016666666666666, 61.03333333333333
4, 672.8856, 71.28309666666668, 122.36666666666666, 47.3, 60.9
5, 672.2819999999999, 71.90134833333332, 123.18333333333334, 47.85, 61.35
6, 671.6784, 72.68374166666663, 124.75, 48.333333333333336, 61.61666666666667
7, 671.0748, 73.7297633333333, 126.03333333333333, 49.3, 62.45
8, 670.4712, 74.53177499999998, 127.91666666666667, 49.61666666666667, 62.916666666666664
9, 669.8675999999999, 75.24665333333331, 128.96666666666667, 50.18333333333333, 63.516666666666666
10, 669.264, 75.66942833333334, 130.71666666666667, 49.983333333333334, 63.666666666666664
11, 668.6604, 75.80157000000003, 131.13333333333333, 49.983333333333334, 63.733333333333334
12, 668.0568, 76.14377, 132.8, 49.75, 63.56666666666667
13, 667.4531999999999, 76.49889833333332, 133.35, 50.016666666666666, 63.86666666666667
14, 666.8496, 76.95336333333334, 134.86666666666667, 50.083333333333336, 63.53333333333333
15, 666.246, 77.41528666666666, 135.46666666666667, 50.5, 63.86666666666667
16, 665.6424, 78.19683333333334, 137.33333333333334, 50.8, 64.28333333333333
17, 665.0387999999999, 78.64979666666666, 138.03333333333333, 51.166666666666664, 64.53333333333333
18, 664.4352, 78.88340833333334, 139.91666666666666, 50.68333333333333, 64.13333333333334
19, 663.8316, 79.46391499999999, 140.68333333333334, 51.233333333333334, 64.38333333333334
20, 663.228, 80.19847333333333, 142.6, 51.46666666666667, 64.6
21, 662.6243999999999, 81.39271166666664, 144.05, 52.63333333333333, 65.26666666666667
22, 662.0208, 81.78542499999996, 145.75, 52.55, 64.68333333333334
23, 661.4172, 82.06101166666667, 146.55, 52.68333333333333, 64.31666666666666
24, 660.8136, 82.20271833333331, 147.81666666666666, 52.38333333333333, 63.78333333333333
25, 660.2099999999999, 82.74769333333333, 148.73333333333332, 52.9, 63.5
26, 659.6064, 83.312835, 150.81666666666666, 52.86666666666667, 63.166666666666664
27, 659.0028, 83.51354666666663, 151.53333333333333, 52.96666666666667, 62.53333333333333
28, 658.3992, 83.62628833333332, 152.61666666666667, 52.733333333333334, 61.88333333333333
29, 657.7955999999999, 83.93523, 153.2, 53.05, 61.43333333333333
30, 657.192, 84.76115499999999, 155.11666666666667, 53.516666666666666, 61.25
31, 656.5884, 85.69419833333335, 156.35, 54.416666666666664, 61.56666666666667
32, 655.9848, 86.52787333333332, 158.1, 54.916666666666664, 61.71666666666667
33, 655.3811999999999, 86.88370333333336, 158.96666666666667, 55.13333333333333, 61.45
34, 654.7776, 87.52708500000001, 161.15, 55.15, 61.28333333333333
35, 654.174, 87.73590833333334, 161.91666666666666, 55.18333333333333, 60.93333333333333
36, 653.5704, 88.06850333333335, 163.46666666666667, 54.983333333333334, 60.81666666666667
37, 652.9667999999999, 88.52447499999995, 164.41666666666666, 55.266666666666666, 60.86666666666667
38, 652.3632, 89.16532833333329, 166.05, 55.416666666666664, 61.43333333333333
39, 651.7596, 89.90786333333335, 167.03333333333333, 56.1, 61.85
40, 651.156, 90.57039333333334, 168.9, 56.21666666666667, 62.166666666666664
41, 650.5523999999999, 90.61654166666669, 169.08333333333334, 56.266666666666666, 61.833333333333336
42, 649.9488, 90.92286833333331, 170.65, 56.016666666666666, 61.7
43, 649.3452, 91.12441999999997, 171.13333333333333, 56.13333333333333, 61.6
44, 648.7416, 91.69625666666666, 172.6, 56.38333333333333, 61.483333333333334
45, 648.1379999999999, 92.37973166666664, 173.51666666666668, 57.0, 61.9
46, 647.5344, 92.54328666666666, 174.3, 56.983333333333334, 61.36666666666667
47, 646.9308, 92.92499500000002, 174.88333333333333, 57.333333333333336, 61.38333333333333
48, 646.3272, 93.38040666666666, 176.43333333333334, 57.31666666666667, 61.4
49, 645.7235999999999, 93.97511333333335, 177.36666666666667, 57.78333333333333, 61.766666666666666
50, 645.12, 95.102855, 179.78333333333333, 58.38333333333333, 62.233333333333334
51, 644.5164, 95.26552833333336, 180.21666666666667, 58.43333333333333, 62.266666666666666
52, 643.9128, 95.89241999999999, 181.96666666666667, 58.61666666666667, 62.233333333333334
53, 643.3091999999999, 95.85411166666664, 182.21666666666667, 58.45, 62.1
54, 642.7056, 95.91102500000004, 183.08333333333334, 58.18333333333333, 61.7
55, 642.102, 96.36742833333334, 183.71666666666667, 58.583333333333336, 61.983333333333334
56, 641.4984, 96.89936000000003, 185.4, 58.6, 62.15
57, 640.8947999999999, 97.55058166666667, 186.18333333333334, 59.21666666666667, 62.63333333333333
58, 640.2912, 97.94718833333333, 187.61666666666667, 59.13333333333333, 62.78333333333333
59, 639.6876, 98.70571666666669, 188.5, 59.833333333333336, 63.516666666666666
60, 639.084, 99.03704666666663, 190.03333333333333, 59.516666666666666, 64.03333333333333
61, 638.4803999999999, 99.34662166666666, 190.45, 59.78333333333333, 64.28333333333333
62, 637.8768, 100.0305866666667, 191.96666666666667, 60.05, 64.93333333333334
63, 637.2732, 100.34188166666671, 192.35, 60.333333333333336, 65.2
64, 636.6696, 100.69495833333333, 193.58333333333334, 60.2, 65.75
65, 636.0659999999999, 101.2438266666667, 194.23333333333332, 60.71666666666667, 66.2
66, 635.4624, 101.62569833333332, 195.85, 60.56666666666667, 66.08333333333333
67, 634.8588, 102.20419999999997, 196.5, 61.15, 66.45
68, 634.2552, 102.97149833333327, 198.18333333333334, 61.6, 66.45
69, 633.6515999999999, 103.5656933333333, 199.06666666666666, 62.13333333333333, 66.6
70, 633.048, 103.19790333333336, 199.96666666666667, 61.333333333333336, 65.13333333333334
71, 632.4444, 103.51313833333334, 200.45, 61.766666666666666, 64.4
72, 631.8408, 103.93211333333333, 201.53333333333333, 62.0, 64.03333333333333
73, 631.2371999999999, 104.64848833333339, 202.28333333333333, 62.9, 63.71666666666667
74, 630.6336, 105.7803916666667, 204.25, 63.833333333333336, 63.68333333333333
75, 630.03, 106.79067666666666, 205.23333333333332, 65.06666666666666, 63.61666666666667
76, 629.4264, 107.61815833333331, 206.75, 65.61666666666666, 64.06666666666666
77, 628.8227999999999, 107.49360000000003, 206.66666666666666, 65.56666666666666, 63.45
78, 628.2192, 108.60679000000005, 208.43333333333334, 66.23333333333333, 65.15
79, 627.6156, 109.54475666666664, 209.43333333333334, 67.16666666666667, 65.95
80, 627.012, 109.94500166666667, 210.65, 67.08333333333333, 66.7
81, 626.4083999999999, 110.20676499999998, 211.01666666666668, 67.31666666666666, 66.83333333333333
82, 625.8048, 110.44113499999999, 212.15, 67.1, 67.03333333333333
83, 625.2012, 110.88606166666666, 212.71666666666667, 67.55, 67.13333333333334
84, 624.5975999999999, 111.99728333333339, 214.5, 68.36666666666666, 68.0
85, 623.9939999999999, 112.12244666666666, 214.86666666666667, 68.5, 67.45
86, 623.3904, 113.65671499999999, 216.68333333333334, 70.03333333333333, 68.25
87, 622.7868, 114.65511166666661, 217.88333333333333, 71.11666666666666, 68.28333333333333
88, 622.1831999999999, 115.52581166666667, 219.55, 71.68333333333334, 68.63333333333334
89, 621.5795999999999, 115.8963533333333, 219.96666666666667, 72.18333333333334, 68.21666666666667
90, 620.976, 116.75516666666665, 221.33333333333334, 72.96666666666667, 68.13333333333334
91, 620.3724, 117.46897166666668, 222.11666666666667, 73.8, 68.05
92, 619.7687999999999, 117.78444500000002, 223.55, 73.75, 67.31666666666666
93, 619.1651999999999, 118.52649499999998, 224.38333333333333, 74.58333333333333, 67.35
94, 618.5616, 119.27211666666669, 225.83333333333334, 75.06666666666666, 67.6
95, 617.958, 120.5801833333333, 227.33333333333334, 76.35, 68.53333333333333
96, 617.3543999999999, 121.25190666666667, 228.93333333333334, 76.66666666666667, 68.6
97, 616.7507999999999, 121.86456166666666, 229.71666666666667, 77.25, 68.91666666666667
98, 616.1472, 123.26207499999997, 231.91666666666666, 78.41666666666667, 69.4
99, 615.5436, 123.99780333333332, 232.8, 79.11666666666666, 69.93333333333334
100, 614.9399999999999, 124.22126, 233.56666666666666, 79.11666666666666, 69.88333333333334
101, 614.3363999999999, 125.06162666666664, 234.4, 80.03333333333333, 70.35
102, 613.7328, 125.94781500000003, 235.85, 80.85, 70.11666666666666
103, 613.1292, 126.87554333333335, 236.9, 81.86666666666666, 70.26666666666667
104, 612.5255999999999, 127.40231166666672, 237.71666666666667, 82.4, 70.0
105, 611.9219999999999, 128.1622616666666, 238.38333333333333, 83.41666666666667, 69.68333333333334
106, 611.3184, 128.83491166666667, 239.38333333333333, 84.16666666666667, 69.1
107, 610.7148, 129.86286333333334, 240.36666666666667, 85.43333333333334, 69.01666666666667
108, 610.1111999999999, 131.1177833333333, 241.66666666666666, 86.88333333333334, 69.15
109, 609.5075999999999, 132.59941333333333, 243.03333333333333, 88.65, 69.46666666666667
110, 608.904, 133.665265, 244.35, 89.75, 69.7
111, 608.3004, 134.82138166666667, 245.35, 91.33333333333333, 69.06666666666666
112, 607.6967999999999, 135.88774833333338, 246.35, 92.66666666666667, 68.93333333333334
113, 607.0931999999999, 136.820875, 246.91666666666666, 94.11666666666666, 68.16666666666667
114, 606.4896, 137.57140166666662, 247.65, 95.08333333333333, 67.85
115, 605.886, 138.3130483333333, 248.18333333333334, 96.25, 66.95
116, 605.2823999999999, 139.19524666666666, 248.7, 97.48333333333333, 66.98333333333333
117, 604.6787999999999, 139.61750666666666, 248.76666666666668, 98.35, 66.05
118, 604.0752, 140.70790666666662, 249.43333333333334, 99.91666666666667, 65.8
119, 603.4716, 141.272345, 249.71666666666667, 100.86666666666666, 65.11666666666666
120, 602.8679999999999, 141.99215999999996, 250.4, 101.8, 64.83333333333333
121, 602.2643999999999, 142.54992499999992, 250.75, 102.75, 63.916666666666664
122, 601.6608, 142.98803166666661, 251.18333333333334, 103.46666666666667, 62.93333333333333
123, 601.0572, 143.73393999999993, 251.6, 104.7, 62.03333333333333
124, 600.4535999999999, 144.53734166666666, 252.25, 105.88333333333334, 61.28333333333333
125, 599.8499999999999, 145.06290833333335, 252.41666666666666, 106.93333333333334, 60.05
126, 599.2464, 146.271555, 253.45, 108.45, 60.13333333333333
127, 598.6428, 147.21435833333325, 253.75, 110.01666666666667, 59.55
128, 598.0391999999999, 147.91447666666667, 253.9, 111.23333333333333, 59.03333333333333
129, 597.4355999999999, 148.64841666666672, 254.16666666666666, 112.5, 58.25
130, 596.832, 149.60983333333334, 254.5, 114.01666666666667, 58.0
131, 596.2284, 150.19824999999992, 254.5, 115.1, 57.583333333333336
132, 595.6247999999999, 150.85234666666665, 254.7, 116.08333333333333, 57.733333333333334
133, 595.0211999999999, 151.38681666666662, 254.66666666666666, 117.15, 57.016666666666666
134, 594.4176, 151.59414666666655, 254.7, 117.58333333333333, 56.516666666666666
135, 593.814, 152.01748333333327, 254.66666666666666, 118.48333333333333, 55.68333333333333
136, 593.2103999999999, 152.56239999999994, 254.66666666666666, 119.46666666666667, 55.4
137, 592.6067999999999, 153.16540166666664, 254.65, 120.58333333333333, 54.983333333333334
138, 592.0032, 153.80224333333325, 254.56666666666666, 121.73333333333333, 54.86666666666667
139, 591.3996, 154.669625, 254.75, 123.15, 54.7
140, 590.7959999999999, 155.31974, 254.76666666666668, 124.21666666666667, 54.86666666666667
141, 590.1923999999999, 155.64305666666667, 254.43333333333334, 125.06666666666666, 54.2
142, 589.5888, 156.000395, 254.21666666666667, 125.86666666666666, 53.78333333333333
143, 588.9852, 156.9093233333333, 254.6, 127.21666666666667, 53.8
144, 588.3815999999999, 157.64625999999996, 254.73333333333332, 128.43333333333334, 53.65
145, 587.7779999999999, 158.35279500000007, 254.71666666666667, 129.71666666666667, 53.28333333333333
146, 587.1744, 159.57909833333332, 254.85, 131.66666666666666, 53.65
147, 586.5708, 159.7236233333334, 254.76666666666668, 132.13333333333333, 52.733333333333334
148, 585.9671999999999, 160.03266166666668, 254.71666666666667, 132.75, 52.4
149, 585.3635999999999, 160.40962499999998, 254.75, 133.55, 51.5
150, 584.76, 160.71951333333334, 254.7, 134.21666666666667, 50.916666666666664
151, 584.1564, 161.02416666666664, 254.83333333333334, 134.81666666666666, 50.15
152, 583.5527999999999, 161.37680833333337, 254.75, 135.56666666666666, 49.6
153, 582.9491999999999, 161.7704283333333, 254.71666666666667, 136.28333333333333, 49.45
154, 582.3456, 162.12104499999998, 254.55, 137.15, 48.5
155, 581.742, 162.63278499999998, 254.65, 138.0, 48.35
156, 581.1383999999999, 163.36869833333333, 254.68333333333334, 139.35, 47.766666666666666
157, 580.5347999999999, 164.02875666666662, 254.76666666666668, 140.5, 47.416666666666664
158, 579.9312, 164.7727533333332, 254.8, 141.76666666666668, 47.333333333333336
159, 579.3276, 165.42295166666662, 254.81666666666666, 142.95, 46.9
160, 578.7239999999999, 166.08969, 254.76666666666668, 144.26666666666668, 46.1
161, 578.1203999999999, 166.41398333333336, 254.66666666666666, 144.98333333333332, 45.516666666666666
162, 577.5168, 166.679915, 254.51666666666668, 145.71666666666667, 44.46666666666667
163, 576.9132, 166.99799333333326, 254.73333333333332, 146.2, 44.2
164, 576.3095999999999, 167.3344549999999, 254.78333333333333, 146.78333333333333, 44.016666666666666
165, 575.7059999999999, 167.55048999999997, 254.76666666666668, 147.26666666666668, 43.46666666666667
166, 575.1024, 168.11169, 254.6, 148.45, 42.733333333333334
167, 574.4988, 168.40946166666663, 254.71666666666667, 149.05, 41.95
168, 573.8951999999999, 168.92559666666676, 254.86666666666667, 149.95, 41.45
169, 573.2915999999999, 169.39704833333337, 254.85, 150.81666666666666, 41.166666666666664
170, 572.688, 169.80813500000005, 254.81666666666666, 151.66666666666666, 40.483333333333334
171, 572.0844, 169.98914833333336, 254.85, 152.11666666666667, 39.666666666666664
172, 571.4807999999999, 170.50460999999993, 254.73333333333332, 153.08333333333334, 39.516666666666666
173, 570.8771999999999, 171.24352333333334, 254.93333333333334, 154.25, 39.46666666666667
174, 570.2736, 171.47557833333335, 254.71666666666667, 154.83333333333334, 39.06666666666667
175, 569.67, 172.01358666666664, 254.8, 155.73333333333332, 38.93333333333333
176, 569.0663999999999, 172.4637016666666, 254.65, 156.68333333333334, 38.38333333333333
177, 568.4627999999999, 172.8895533333333, 254.63333333333333, 157.55, 37.7
178, 567.8592, 173.4412, 254.66666666666666, 158.56666666666666, 37.21666666666667
179, 567.2556, 173.80226499999998, 254.68333333333334, 159.28333333333333, 36.65
180, 566.6519999999999, 174.2034633333333, 254.53333333333333, 160.15, 36.1
181, 566.0483999999999, 174.6279766666666, 254.73333333333332, 160.81666666666666, 35.86666666666667
182, 565.4448, 175.08189333333337, 254.73333333333332, 161.7, 35.3
183, 564.8412, 175.46693999999997, 254.76666666666668, 162.41666666666666, 34.9
184, 564.2375999999999, 175.74089999999998, 254.66666666666666, 162.96666666666667, 34.733333333333334
185, 563.6339999999999, 176.25592833333334, 254.71666666666667, 163.88333333333333, 34.4
186, 563.0304, 176.9615583333333, 254.75, 165.01666666666668, 34.666666666666664
187, 562.4268, 177.33315166666665, 254.65, 165.83333333333334, 33.983333333333334
188, 561.8231999999999, 177.64133833333332, 254.45, 166.46666666666667, 33.95
189, 561.2195999999999, 178.0951516666666, 254.48333333333332, 167.31666666666666, 33.46666666666667
190, 560.616, 178.34148333333331, 254.5, 167.76666666666668, 33.266666666666666
191, 560.0124, 178.97034, 254.6, 168.8, 33.2
192, 559.4087999999999, 179.44697499999995, 254.75, 169.5, 33.38333333333333
193, 558.8052, 179.9294416666667, 254.91666666666666, 170.25, 33.31666666666667
194, 558.2016, 180.27629999999996, 254.83333333333334, 170.88333333333333, 33.31666666666667
195, 557.598, 180.4243883333333, 254.61666666666667, 171.33333333333334, 32.86666666666667
196, 556.9943999999999, 181.07473166666657, 254.68333333333334, 172.31666666666666, 33.333333333333336
197, 556.3907999999999, 181.3112033333333, 254.63333333333333, 172.8, 33.05
198, 555.7872, 181.8592216666666, 254.61666666666667, 173.7, 33.266666666666666
199, 555.1836, 182.39422499999995, 254.75, 174.55, 33.233333333333334
200, 554.5799999999999, 182.86176499999996, 254.68333333333334, 175.28333333333333, 33.733333333333334
201, 553.9764, 182.95069166666661, 254.58333333333334, 175.56666666666666, 33.31666666666667
202, 553.3728, 183.23193999999992, 254.43333333333334, 176.08333333333334, 33.516666666666666
203, 552.7692, 183.68603166666662, 254.68333333333334, 176.71666666666667, 33.583333333333336
204, 552.1655999999999, 184.18831166666658, 254.71666666666667, 177.4, 34.38333333333333
205, 551.5619999999999, 184.41756333333333, 254.7, 177.76666666666668, 34.55
206, 550.9584, 184.89036166666656, 254.71666666666667, 178.35, 35.65
207, 550.3548, 184.99553499999996, 254.31666666666666, 178.71666666666667, 35.733333333333334
208, 549.7511999999999, 185.33264666666665, 253.86666666666667, 179.3, 36.86666666666667
209, 549.1476, 185.70655500000004, 252.61666666666667, 180.46666666666667, 37.416666666666664
210, 548.544, 185.74210166666674, 251.31666666666666, 181.05, 38.13333333333333
211, 547.9404, 185.35763666666668, 249.46666666666667, 181.35, 38.06666666666667
212, 547.3367999999999, 185.12385333333333, 248.3, 181.51666666666668, 38.21666666666667
213, 546.7331999999999, 185.1294116666667, 246.71666666666667, 182.3, 38.38333333333333
214, 546.1296, 184.82565166666663, 244.81666666666666, 182.75, 38.38333333333333
215, 545.526, 184.7266, 243.33333333333334, 183.33333333333334, 38.4
216, 544.9223999999999, 184.41022999999998, 242.03333333333333, 183.33333333333334, 39.03333333333333
217, 544.3188, 184.34830500000004, 240.28333333333333, 184.08333333333334, 39.21666666666667
218, 543.7152, 184.33973333333327, 238.66666666666666, 184.73333333333332, 40.03333333333333
219, 543.1116, 184.49688833333337, 236.78333333333333, 185.85, 40.6
220, 542.5079999999999, 184.32985833333333, 235.41666666666666, 186.08333333333334, 41.516666666666666
221, 541.9043999999999, 184.19567333333327, 233.26666666666668, 186.93333333333334, 41.6
222, 541.3008, 183.9851983333333, 231.85, 187.16666666666666, 42.266666666666666
223, 540.6972, 184.1200633333333, 229.86666666666667, 188.28333333333333, 42.9
224, 540.0935999999999, 183.71268500000002, 228.48333333333332, 188.08333333333334, 43.983333333333334
225, 539.49, 183.6088683333334, 225.98333333333332, 189.05, 44.65
226, 538.8864, 183.294795, 224.38333333333333, 188.98333333333332, 46.43333333333333
227, 538.2828, 182.60819333333336, 221.9, 189.01666666666668, 46.75
228, 537.6791999999999, 182.4588033333334, 220.63333333333333, 189.2, 47.81666666666667
229, 537.0755999999999, 181.84581999999995, 218.3, 189.25, 48.3
230, 536.472, 181.50794333333334, 216.56666666666666, 189.23333333333332, 49.96666666666667
231, 535.8684, 180.9104183333333, 214.48333333333332, 189.15, 50.61666666666667
232, 535.2647999999999, 180.56081333333336, 213.03333333333333, 189.05, 51.86666666666667
233, 534.6612, 180.49733333333336, 211.33333333333334, 189.5, 53.45
234, 534.0576, 180.1755833333333, 209.66666666666666, 189.48333333333332, 55.083333333333336
235, 533.454, 179.30242666666666, 207.06666666666666, 189.2, 55.7
236, 532.8503999999999, 178.38691000000003, 205.06666666666666, 188.61666666666667, 55.916666666666664
237, 532.2467999999999, 177.66264499999997, 203.05, 188.4, 55.96666666666667
238, 531.6432, 177.07529666666667, 201.53333333333333, 188.11666666666667, 56.25
239, 531.0396, 176.21104166666666, 199.75, 187.63333333333333, 55.833333333333336
240, 530.4359999999999, 176.104455, 198.61666666666667, 187.76666666666668, 57.18333333333333
241, 529.8324, 175.53484999999998, 197.16666666666666, 187.46666666666667, 57.53333333333333
242, 529.2288, 174.80595, 195.33333333333334, 186.88333333333333, 58.95
243, 528.6252, 174.18788999999995, 193.76666666666668, 186.56666666666666, 59.266666666666666
244, 528.0215999999999, 173.39944999999994, 192.16666666666666, 185.86666666666667, 60.15
245, 527.4179999999999, 172.89933166666668, 190.85, 185.63333333333333, 60.416666666666664
246, 526.8144, 172.7248033333333, 189.96666666666667, 185.53333333333333, 61.71666666666667
247, 526.2108, 171.84260166666667, 188.48333333333332, 184.86666666666667, 61.3
248, 525.6071999999999, 170.79124666666672, 186.7, 183.88333333333333, 61.81666666666667
249, 525.0036, 170.81835166666673, 186.15, 184.08333333333334, 62.46666666666667
250, 524.4, 169.87884999999997, 184.5, 183.2, 63.1
251, 523.7964, 169.33723666666663, 183.3, 182.83333333333334, 63.38333333333333
252, 523.1927999999999, 169.14506999999998, 182.46666666666667, 182.71666666666667, 64.48333333333333
253, 522.5891999999999, 168.30004666666667, 181.03333333333333, 182.01666666666668, 64.43333333333334
254, 521.9856, 167.80562666666665, 180.23333333333332, 181.41666666666666, 65.28333333333333
255, 521.382, 167.1256083333333, 178.91666666666666, 180.88333333333333, 65.51666666666667
256, 520.7783999999999, 166.3256383333333, 177.45, 180.06666666666666, 66.55
257, 520.1748, 165.74213833333332, 175.95, 179.71666666666667, 67.16666666666667
258, 519.5712, 164.89072666666664, 174.23333333333332, 178.81666666666666, 68.83333333333333
259, 518.9676, 163.95038000000002, 172.36666666666667, 178.11666666666667, 69.08333333333333
260, 518.3639999999999, 163.59477166666665, 171.61666666666667, 177.65, 70.33333333333333
261, 517.7603999999999, 162.94525500000003, 170.11666666666667, 177.21666666666667, 70.8
262, 517.1568, 162.34110666666663, 168.26666666666668, 177.0, 71.46666666666667
263, 516.5532, 161.44870166666666, 166.31666666666666, 176.45, 71.58333333333333
264, 515.9495999999999, 160.28601333333336, 164.53333333333333, 175.4, 71.46666666666667
265, 515.346, 159.38606333333334, 162.53333333333333, 174.95, 71.13333333333334
266, 514.7424, 158.53188999999995, 160.93333333333334, 174.18333333333334, 71.78333333333333
267, 514.1388, 158.01323, 159.2, 174.15, 71.95
268, 513.5351999999999, 157.3117333333334, 157.5, 173.61666666666667, 73.0
269, 512.9315999999999, 156.646175, 156.08333333333334, 173.23333333333332, 72.85
270, 512.328, 156.05085833333337, 154.41666666666666, 172.88333333333333, 73.8
271, 511.72439999999995, 154.72784166666668, 152.41666666666666, 171.8, 73.01666666666667
272, 511.1207999999999, 154.77930166666656, 151.31666666666666, 172.15, 74.55
273, 510.51719999999995, 153.57101000000003, 149.23333333333332, 171.23333333333332, 74.13333333333334
274, 509.9136, 152.29769500000003, 147.05, 170.15, 74.26666666666667
275, 509.30999999999995, 151.2446516666666, 144.98333333333332, 169.46666666666667, 73.96666666666667
276, 508.7063999999999, 150.95295666666664, 143.93333333333334, 169.31666666666666, 74.93333333333334
277, 508.10279999999995, 150.07548, 142.36666666666667, 168.71666666666667, 74.43333333333334
278, 507.4992, 149.85481166666665, 141.38333333333333, 168.66666666666666, 75.33333333333333
279, 506.89559999999994, 149.354595, 139.88333333333333, 168.63333333333333, 75.05
280, 506.2919999999999, 147.9031766666666, 137.73333333333332, 167.21666666666667, 75.25
281, 505.68839999999994, 146.72225833333331, 135.58333333333334, 166.4, 74.73333333333333
282, 505.0848, 146.3103583333333, 134.58333333333334, 165.9, 76.31666666666666
283, 504.48119999999994, 145.23946833333335, 132.48333333333332, 165.2, 76.03333333333333
284, 503.8775999999999, 144.05473833333332, 130.61666666666667, 163.98333333333332, 76.8
285, 503.27399999999994, 142.32688166666665, 128.01666666666668, 162.6, 75.58333333333333
286, 502.6704, 140.66675166666664, 125.81666666666666, 160.85, 75.8
287, 502.06679999999994, 140.96374666666668, 125.2, 161.33333333333334, 77.53333333333333
288, 501.4631999999999, 139.83067333333332, 123.1, 160.21666666666667, 78.85
289, 500.85959999999994, 138.27440333333337, 120.46666666666667, 158.78333333333333, 79.48333333333333
290, 500.256, 137.82792999999998, 118.86666666666666, 158.41666666666666, 81.65
291, 499.65239999999994, 136.84168999999994, 116.76666666666667, 157.66666666666666, 82.36666666666666
292, 499.0487999999999, 136.21568666666664, 115.46666666666667, 157.0, 83.71666666666667
293, 498.44519999999994, 134.75551, 112.9, 155.8, 83.81666666666666
294, 497.84159999999997, 134.41812166666668, 111.61666666666666, 155.5, 85.76666666666667
295, 497.23799999999994, 132.49551166666663, 108.55, 153.88333333333333, 85.26666666666667
296, 496.6343999999999, 130.90484, 106.43333333333334, 152.18333333333334, 85.61666666666666
297, 496.03079999999994, 130.75357333333335, 105.43333333333334, 152.15, 87.08333333333333
298, 495.42719999999997, 129.75364166666665, 103.58333333333333, 151.11666666666667, 88.48333333333333
299, 494.82359999999994, 127.73374, 100.76666666666667, 149.21666666666667, 87.93333333333334
300, 494.2199999999999, 127.54374666666664, 99.7, 149.08333333333334, 89.75
301, 493.61639999999994, 125.75931999999995, 97.3, 147.45, 88.8
302, 493.01279999999997, 124.64809499999998, 95.88333333333334, 146.33333333333334, 88.51666666666667
303, 492.40919999999994, 123.18467333333334, 94.1, 144.91666666666666, 87.65
304, 491.8055999999999, 122.58112499999999, 93.41666666666667, 144.11666666666667, 88.26666666666667
305, 491.20199999999994, 121.74930166666664, 92.31666666666666, 143.25, 88.31666666666666
306, 490.59839999999997, 120.94722833333329, 91.21666666666667, 142.23333333333332, 89.4
307, 489.99479999999994, 120.45956499999998, 90.35, 141.75, 89.88333333333334
308, 489.3911999999999, 119.24302333333337, 88.93333333333334, 140.25, 90.65
309, 488.78759999999994, 117.60591166666667, 87.05, 138.53333333333333, 90.06666666666666
310, 488.18399999999997, 117.23297166666671, 86.61666666666666, 137.85, 91.45
311, 487.58039999999994, 116.0668966666667, 85.36666666666666, 136.5, 91.45
312, 486.9767999999999, 115.8096883333333, 85.28333333333333, 135.8, 93.01666666666667
313, 486.37319999999994, 114.73412333333332, 84.1, 134.46666666666667, 93.55
314, 485.76959999999997, 114.0556383333333, 83.45, 133.36666666666667, 94.96666666666667
315, 485.16599999999994, 113.48502999999997, 82.53333333333333, 132.68333333333334, 95.88333333333334
316, 484.5623999999999, 112.46618666666663, 81.8, 131.13333333333333, 96.85
317, 483.95879999999994, 111.21929999999999, 80.33333333333333, 129.73333333333332, 96.96666666666667
318, 483.35519999999997, 109.97785499999999, 79.28333333333333, 128.03333333333333, 97.58333333333333
319, 482.75159999999994, 108.69422499999999, 77.75, 126.65, 97.46666666666667
320, 482.1479999999999, 107.73659833333332, 77.18333333333334, 125.1, 98.53333333333333
321, 481.54439999999994, 106.40330500000002, 75.61666666666666, 123.61666666666666, 98.58333333333333
322, 480.94079999999997, 105.27501833333335, 74.65, 121.96666666666667, 99.71666666666667
323, 480.33719999999994, 103.97926999999999, 73.13333333333334, 120.58333333333333, 99.45
324, 479.7335999999999, 102.74894333333337, 72.23333333333333, 118.8, 100.2
325, 479.12999999999994, 101.58360666666671, 70.93333333333334, 117.36666666666666, 100.76666666666667
326, 478.52639999999997, 100.85702833333335, 70.38333333333334, 116.15, 102.1
327, 477.92279999999994, 99.89783666666668, 69.46666666666667, 114.85, 102.78333333333333
328, 477.3191999999999, 99.09307333333332, 68.76666666666667, 113.68333333333334, 103.56666666666666
329, 476.71559999999994, 98.33938166666667, 68.01666666666667, 112.6, 104.5
330, 476.11199999999997, 97.10715499999999, 67.11666666666666, 110.81666666666666, 105.23333333333333
331, 475.50839999999994, 96.07098000000003, 66.03333333333333, 109.48333333333333, 105.85
332, 474.9047999999999, 95.15977833333335, 65.71666666666667, 107.83333333333333, 107.18333333333334
333, 474.30119999999994, 94.36865166666662, 64.81666666666666, 106.85, 107.66666666666667
334, 473.69759999999997, 93.66881, 64.73333333333333, 105.48333333333333, 108.78333333333333
335, 473.09399999999994, 92.34594666666665, 63.53333333333333, 103.86666666666666, 108.65
336, 472.4903999999999, 91.31686, 63.06666666666667, 102.16666666666667, 109.6
337, 471.88679999999994, 90.44757166666666, 62.28333333333333, 101.01666666666667, 109.95
338, 471.28319999999997, 89.47009499999999, 61.71666666666667, 99.41666666666667, 111.1
339, 470.67959999999994, 88.32913666666667, 60.63333333333333, 98.06666666666666, 110.88333333333334
340, 470.0759999999999, 87.17448666666668, 59.8, 96.43333333333334, 111.35
341, 469.47239999999994, 86.51724833333334, 59.18333333333333, 95.55, 111.75
342, 468.86879999999996, 86.263285, 59.483333333333334, 94.78333333333333, 112.68333333333334
343, 468.26519999999994, 85.35792333333332, 58.6, 93.71666666666667, 112.55
344, 467.6615999999999, 84.34565833333332, 57.916666666666664, 92.23333333333333, 113.1
345, 467.05799999999994, 83.05101833333333, 56.65, 90.76666666666667, 112.61666666666666
346, 466.45439999999996, 82.25249, 56.266666666666666, 89.31666666666666, 114.08333333333333
347, 465.85079999999994, 81.71896833333332, 55.81666666666667, 88.53333333333333, 114.61666666666666
348, 465.2471999999999, 80.94196166666666, 55.38333333333333, 87.21666666666667, 115.71666666666667
349, 464.64359999999994, 79.79322333333334, 54.266666666666666, 85.88333333333334, 115.43333333333334
350, 464.03999999999996, 78.370265, 53.516666666666666, 83.76666666666667, 115.81666666666666
351, 463.43639999999994, 77.08155333333333, 52.3, 82.21666666666667, 115.68333333333334
352, 462.8327999999999, 76.29897, 51.8, 80.85, 117.16666666666667
353, 462.22919999999993, 75.49397999999998, 51.2, 79.7, 117.6
354, 461.62559999999996, 74.33803666666667, 50.3, 77.93333333333334, 118.91666666666667
355, 461.02199999999993, 73.94818333333332, 49.833333333333336, 77.4, 119.46666666666667
356, 460.4183999999999, 73.85379833333336, 50.016666666666666, 76.78333333333333, 121.33333333333333
357, 459.81479999999993, 73.10103999999998, 49.266666666666666, 75.86666666666666, 121.41666666666667
358, 459.21119999999996, 72.29250166666667, 48.983333333333334, 74.41666666666667, 122.53333333333333
359, 458.60759999999993, 71.37694333333334, 48.233333333333334, 73.2, 122.73333333333333
360, 458.0039999999999, 70.09759833333332, 47.516666666666666, 71.23333333333333, 123.51666666666667
361, 457.40039999999993, 69.20964333333332, 46.9, 69.96666666666667, 123.86666666666666
362, 456.79679999999996, 68.16422166666668, 46.28333333333333, 68.26666666666667, 125.06666666666666
363, 456.19319999999993, 67.20939833333331, 45.516666666666666, 66.93333333333334, 125.56666666666666
364, 455.5895999999999, 66.39194500000002, 45.05, 65.5, 127.0
365, 454.98599999999993, 65.58320833333336, 44.25, 64.51666666666667, 127.06666666666666
366, 454.38239999999996, 65.23294333333335, 44.4, 63.516666666666666, 128.75
367, 453.77879999999993, 64.176595, 43.38333333333333, 62.28333333333333, 128.5
368, 453.1751999999999, 62.98897166666666, 42.95, 60.28333333333333, 129.51666666666668
369, 452.57159999999993, 62.02629333333331, 42.233333333333334, 58.95, 129.81666666666666
370, 451.96799999999996, 61.16339666666663, 42.2, 57.28333333333333, 130.91666666666666
371, 451.36439999999993, 60.18171833333333, 41.483333333333334, 55.95, 131.05
372, 450.7607999999999, 58.85531, 40.9, 53.9, 131.5
373, 450.15719999999993, 57.80425000000002, 40.166666666666664, 52.46666666666667, 131.58333333333334
374, 449.55359999999996, 56.566765, 39.85, 50.4, 132.2
375, 448.94999999999993, 55.67442333333333, 39.266666666666666, 49.18333333333333, 132.16666666666666
376, 448.3463999999999, 54.16388, 38.7, 46.85, 132.41666666666666
377, 447.74279999999993, 53.072636666666654, 37.96666666666667, 45.4, 132.23333333333332
378, 447.13919999999996, 52.29106333333334, 38.2, 43.71666666666667, 133.43333333333334
379, 446.53559999999993, 51.521278333333335, 37.88333333333333, 42.45, 134.03333333333333
380, 445.9319999999999, 50.52365000000002, 38.166666666666664, 40.36666666666667, 135.26666666666668
381, 445.32839999999993, 49.52738666666667, 37.46666666666667, 39.0, 135.4
382, 444.72479999999996, 48.268228333333326, 37.21666666666667, 36.833333333333336, 136.16666666666666
383, 444.12119999999993, 47.26520833333331, 36.583333333333336, 35.35, 136.66666666666666
384, 443.51759999999996, 45.761154999999995, 36.28333333333333, 32.733333333333334, 137.73333333333332
385, 442.914, 43.697041666666664, 34.75, 30.033333333333335, 137.55
386, 442.31039999999996, 42.19750666666666, 34.43333333333333, 27.416666666666668, 138.7
387, 441.70679999999993, 41.431313333333335, 34.03333333333333, 26.15, 139.55
388, 441.10319999999996, 40.304061666666676, 33.55, 24.333333333333332, 140.28333333333333
389, 440.4996, 39.790905, 33.45, 23.4, 140.85
390, 439.89599999999996, 38.852320000000006, 34.13333333333333, 21.333333333333332, 141.46666666666667
391, 439.29239999999993, 38.38831500000001, 34.016666666666666, 20.566666666666666, 141.65
392, 438.68879999999996, 36.454575, 32.916666666666664, 17.916666666666668, 141.21666666666667
393, 438.0852, 36.36007333333334, 33.1, 17.516666666666666, 141.96666666666667
394, 437.48159999999996, 34.781995, 32.71666666666667, 14.916666666666666, 142.51666666666668
395, 436.87799999999993, 34.40634333333333, 32.56666666666667, 14.233333333333333, 143.13333333333333
396, 436.27439999999996, 33.84437, 32.8, 12.95, 144.2
397, 435.6708, 33.14956666666665, 32.166666666666664, 12.05, 144.4
398, 435.06719999999996, 31.92427833333333, 31.383333333333333, 10.3, 144.71666666666667
399, 434.46359999999993, 31.59620833333333, 31.083333333333332, 9.8, 145.2
400, 433.85999999999996, 31.11116833333334, 31.316666666666666, 8.683333333333334, 146.08333333333334
401, 433.2564, 30.069300000000005, 30.166666666666668, 7.516666666666667, 145.96666666666667
402, 432.65279999999996, 29.279723333333326, 30.1, 6.166666666666667, 146.16666666666666
403, 432.0491999999999, 29.039086666666662, 29.633333333333333, 5.916666666666667, 146.56666666666666
404, 431.44559999999996, 28.94833166666666, 30.016666666666666, 5.35, 147.68333333333334
405, 430.842, 28.272891666666663, 29.083333333333332, 4.716666666666667, 147.46666666666667
406, 430.23839999999996, 27.824699999999993, 28.833333333333332, 3.9833333333333334, 147.96666666666667
407, 429.6347999999999, 27.492239999999995, 28.266666666666666, 3.6666666666666665, 148.16666666666666
408, 429.03119999999996, 27.184894999999997, 28.383333333333333, 2.9833333333333334, 148.68333333333334
409, 428.4276, 26.932064999999987, 28.016666666666666, 2.716666666666667, 148.8
410, 427.82399999999996, 26.681696666666653, 27.866666666666667, 2.25, 149.4
411, 427.2203999999999, 25.960834999999996, 26.816666666666666, 1.6666666666666667, 148.83333333333334
412, 426.61679999999996, 25.29370999999999, 26.233333333333334, 0.7333333333333333, 149.31666666666666
413, 426.0132, 25.15928166666667, 25.85, 0.6833333333333333, 149.4
414, 425.40959999999995, 25.062929999999994, 25.533333333333335, 0.5833333333333334, 149.9
415, 424.8059999999999, 25.159733333333325, 25.5, 0.7166666666666667, 150.15
416, 424.20239999999995, 24.895141666666674, 24.916666666666668, 0.55, 150.21666666666667
417, 423.5988, 24.587286666666667, 24.466666666666665, 0.3, 149.98333333333332
418, 422.99519999999995, 24.559730000000002, 24.2, 0.35, 150.18333333333334
419, 422.3915999999999, 24.469163333333334, 24.033333333333335, 0.3, 150.08333333333334
420, 421.78799999999995, 24.595619999999997, 23.966666666666665, 0.4166666666666667, 150.76666666666668
421, 421.1844, 24.596365000000002, 23.85, 0.5, 150.65
422, 420.58079999999995, 24.646945000000006, 23.716666666666665, 0.5666666666666667, 151.1
423, 419.9771999999999, 24.498783333333336, 23.5, 0.4666666666666667, 150.88333333333333
424, 419.37359999999995, 24.59889833333332, 23.683333333333334, 0.45, 151.36666666666667
425, 418.7699999999999, 24.703820000000004, 23.633333333333333, 0.6833333333333333, 151.21666666666667
426, 418.16639999999995, 24.39945333333334, 23.133333333333333, 0.4, 151.31666666666666
427, 417.5627999999999, 24.275765000000003, 23.016666666666666, 0.31666666666666665, 150.96666666666667
428, 416.95919999999995, 24.327066666666674, 23.166666666666668, 0.25, 151.36666666666667
429, 416.3555999999999, 24.234191666666675, 22.916666666666668, 0.3, 150.95
430, 415.75199999999995, 24.243896666666668, 22.7, 0.43333333333333335, 150.91666666666666
431, 415.1483999999999, 24.17796166666667, 22.55, 0.5333333333333333, 150.21666666666667
432, 414.54479999999995, 24.12989333333333, 22.4, 0.5666666666666667, 150.01666666666668
433, 413.9411999999999, 24.093973333333334, 22.433333333333334, 0.55, 149.7
434, 413.33759999999995, 23.983586666666664, 22.466666666666665, 0.4, 149.41666666666666
435, 412.7339999999999, 23.904938333333345, 22.283333333333335, 0.45, 148.95
436, 412.13039999999995, 23.750746666666668, 22.2, 0.3333333333333333, 148.41666666666666
437, 411.5267999999999, 23.941716666666668, 22.333333333333332, 0.6166666666666667, 148.28333333333333
438, 410.92319999999995, 23.86248, 22.7, 0.35, 148.0
439, 410.3195999999999, 24.074918333333336, 22.983333333333334, 0.6, 147.83333333333334
440, 409.71599999999995, 23.95628833333333, 22.95, 0.4666666666666667, 147.56666666666666
441, 409.1123999999999, 23.644281666666675, 22.516666666666666, 0.35, 146.56666666666666
442, 408.50879999999995, 23.71942166666667, 22.783333333333335, 0.4166666666666667, 146.18333333333334
443, 407.9051999999999, 23.808993333333337, 22.9, 0.6166666666666667, 145.63333333333333
444, 407.30159999999995, 23.888190000000005, 23.266666666666666, 0.6166666666666667, 145.36666666666667
445, 406.6979999999999, 23.725195000000003, 23.05, 0.65, 144.33333333333334
446, 406.09439999999995, 23.541943333333336, 23.566666666666666, 0.23333333333333334, 143.51666666666668
447, 405.4907999999999, 23.63305833333334, 23.916666666666668, 0.3333333333333333, 142.88333333333333
448, 404.88719999999995, 23.71323500000001, 24.15, 0.5, 142.11666666666667
449, 404.2835999999999, 23.596030000000003, 24.2, 0.55, 140.7
450, 403.67999999999995, 23.565795000000005, 24.716666666666665, 0.4166666666666667, 139.76666666666668
451, 403.0763999999999, 23.537766666666663, 24.833333333333332, 0.5166666666666667, 138.7
452, 402.47279999999995, 23.477508333333336, 25.083333333333332, 0.4, 138.11666666666667
453, 401.8691999999999, 23.392346666666672, 25.033333333333335, 0.5166666666666667, 136.9
454, 401.26559999999995, 23.343418333333336, 25.15, 0.6166666666666667, 135.65
455, 400.6619999999999, 23.168125, 24.916666666666668, 0.6666666666666666, 134.46666666666667
456, 400.05839999999995, 22.96903, 25.366666666666667, 0.26666666666666666, 133.6
457, 399.4547999999999, 23.13635833333333, 25.583333333333332, 0.6, 132.78333333333333
458, 398.85119999999995, 22.95359500000001, 25.883333333333333, 0.3333333333333333, 131.76666666666668
459, 398.2475999999999, 22.92495166666667, 25.983333333333334, 0.4666666666666667, 130.56666666666666
460, 397.64399999999995, 23.111438333333336, 26.783333333333335, 0.5, 129.93333333333334
461, 397.0403999999999, 22.926928333333343, 26.55, 0.5666666666666667, 128.58333333333334
462, 396.43679999999995, 23.20996, 27.066666666666666, 0.8666666666666667, 128.16666666666666
463, 395.8331999999999, 23.010535000000004, 26.983333333333334, 0.8833333333333333, 126.55
464, 395.22959999999995, 23.088558333333328, 27.416666666666668, 0.9833333333333333, 125.58333333333333
465, 394.6259999999999, 22.810978333333324, 27.383333333333333, 1.0, 123.15
466, 394.02239999999995, 22.87460166666666, 28.316666666666666, 0.85, 122.03333333333333
467, 393.4187999999999, 22.864246666666677, 28.366666666666667, 1.15, 120.26666666666667
468, 392.81519999999995, 23.077491666666674, 29.083333333333332, 1.3166666666666667, 119.4
469, 392.2115999999999, 22.599881666666658, 28.683333333333334, 1.2666666666666666, 116.51666666666667
470, 391.60799999999995, 22.48118000000001, 29.533333333333335, 1.1333333333333333, 113.93333333333334
471, 391.0043999999999, 22.730411666666665, 29.883333333333333, 1.8166666666666667, 111.68333333333334
472, 390.40079999999995, 22.971853333333332, 30.633333333333333, 2.05, 110.63333333333334
473, 389.7971999999999, 23.159074999999994, 30.916666666666668, 2.716666666666667, 108.1
474, 389.19359999999995, 22.803385000000006, 31.316666666666666, 2.3666666666666667, 105.73333333333333
475, 388.5899999999999, 23.595631666666666, 32.18333333333333, 3.6666666666666665, 103.71666666666667
476, 387.98639999999995, 23.934453333333327, 33.13333333333333, 4.1, 101.96666666666667
477, 387.3827999999999, 23.901154999999985, 33.28333333333333, 4.533333333333333, 99.05
478, 386.77919999999995, 24.540145, 34.38333333333333, 5.233333333333333, 98.16666666666667
479, 386.1755999999999, 24.655981666666666, 34.68333333333333, 5.766666666666667, 95.65
480, 385.57199999999995, 24.698014999999995, 35.016666666666666, 6.066666666666666, 93.6
481, 384.9683999999999, 25.407988333333332, 35.95, 7.166666666666667, 91.71666666666667
482, 384.36479999999995, 25.58619166666667, 36.083333333333336, 7.816666666666666, 89.58333333333333
483, 383.7611999999999, 25.674266666666668, 36.333333333333336, 8.266666666666667, 87.38333333333334
484, 383.15759999999995, 25.78487666666667, 36.4, 8.683333333333334, 86.03333333333333
485, 382.5539999999999, 25.434395000000006, 36.05, 8.75, 83.53333333333333
486, 381.95039999999995, 25.435011666666675, 36.05, 9.233333333333333, 81.05
487, 381.3467999999999, 25.783533333333335, 36.333333333333336, 10.0, 79.41666666666667
488, 380.74319999999994, 26.160196666666668, 36.7, 10.733333333333333, 77.98333333333333
489, 380.1395999999999, 26.945429999999998, 37.53333333333333, 11.983333333333333, 76.25
490, 379.53599999999994, 26.941084999999998, 37.483333333333334, 12.383333333333333, 74.28333333333333
491, 378.9323999999999, 27.05112333333334, 37.6, 13.116666666666667, 71.16666666666667
492, 378.32879999999994, 27.892685000000007, 38.31666666666667, 14.366666666666667, 70.23333333333333
493, 377.7251999999999, 27.83978333333333, 38.333333333333336, 14.65, 68.26666666666667
494, 377.12159999999994, 27.83731, 38.233333333333334, 15.033333333333333, 66.53333333333333
495, 376.5179999999999, 27.81026833333333, 38.15, 15.466666666666667, 64.28333333333333
496, 375.91439999999994, 27.486888333333336, 37.61666666666667, 15.433333333333334, 63.016666666666666
497, 375.3107999999999, 27.994874999999997, 38.083333333333336, 16.433333333333334, 61.1
498, 374.70719999999994, 27.614134999999987, 37.483333333333334, 16.433333333333334, 59.333333333333336
499, 374.1035999999999, 28.302458333333345, 38.083333333333336, 17.65, 57.53333333333333
