Extraction [ img/SOLs2.png ] effectuee 2026-04-16 16:42:02.546011
Calibration: -0.6036*x + 675.3 [Largeur 500]

pixel, longueur d'onde, intensite, r, g, b
0, 675.3, 13.639315999999999, 29.24, 6.96, 7.14
1, 674.6963999999999, 13.571280000000002, 29.2, 6.88, 7.06
2, 674.0928, 14.420535999999995, 29.64, 8.06, 7.28
3, 673.4892, 14.915925999999995, 30.14, 8.56, 7.74
4, 672.8856, 14.66092, 30.8, 7.84, 7.48
5, 672.2819999999999, 14.620923999999995, 30.76, 7.8, 7.44
6, 671.6784, 14.402586, 31.14, 7.32, 7.0
7, 671.0748, 14.962530000000001, 31.7, 7.88, 7.56
8, 670.4712, 16.058386000000002, 33.14, 8.8, 8.66
9, 669.8675999999999, 15.638427999999992, 32.72, 8.38, 8.24
10, 669.264, 16.017505999999994, 33.34, 8.78, 7.88
11, 668.6604, 16.27748, 33.6, 9.04, 8.14
12, 668.0568, 17.064617999999996, 34.62, 9.78, 8.56
13, 667.4531999999999, 17.395464, 34.96, 10.12, 8.82
14, 666.8496, 17.47657600000001, 35.84, 9.88, 8.46
15, 666.246, 17.97914600000001, 36.34, 10.4, 8.88
16, 665.6424, 18.146868000000005, 36.72, 10.5, 8.84
17, 665.0387999999999, 17.806902, 36.38, 10.16, 8.5
18, 664.4352, 18.618940000000006, 37.6, 10.86, 8.82
19, 663.8316, 19.298474000000002, 38.26, 11.6, 9.24
20, 663.228, 19.887299999999996, 39.2, 12.14, 9.16
21, 662.6243999999999, 19.869059999999994, 39.2, 12.14, 9.0
22, 662.0208, 19.992635999999997, 39.84, 12.18, 8.2
23, 661.4172, 20.575322, 40.38, 12.82, 8.6
24, 660.8136, 20.913852000000002, 41.28, 13.02, 8.18
25, 660.2099999999999, 21.614122000000002, 41.98, 13.74, 8.78
26, 659.6064, 21.448268000000006, 42.52, 13.4, 7.66
27, 659.0028, 21.882925999999998, 42.94, 13.88, 7.9
28, 658.3992, 21.550308, 43.52, 13.22, 6.86
29, 657.7955999999999, 22.684374000000002, 44.66, 14.42, 7.64
30, 657.192, 24.076203999999997, 46.36, 15.84, 8.08
31, 656.5884, 24.686963999999993, 46.96, 16.54, 8.26
32, 655.9848, 25.781162, 48.38, 17.58, 8.78
33, 655.3811999999999, 25.97674, 48.6, 17.84, 8.58
34, 654.7776, 26.153831999999998, 49.08, 17.94, 8.36
35, 654.174, 26.601648000000004, 49.52, 18.44, 8.56
36, 653.5704, 26.73905, 49.9, 18.5, 8.46
37, 652.9667999999999, 26.810601999999996, 49.98, 18.62, 8.26
38, 652.3632, 27.417454000000003, 51.06, 19.1, 8.28
39, 651.7596, 27.36041999999999, 51.0, 19.08, 8.04
40, 651.156, 27.631956, 51.64, 19.24, 7.92
41, 650.5523999999999, 28.193997999999993, 52.22, 19.84, 8.24
42, 649.9488, 28.994508000000007, 53.12, 20.66, 8.68
43, 649.3452, 29.062362000000007, 53.18, 20.78, 8.5
44, 648.7416, 29.600528000000008, 53.92, 21.32, 8.5
45, 648.1379999999999, 29.926416000000003, 54.24, 21.72, 8.46
46, 647.5344, 30.573317999999993, 54.22, 22.84, 8.42
47, 646.9308, 30.947061999999995, 54.58, 23.34, 8.18
48, 646.3272, 31.001358, 54.42, 23.58, 7.84
49, 645.7235999999999, 31.04046799999999, 54.52, 23.72, 7.2
50, 645.12, 31.652873999999983, 55.46, 24.44, 6.4
51, 644.5164, 31.868449999999992, 55.7, 24.72, 6.22
52, 643.9128, 32.49094999999999, 56.3, 25.44, 6.4
53, 643.3091999999999, 33.028615999999985, 56.84, 25.98, 6.92
54, 642.7056, 33.98858800000001, 57.92, 26.98, 7.36
55, 642.102, 33.781767999999985, 57.72, 26.78, 7.1
56, 641.4984, 34.26422600000001, 58.34, 27.36, 6.72
57, 640.8947999999999, 34.39401400000003, 58.46, 27.52, 6.72
58, 640.2912, 35.01491400000002, 59.06, 28.28, 6.68
59, 639.6876, 35.090346, 59.14, 28.36, 6.72
60, 639.084, 35.74449000000001, 59.5, 29.26, 6.88
61, 638.4803999999999, 36.41530200000002, 60.18, 29.94, 7.48
62, 637.8768, 36.005981999999996, 59.78, 29.66, 6.38
63, 637.2732, 36.95676600000001, 60.74, 30.62, 7.26
64, 636.6696, 37.524534000000024, 61.06, 31.3, 7.9
65, 636.0659999999999, 37.29999600000002, 60.84, 31.08, 7.64
66, 635.4624, 37.868294, 61.06, 31.94, 7.62
67, 634.8588, 37.819824, 60.96, 31.92, 7.56
68, 634.2552, 38.53923000000001, 61.7, 32.66, 8.12
69, 633.6515999999999, 38.415452, 61.48, 32.6, 7.92
70, 633.048, 38.655863999999994, 61.36, 33.16, 7.46
71, 632.4444, 39.645566, 62.34, 34.18, 8.32
72, 631.8408, 39.841694000000004, 62.06, 34.68, 8.2
73, 631.2371999999999, 39.82095799999999, 62.02, 34.7, 8.02
74, 630.6336, 40.360781999999986, 61.98, 35.64, 8.02
75, 630.03, 39.83759999999996, 61.4, 35.18, 7.32
76, 629.4264, 40.346025999999995, 61.34, 36.1, 7.2
77, 628.8227999999999, 41.97384799999999, 62.92, 37.82, 8.48
78, 628.2192, 42.171676000000005, 62.64, 38.42, 7.86
79, 627.6156, 42.40367600000001, 62.84, 38.76, 7.62
80, 627.012, 43.946329999999996, 64.1, 40.56, 8.58
81, 626.4083999999999, 44.290829999999985, 64.3, 41.08, 8.4
82, 625.8048, 44.204247999999986, 63.52, 41.52, 7.42
83, 625.2012, 44.202588000000006, 63.32, 41.72, 6.9
84, 624.5975999999999, 44.260490000000026, 63.1, 42.02, 6.44
85, 623.9939999999999, 44.549341999999996, 63.38, 42.42, 6.18
86, 623.3904, 45.41964, 63.8, 43.58, 6.74
87, 622.7868, 45.6676, 64.0, 43.92, 6.64
88, 622.1831999999999, 45.550132000000005, 63.08, 44.2, 6.58
89, 621.5795999999999, 45.748203999999994, 63.16, 44.52, 6.46
90, 620.976, 46.655966, 63.34, 45.8, 7.36
91, 620.3724, 46.999786, 63.54, 46.28, 7.38
92, 619.7687999999999, 47.886780000000016, 63.8, 47.48, 8.3
93, 619.1651999999999, 48.25368400000003, 64.16, 47.98, 8.0
94, 618.5616, 49.93730800000001, 65.32, 50.04, 9.12
95, 617.958, 50.163363999999994, 65.56, 50.4, 8.62
96, 617.3543999999999, 49.77043200000001, 64.88, 50.24, 7.78
97, 616.7507999999999, 50.402083999999995, 65.36, 51.06, 7.84
98, 616.1472, 50.95318800000001, 65.72, 51.8, 7.92
99, 615.5436, 52.089782000000014, 66.78, 53.08, 8.52
100, 614.9399999999999, 52.26391, 66.9, 53.3, 8.6
101, 614.3363999999999, 52.62591400000001, 67.26, 53.78, 8.36
102, 613.7328, 52.256986, 66.74, 53.56, 7.62
103, 613.1292, 52.774754, 67.26, 54.22, 7.4
104, 612.5255999999999, 52.94188999999999, 67.1, 54.66, 7.02
105, 611.9219999999999, 53.72209399999999, 67.86, 55.54, 7.34
106, 611.3184, 54.736540000000005, 68.4, 56.9, 7.82
107, 610.7148, 54.26651199999999, 67.88, 56.5, 7.12
108, 610.1111999999999, 54.63486000000001, 67.6, 57.34, 6.76
109, 609.5075999999999, 57.01576600000001, 69.94, 59.82, 8.74
110, 608.904, 58.090114000000014, 70.46, 61.3, 9.18
111, 608.3004, 57.85275800000002, 70.22, 61.08, 8.86
112, 607.6967999999999, 57.96963199999999, 69.88, 61.46, 8.82
113, 607.0931999999999, 57.56058399999999, 69.36, 61.16, 8.14
114, 606.4896, 58.93141399999999, 69.66, 63.16, 9.08
115, 605.886, 60.354352, 70.68, 64.82, 10.34
116, 605.2823999999999, 60.85620800000001, 70.32, 65.8, 10.64
117, 604.6787999999999, 61.74255799999996, 70.82, 66.9, 11.44
118, 604.0752, 62.005882000000014, 70.38, 67.46, 12.02
119, 603.4716, 62.22850999999998, 70.3, 67.88, 12.02
120, 602.8679999999999, 62.66350200000001, 70.18, 68.62, 12.34
121, 602.2643999999999, 63.043404, 70.36, 69.16, 12.42
122, 601.6608, 63.591449999999995, 70.1, 70.16, 12.76
123, 601.0572, 64.59403200000001, 70.68, 71.46, 13.34
124, 600.4535999999999, 64.84395599999999, 70.04, 72.2, 13.4
125, 599.8499999999999, 65.08944399999999, 69.36, 72.98, 13.32
126, 599.2464, 65.30048200000002, 68.58, 73.76, 13.2
127, 598.6428, 66.86820799999998, 69.12, 75.88, 14.62
128, 598.0391999999999, 66.983352, 68.28, 76.5, 14.64
129, 597.4355999999999, 67.957708, 68.52, 77.96, 15.04
130, 596.832, 68.423456, 68.04, 79.06, 14.72
131, 596.2284, 69.474136, 68.04, 80.78, 15.08
132, 595.6247999999999, 69.83449799999998, 67.62, 81.6, 15.12
133, 595.0211999999999, 70.10707399999997, 67.06, 82.4, 14.86
134, 594.4176, 70.03074399999998, 65.96, 82.9, 14.5
135, 593.814, 69.92628800000001, 65.32, 83.18, 13.82
136, 593.2103999999999, 70.25623599999999, 64.64, 84.1, 13.76
137, 592.6067999999999, 70.950714, 64.86, 85.14, 13.92
138, 592.0032, 71.49697599999999, 64.44, 86.3, 13.84
139, 591.3996, 71.70896800000001, 63.72, 87.02, 13.88
140, 590.7959999999999, 72.174992, 63.48, 87.94, 13.86
141, 590.1923999999999, 72.64763199999999, 62.48, 89.2, 14.14
142, 589.5888, 73.77170200000003, 62.38, 90.96, 15.2
143, 588.9852, 73.72883399999999, 61.26, 91.5, 14.98
144, 588.3815999999999, 75.16501600000001, 61.84, 93.36, 16.48
145, 587.7779999999999, 75.13092599999999, 60.54, 93.96, 16.5
146, 587.1744, 75.23001399999998, 59.26, 94.8, 16.4
147, 586.5708, 75.58540800000003, 57.92, 96.08, 16.44
148, 585.9671999999999, 75.922684, 57.16, 96.96, 16.86
149, 585.3635999999999, 76.43852199999999, 55.58, 98.62, 16.98
150, 584.76, 76.27624599999997, 53.54, 99.46, 16.58
151, 584.1564, 75.70975199999998, 50.68, 100.06, 16.02
152, 583.5527999999999, 76.33257400000001, 49.66, 101.52, 16.64
153, 582.9491999999999, 77.06477799999999, 47.82, 103.58, 17.28
154, 582.3456, 77.51614999999998, 46.7, 104.76, 18.1
155, 581.742, 78.17495399999999, 44.86, 106.66, 18.92
156, 581.1383999999999, 77.62808599999998, 42.94, 106.64, 19.26
157, 580.5347999999999, 77.229492, 40.08, 107.46, 19.04
158, 579.9312, 77.57328999999997, 39.1, 108.3, 20.3
159, 579.3276, 78.69747599999997, 38.24, 110.42, 21.5
160, 578.7239999999999, 79.205824, 37.96, 111.18, 22.78
161, 578.1203999999999, 78.974126, 36.54, 111.52, 22.72
162, 577.5168, 79.472642, 36.38, 112.14, 24.32
163, 576.9132, 80.15583399999997, 36.46, 113.1, 25.16
164, 576.3095999999999, 80.30369399999998, 35.66, 113.6, 25.98
165, 575.7059999999999, 80.073634, 34.66, 113.76, 25.76
166, 575.1024, 80.61538000000002, 34.6, 114.36, 27.58
167, 574.4988, 80.83211600000003, 34.04, 114.96, 27.86
168, 573.8951999999999, 81.25747200000002, 33.08, 115.82, 29.68
169, 573.2915999999999, 81.18400799999999, 32.52, 115.98, 29.68
170, 572.688, 81.71303599999999, 32.44, 116.72, 30.72
171, 572.0844, 81.89304200000001, 31.78, 117.32, 30.94
172, 571.4807999999999, 81.32901600000001, 30.24, 117.12, 31.06
173, 570.8771999999999, 82.00832199999999, 29.78, 118.36, 31.84
174, 570.2736, 81.33885399999997, 28.46, 117.88, 31.9
175, 569.67, 81.21445000000001, 27.1, 118.38, 31.8
176, 569.0663999999999, 81.218502, 26.18, 118.7, 32.6
177, 568.4627999999999, 81.58957999999998, 25.4, 119.64, 33.06
178, 567.8592, 81.31704799999999, 23.92, 119.84, 33.52
179, 567.2556, 81.11829399999999, 22.86, 120.08, 33.32
180, 566.6519999999999, 81.466352, 22.48, 120.68, 34.28
181, 566.0483999999999, 82.00586199999996, 22.58, 121.42, 34.94
182, 565.4448, 82.63071399999998, 22.26, 122.36, 36.42
183, 564.8412, 82.96189400000002, 22.06, 122.96, 36.76
184, 564.2375999999999, 83.208236, 21.44, 123.54, 37.56
185, 563.6339999999999, 83.229432, 21.08, 123.74, 37.66
186, 563.0304, 83.49722200000001, 20.38, 124.44, 38.24
187, 562.4268, 84.11500000000002, 20.6, 125.26, 38.86
188, 561.8231999999999, 83.31358200000001, 18.58, 124.9, 38.98
189, 561.2195999999999, 82.953612, 17.68, 124.78, 38.8
190, 560.616, 83.41388400000004, 16.96, 125.62, 40.4
191, 560.0124, 83.43529400000001, 16.46, 125.88, 40.56
192, 559.4087999999999, 83.34569799999997, 15.42, 126.02, 41.78
193, 558.8052, 83.04235999999999, 14.2, 126.14, 41.7
194, 558.2016, 83.21535800000001, 13.42, 126.56, 43.1
195, 557.598, 82.6286, 12.0, 126.4, 42.5
196, 556.9943999999999, 82.01557399999997, 10.46, 126.0, 43.22
197, 556.3907999999999, 81.87429000000002, 9.9, 126.06, 43.14
198, 555.7872, 81.95641399999997, 8.66, 126.54, 44.64
199, 555.1836, 82.213458, 8.62, 126.94, 44.94
200, 554.5799999999999, 81.69340400000002, 7.56, 126.52, 45.32
201, 553.9764, 81.90013, 7.5, 126.86, 45.54
202, 553.3728, 81.774248, 6.72, 127.0, 45.76
203, 552.7692, 81.62742000000001, 6.4, 126.94, 45.62
204, 552.1655999999999, 81.733868, 5.72, 127.32, 46.38
205, 551.5619999999999, 81.852128, 5.52, 127.6, 46.5
206, 550.9584, 81.803174, 4.46, 127.8, 47.82
207, 550.3548, 82.65984999999999, 4.9, 128.88, 48.62
208, 549.7511999999999, 82.174896, 3.44, 128.84, 48.4
209, 549.1476, 82.66954200000002, 3.38, 129.62, 48.88
210, 548.544, 82.43993799999998, 2.42, 129.64, 49.28
211, 547.9404, 82.02737399999998, 1.86, 129.3, 48.88
212, 547.3367999999999, 81.97620599999999, 1.54, 129.1, 50.3
213, 546.7331999999999, 82.13800399999998, 1.56, 129.28, 50.74
214, 546.1296, 82.35879000000001, 1.5, 129.24, 53.04
215, 545.526, 82.267456, 1.44, 129.08, 53.22
216, 544.9223999999999, 82.34120799999997, 1.12, 129.12, 54.5
217, 544.3188, 82.565404, 1.16, 129.4, 54.92
218, 543.7152, 82.60852999999999, 0.9, 129.4, 55.98
219, 543.1116, 82.390152, 0.68, 129.14, 55.98
220, 542.5079999999999, 82.61248199999999, 0.78, 129.06, 58.08
221, 541.9043999999999, 82.65783399999998, 0.86, 128.98, 58.68
222, 541.3008, 82.790306, 0.94, 128.66, 61.28
223, 540.6972, 82.56764200000003, 0.78, 128.3, 61.6
224, 540.0935999999999, 82.39879399999998, 0.66, 127.72, 63.42
225, 539.49, 82.327368, 0.72, 127.56, 63.46
226, 538.8864, 82.54302, 1.2, 127.38, 65.02
227, 538.2828, 82.29767999999999, 1.0, 127.06, 65.04
228, 537.6791999999999, 82.058822, 0.78, 126.4, 66.92
229, 537.0755999999999, 82.17332000000002, 0.8, 126.48, 67.46
230, 536.472, 82.29127599999997, 1.04, 125.98, 70.44
231, 535.8684, 82.09844399999999, 0.96, 125.7, 70.4
232, 535.2647999999999, 81.757318, 0.82, 124.86, 72.1
233, 534.6612, 80.98275400000003, 0.26, 123.88, 71.82
234, 534.0576, 81.155442, 0.78, 123.42, 74.34
235, 533.454, 81.18843000000003, 0.7, 123.28, 75.56
236, 532.8503999999999, 81.251024, 1.36, 122.6, 77.88
237, 532.2467999999999, 80.85477, 1.1, 121.7, 79.72
238, 531.6432, 80.18936, 1.0, 120.26, 81.56
239, 531.0396, 79.96609800000002, 0.82, 119.68, 83.06
240, 530.4359999999999, 79.96721799999999, 1.02, 119.18, 85.12
241, 529.8324, 79.69644200000002, 0.98, 118.44, 86.66
242, 529.2288, 79.08795199999999, 1.08, 117.1, 87.96
243, 528.6252, 78.80022999999998, 1.1, 116.32, 89.4
244, 528.0215999999999, 78.64154599999999, 0.94, 115.7, 91.62
245, 527.4179999999999, 78.220892, 0.68, 114.84, 93.04
246, 526.8144, 77.65911000000006, 0.5, 113.66, 94.66
247, 526.2108, 77.52834399999996, 0.56, 112.96, 96.96
248, 525.6071999999999, 77.40272200000001, 0.98, 112.0, 99.7
249, 525.0036, 76.90719200000001, 0.68, 111.06, 100.98
250, 524.4, 76.494396, 1.04, 109.82, 102.8
251, 523.7964, 76.31184400000002, 0.96, 109.34, 103.88
252, 523.1927999999999, 75.5479, 1.2, 107.66, 105.2
253, 522.5891999999999, 74.904044, 0.76, 106.76, 105.34
254, 521.9856, 74.63668000000001, 1.2, 105.56, 108.02
255, 521.382, 74.31871000000002, 0.9, 105.14, 108.18
256, 520.7783999999999, 74.00341399999999, 1.06, 104.3, 109.32
257, 520.1748, 73.85697799999996, 1.02, 103.9, 110.2
258, 519.5712, 73.160514, 1.26, 102.3, 111.7
259, 518.9676, 72.20445, 0.5, 101.0, 112.0
260, 518.3639999999999, 72.021554, 0.86, 100.14, 113.88
261, 517.7603999999999, 71.94170199999996, 0.78, 99.8, 115.14
262, 517.1568, 70.62203600000002, 0.64, 97.46, 115.98
263, 516.5532, 70.25543400000002, 0.66, 96.6, 117.14
264, 515.9495999999999, 69.23225599999999, 0.84, 94.54, 118.3
265, 515.346, 68.50769999999999, 0.8, 93.26, 118.64
266, 514.7424, 67.65470400000001, 1.16, 91.34, 120.1
267, 514.1388, 66.522826, 0.74, 89.68, 119.82
268, 513.5351999999999, 65.47579799999997, 1.22, 87.38, 121.22
269, 512.9315999999999, 64.78796999999997, 1.1, 86.18, 121.68
270, 512.328, 64.43122599999998, 1.94, 84.76, 123.66
271, 511.72439999999995, 63.16370199999999, 0.98, 83.14, 123.4
272, 511.1207999999999, 62.795096, 1.24, 82.1, 124.84
273, 510.51719999999995, 61.854414000000006, 0.66, 80.82, 124.7
274, 509.9136, 61.421711999999985, 1.08, 79.5, 126.6
275, 509.30999999999995, 60.60222200000001, 0.78, 78.28, 126.48
276, 508.7063999999999, 59.681904000000024, 1.16, 76.34, 127.4
277, 508.10279999999995, 58.781831999999994, 0.68, 75.02, 127.56
278, 507.4992, 58.191988, 1.52, 73.3, 129.04
279, 506.89559999999994, 57.96599399999998, 1.66, 72.7, 129.78
280, 506.2919999999999, 56.592776, 1.44, 70.36, 130.36
281, 505.68839999999994, 55.600697999999994, 0.82, 69.04, 130.08
282, 505.0848, 54.559740000000026, 0.6, 67.2, 131.0
283, 504.48119999999994, 54.05664200000001, 0.38, 66.42, 131.18
284, 503.8775999999999, 53.58238, 1.0, 65.04, 132.5
285, 503.27399999999994, 52.67953800000001, 0.42, 63.84, 132.28
286, 502.6704, 52.748024000000015, 1.56, 62.98, 134.32
287, 502.06679999999994, 51.949242000000005, 0.98, 62.0, 133.88
288, 501.4631999999999, 51.46167399999999, 1.66, 60.66, 134.72
289, 500.85959999999994, 50.73194799999998, 1.12, 59.82, 134.06
290, 500.256, 50.500773999999986, 1.46, 59.02, 135.26
291, 499.65239999999994, 49.641383999999974, 0.76, 58.06, 134.5
292, 499.0487999999999, 48.89799400000001, 1.06, 56.4, 135.74
293, 498.44519999999994, 48.558892000000014, 0.88, 55.98, 135.4
294, 497.84159999999997, 47.681248000000004, 1.32, 54.02, 136.64
295, 497.23799999999994, 46.780014, 0.66, 52.98, 135.82
296, 496.6343999999999, 46.277155999999984, 1.24, 51.56, 137.2
297, 496.03079999999994, 46.04007599999999, 1.24, 51.16, 137.18
298, 495.42719999999997, 45.69562199999999, 1.58, 50.0, 139.24
299, 494.82359999999994, 45.029213999999996, 1.06, 49.18, 138.98
300, 494.2199999999999, 43.836130000000004, 1.3, 46.8, 140.14
301, 493.61639999999994, 43.15066999999999, 0.9, 45.7, 140.84
302, 493.01279999999997, 42.030953999999994, 1.26, 43.38, 142.02
303, 492.40919999999994, 41.30962600000001, 0.74, 42.28, 142.72
304, 491.8055999999999, 40.88466599999999, 1.74, 40.74, 144.3
305, 491.20199999999994, 39.635508, 0.92, 39.08, 144.04
306, 490.59839999999997, 38.39293999999998, 0.8, 36.9, 144.68
307, 489.99479999999994, 38.13197399999999, 0.86, 36.32, 145.22
308, 489.3911999999999, 37.21368799999999, 1.32, 34.3, 146.36
309, 488.78759999999994, 37.326148, 1.52, 34.18, 147.44
310, 488.18399999999997, 36.425666, 1.54, 32.36, 148.86
311, 487.58039999999994, 35.85674399999998, 1.16, 31.46, 149.5
312, 486.9767999999999, 35.125862, 1.18, 29.96, 150.76
313, 486.37319999999994, 34.400007999999985, 0.72, 28.88, 151.16
314, 485.76959999999997, 34.01241600000001, 1.04, 27.68, 153.1
315, 485.16599999999994, 32.949982, 0.58, 25.98, 153.74
316, 484.5623999999999, 32.70955800000001, 2.02, 24.34, 156.3
317, 483.95879999999994, 30.8248, 1.4, 21.34, 156.84
318, 483.35519999999997, 28.86435799999999, 1.22, 17.82, 158.24
319, 482.75159999999994, 27.032938000000005, 0.82, 14.76, 158.98
320, 482.1479999999999, 25.507685999999993, 1.14, 11.82, 159.9
321, 481.54439999999994, 24.286342, 0.98, 9.58, 161.14
322, 480.94079999999997, 22.848038000000003, 1.42, 6.56, 162.92
323, 480.33719999999994, 21.607651999999998, 0.68, 4.68, 163.66
324, 479.7335999999999, 20.264320000000005, 0.2, 2.5, 164.36
325, 479.12999999999994, 20.603902, 0.38, 2.68, 165.94
326, 478.52639999999997, 19.744099999999992, 0.8, 0.78, 167.08
327, 477.92279999999994, 19.841427999999993, 0.92, 0.64, 168.34
328, 477.3191999999999, 20.038218000000008, 1.42, 0.34, 170.3
329, 476.71559999999994, 20.124428, 1.52, 0.3, 171.0
330, 476.11199999999997, 20.342691999999996, 1.28, 0.46, 172.72
331, 475.50839999999994, 20.212439999999997, 1.2, 0.24, 172.92
332, 474.9047999999999, 20.339584, 0.76, 0.3, 174.88
333, 474.30119999999994, 20.360932, 0.68, 0.28, 175.38
334, 473.69759999999997, 20.566811999999995, 0.68, 0.32, 176.98
335, 473.09399999999994, 20.69172399999999, 0.76, 0.36, 177.66
336, 472.4903999999999, 20.796379999999996, 0.8, 0.18, 179.4
337, 471.88679999999994, 21.063128000000003, 1.12, 0.32, 180.18
338, 471.28319999999997, 21.104086, 0.54, 0.32, 182.06
339, 470.67959999999994, 21.247454, 0.66, 0.34, 182.9
340, 470.0759999999999, 21.543922000000002, 0.78, 0.38, 184.98
341, 469.47239999999994, 21.739639999999998, 1.0, 0.38, 186.12
342, 468.86879999999996, 22.02278999999999, 0.9, 0.42, 188.66
343, 468.26519999999994, 22.241864, 1.16, 0.42, 189.9
344, 467.6615999999999, 22.469953999999998, 1.06, 0.44, 192.06
345, 467.05799999999994, 22.533545999999998, 1.14, 0.36, 192.82
346, 466.45439999999996, 22.638052000000005, 1.08, 0.32, 194.1
347, 465.85079999999994, 22.752120000000005, 1.2, 0.36, 194.58
348, 465.2471999999999, 22.860938, 1.22, 0.24, 196.1
349, 464.64359999999994, 23.141648000000004, 1.52, 0.48, 196.54
350, 464.03999999999996, 23.440272, 1.68, 0.48, 198.74
351, 463.43639999999994, 23.464490000000005, 1.7, 0.48, 198.9
352, 462.8327999999999, 23.352684, 1.56, 0.12, 200.14
353, 462.22919999999993, 23.458833999999996, 1.66, 0.18, 200.5
354, 461.62559999999996, 23.692048, 1.52, 0.4, 201.78
355, 461.02199999999993, 23.598773999999995, 1.46, 0.26, 201.84
356, 460.4183999999999, 23.556555999999997, 1.44, 0.14, 202.14
357, 459.81479999999993, 23.717277999999997, 1.62, 0.26, 202.46
358, 459.21119999999996, 23.855029999999996, 1.5, 0.28, 203.88
359, 458.60759999999993, 23.886427999999995, 1.52, 0.3, 204.0
360, 458.0039999999999, 23.87329199999999, 1.28, 0.26, 204.72
361, 457.40039999999993, 23.863831999999984, 1.28, 0.24, 204.74
362, 456.79679999999996, 24.261591999999997, 1.48, 0.54, 206.16
363, 456.19319999999993, 24.115504000000005, 1.36, 0.36, 206.12
364, 455.5895999999999, 24.200544000000004, 1.36, 0.4, 206.66
365, 454.98599999999993, 24.219123999999997, 1.36, 0.42, 206.72
366, 454.38239999999996, 24.130374000000003, 1.06, 0.34, 207.14
367, 453.77879999999993, 24.209504000000003, 1.16, 0.42, 207.16
368, 453.1751999999999, 24.20022600000001, 1.14, 0.36, 207.44
369, 452.57159999999993, 24.175452000000003, 1.08, 0.36, 207.38
370, 451.96799999999996, 24.534522000000006, 1.58, 0.62, 207.88
371, 451.36439999999993, 24.359440000000014, 1.4, 0.46, 207.64
372, 450.7607999999999, 24.281546000000013, 1.34, 0.42, 207.32
373, 450.15719999999993, 24.307124000000012, 1.36, 0.5, 207.08
374, 449.55359999999996, 24.213486000000007, 1.34, 0.44, 206.62
375, 448.94999999999993, 24.16471000000001, 1.3, 0.42, 206.4
376, 448.3463999999999, 24.043064000000005, 1.16, 0.42, 205.7
377, 447.74279999999993, 24.027784, 1.16, 0.46, 205.36
378, 447.13919999999996, 23.753212000000005, 1.08, 0.2, 204.5
379, 446.53559999999993, 23.962470000000003, 1.3, 0.46, 204.42
380, 445.9319999999999, 23.78228599999999, 1.54, 0.26, 203.24
381, 445.32839999999993, 23.72472999999999, 1.5, 0.26, 202.84
382, 444.72479999999996, 23.634801999999986, 1.78, 0.24, 201.42
383, 444.12119999999993, 23.46025000000001, 1.5, 0.26, 200.52
384, 443.51759999999996, 23.350810000000003, 1.5, 0.26, 199.56
385, 442.914, 23.265438000000003, 1.42, 0.4, 198.3
386, 442.31039999999996, 23.104388, 1.52, 0.3, 197.14
387, 441.70679999999993, 22.844025999999996, 1.34, 0.22, 195.74
388, 441.10319999999996, 22.629579999999997, 1.2, 0.26, 194.02
389, 440.4996, 22.41608600000001, 0.94, 0.32, 192.52
390, 439.89599999999996, 22.255252000000006, 1.08, 0.2, 191.36
391, 439.29239999999993, 22.115043999999994, 0.96, 0.5, 188.9
392, 438.68879999999996, 21.81822799999999, 0.92, 0.24, 187.74
393, 438.0852, 21.471814000000013, 0.66, 0.26, 185.28
394, 437.48159999999996, 21.427915999999996, 0.84, 0.28, 184.32
395, 436.87799999999993, 21.135368, 0.52, 0.5, 181.46
396, 436.27439999999996, 21.038502000000005, 0.98, 0.26, 180.64
397, 435.6708, 20.734498, 0.82, 0.48, 177.26
398, 435.06719999999996, 20.44963799999999, 0.82, 0.22, 176.1
399, 434.46359999999993, 20.143989999999995, 0.5, 0.34, 173.64
400, 433.85999999999996, 20.041673999999997, 0.66, 0.36, 172.22
401, 433.2564, 19.627474, 0.46, 0.3, 169.42
402, 432.65279999999996, 19.606176, 1.24, 0.22, 167.6
403, 432.0491999999999, 19.375448, 1.12, 0.56, 164.14
404, 431.44559999999996, 19.052046000000008, 1.34, 0.2, 162.58
405, 430.842, 18.423545999999998, 0.74, 0.2, 158.64
406, 430.23839999999996, 17.96275999999999, 0.6, 0.1, 155.48
407, 429.6347999999999, 17.830082000000008, 0.58, 0.56, 152.0
408, 429.03119999999996, 17.697580000000013, 1.6, 0.18, 150.12
409, 428.4276, 17.442466000000007, 1.34, 0.34, 147.74
410, 427.82399999999996, 17.307118, 1.42, 0.36, 146.24
411, 427.2203999999999, 16.861667999999995, 1.12, 0.22, 143.84
412, 426.61679999999996, 16.875308000000004, 1.92, 0.1, 142.48
413, 426.0132, 16.763075999999998, 2.04, 0.24, 140.46
414, 425.40959999999995, 16.595524, 1.96, 0.24, 139.2
415, 424.8059999999999, 16.173122, 1.58, 0.18, 136.8
416, 424.20239999999995, 16.03231599999999, 1.44, 0.26, 135.52
417, 423.5988, 15.631056000000003, 1.04, 0.32, 132.74
418, 422.99519999999995, 15.571608000000005, 1.52, 0.32, 130.96
419, 422.3915999999999, 14.951846000000003, 0.94, 0.08, 128.28
420, 421.78799999999995, 14.767504000000004, 0.76, 0.18, 126.62
421, 421.1844, 14.560951999999993, 0.68, 0.3, 124.4
422, 420.58079999999995, 14.312977999999994, 0.62, 0.18, 123.0
423, 419.9771999999999, 14.087232000000007, 0.48, 0.36, 120.46
424, 419.37359999999995, 13.860549999999996, 0.5, 0.22, 119.14
425, 418.7699999999999, 13.85982199999999, 0.58, 0.38, 118.1
426, 418.16639999999995, 13.574314000000001, 0.46, 0.18, 116.94
427, 417.5627999999999, 13.714424000000003, 0.56, 0.36, 116.98
428, 416.95919999999995, 13.669481999999995, 0.78, 0.42, 115.7
429, 416.3555999999999, 13.459188000000001, 0.52, 0.4, 114.64
430, 415.75199999999995, 13.361089999999997, 0.5, 0.48, 113.42
431, 415.1483999999999, 13.152522000000008, 0.38, 0.38, 112.42
432, 414.54479999999995, 12.832415999999993, 0.24, 0.24, 110.7
433, 413.9411999999999, 12.820493999999997, 0.26, 0.26, 110.44
434, 413.33759999999995, 12.975164000000005, 1.16, 0.24, 109.54
435, 412.7339999999999, 12.961144000000006, 1.16, 0.22, 109.52
436, 412.13039999999995, 12.902454000000002, 1.26, 0.24, 108.64
437, 411.5267999999999, 12.825885999999999, 1.14, 0.26, 108.18
438, 410.92319999999995, 12.724707999999998, 1.52, 0.1, 107.12
439, 410.3195999999999, 12.587010000000003, 1.3, 0.16, 106.18
440, 409.71599999999995, 12.533684000000001, 1.36, 0.26, 105.04
441, 409.1123999999999, 12.684864, 1.56, 0.54, 104.4
442, 408.50879999999995, 12.39874, 1.2, 0.5, 103.04
443, 407.9051999999999, 12.455568000000003, 1.32, 0.66, 102.4
444, 407.30159999999995, 12.178228, 1.32, 0.44, 101.1
445, 406.6979999999999, 11.953972, 1.08, 0.32, 100.38
446, 406.09439999999995, 11.821731999999999, 1.08, 0.32, 99.22
447, 405.4907999999999, 11.974817999999997, 1.22, 0.56, 98.96
448, 404.88719999999995, 11.959016000000002, 1.24, 0.62, 98.46
449, 404.2835999999999, 11.571078, 0.82, 0.34, 97.6
450, 403.67999999999995, 11.646676000000003, 0.84, 0.68, 96.46
451, 403.0763999999999, 11.279044000000006, 0.56, 0.34, 95.72
452, 402.47279999999995, 11.35953600000001, 0.84, 0.42, 95.28
453, 401.8691999999999, 11.289128000000007, 0.72, 0.4, 95.08
454, 401.26559999999995, 11.128294, 0.86, 0.28, 93.92
455, 400.6619999999999, 11.126014000000003, 0.86, 0.28, 93.9
456, 400.05839999999995, 11.018455999999999, 0.84, 0.34, 92.7
457, 399.4547999999999, 11.092163999999999, 0.96, 0.42, 92.62
458, 398.85119999999995, 10.867727999999993, 0.92, 0.26, 91.58
459, 398.2475999999999, 11.015789999999996, 1.1, 0.44, 91.48
460, 397.64399999999995, 10.582535999999998, 0.84, 0.18, 89.7
461, 397.0403999999999, 10.835612000000001, 1.08, 0.52, 89.54
462, 396.43679999999995, 10.56536, 1.0, 0.38, 88.1
463, 395.8331999999999, 10.492706, 0.94, 0.38, 87.62
464, 395.22959999999995, 10.319821999999998, 0.78, 0.4, 86.42
465, 394.6259999999999, 10.267845999999997, 0.74, 0.46, 85.76
466, 394.02239999999995, 10.211347999999996, 1.12, 0.38, 84.68
467, 393.4187999999999, 10.174809999999997, 1.1, 0.46, 84.0
468, 392.81519999999995, 10.186867999999997, 1.32, 0.52, 83.22
469, 392.2115999999999, 9.906961999999998, 0.98, 0.36, 82.48
470, 391.60799999999995, 10.116076, 1.64, 0.52, 81.76
471, 391.0043999999999, 9.840424, 1.36, 0.36, 80.9
472, 390.40079999999995, 9.836556000000003, 1.64, 0.44, 79.72
473, 389.7971999999999, 9.871536, 1.64, 0.62, 79.1
474, 389.19359999999995, 9.659362, 1.58, 0.46, 78.22
475, 388.5899999999999, 9.503574, 1.46, 0.38, 77.58
476, 387.98639999999995, 9.622617999999996, 1.62, 0.68, 76.66
477, 387.3827999999999, 9.63202, 1.6, 0.78, 76.28
478, 386.77919999999995, 9.537032000000002, 1.68, 0.76, 75.34
479, 386.1755999999999, 9.447182, 1.58, 0.72, 75.02
480, 385.57199999999995, 9.203394000000003, 1.46, 0.56, 74.02
481, 384.9683999999999, 9.003174, 1.26, 0.48, 73.2
482, 384.36479999999995, 8.635892, 1.08, 0.28, 71.48
483, 383.7611999999999, 8.697802000000001, 1.18, 0.42, 71.04
484, 383.15759999999995, 8.575974000000004, 1.06, 0.46, 70.08
485, 382.5539999999999, 8.544054000000006, 1.06, 0.46, 69.8
486, 381.95039999999995, 8.538765999999999, 1.14, 0.62, 68.72
487, 381.3467999999999, 8.43274, 1.0, 0.6, 68.26
488, 380.74319999999994, 8.30555, 1.1, 0.48, 67.5
489, 380.1395999999999, 8.082802000000001, 0.78, 0.38, 66.9
490, 379.53599999999994, 8.096186, 0.94, 0.5, 65.98
491, 378.9323999999999, 7.723596000000002, 0.64, 0.22, 64.94
492, 378.32879999999994, 7.659482, 0.58, 0.32, 64.02
493, 377.7251999999999, 7.721152, 0.68, 0.58, 62.96
494, 377.12159999999994, 7.582596000000004, 0.84, 0.48, 61.84
495, 376.5179999999999, 7.446532000000003, 0.68, 0.52, 60.86
496, 375.91439999999994, 7.259788000000002, 0.72, 0.5, 59.22
497, 375.3107999999999, 7.111495999999997, 0.64, 0.56, 57.82
498, 374.70719999999994, 7.032288000000001, 0.92, 0.5, 56.7
499, 374.1035999999999, 6.733440000000005, 0.8, 0.32, 55.32
