Extraction [ img/blanc.png ] effectuee 2026-03-26 16:50:49.916089
Calibration: -0.6036*x + 675.3 [Largeur 500]

pixel, longueur d'onde, intensite, r, g, b
0, 675.3, 15.415325, 27.75, 10.15, 10.2
1, 674.6963999999999, 15.377510000000001, 28.9, 9.5, 10.2
2, 674.0928, 15.963045000000005, 29.55, 10.05, 10.8
3, 673.4892, 16.68748, 30.7, 10.65, 11.05
4, 672.8856, 16.660604999999997, 31.45, 10.3, 10.65
5, 672.2819999999999, 16.34215, 31.5, 9.8, 10.3
6, 671.6784, 16.66871, 33.4, 9.35, 10.5
7, 671.0748, 17.517240000000005, 34.6, 10.0, 11.45
8, 670.4712, 18.211714999999998, 36.85, 9.95, 11.9
9, 669.8675999999999, 18.46848, 38.2, 9.7, 11.9
10, 669.264, 18.695349999999998, 39.0, 9.65, 12.05
11, 668.6604, 19.079765000000002, 41.35, 9.05, 12.35
12, 668.0568, 19.625319999999995, 42.3, 9.35, 13.1
13, 667.4531999999999, 20.520625000000003, 44.75, 9.55, 13.5
14, 666.8496, 20.622785, 46.15, 9.05, 13.3
15, 666.246, 20.461639999999996, 47.1, 8.35, 13.0
16, 665.6424, 21.828699999999998, 49.5, 9.35, 13.55
17, 665.0387999999999, 22.725539999999995, 52.1, 9.35, 14.6
18, 664.4352, 22.028010000000002, 52.9, 7.9, 13.85
19, 663.8316, 22.137484999999995, 54.15, 7.45, 13.85
20, 663.228, 23.01075, 56.0, 7.85, 14.6
21, 662.6243999999999, 23.42774, 57.6, 7.6, 15.35
22, 662.0208, 22.356595, 58.05, 5.75, 14.3
23, 661.4172, 24.107290000000003, 61.6, 6.75, 15.2
24, 660.8136, 24.461584999999996, 63.65, 6.3, 15.25
25, 660.2099999999999, 24.53655, 65.0, 5.75, 15.2
26, 659.6064, 25.073715, 66.35, 5.9, 15.6
27, 659.0028, 24.798405, 67.45, 4.9, 15.45
28, 658.3992, 25.919895000000004, 70.55, 5.3, 15.1
29, 657.7955999999999, 26.696945, 72.55, 5.45, 15.9
30, 657.192, 26.688485000000004, 74.15, 4.65, 15.75
31, 656.5884, 26.524879999999996, 75.7, 3.65, 15.4
32, 655.9848, 27.754579999999997, 78.2, 4.2, 16.8
33, 655.3811999999999, 28.163574999999998, 80.25, 3.95, 16.3
34, 654.7776, 28.082545, 81.55, 3.15, 16.3
35, 654.174, 28.50802, 83.8, 2.7, 16.45
36, 653.5704, 29.181314999999994, 86.35, 2.5, 16.7
37, 652.9667999999999, 29.49701, 87.9, 2.2, 16.95
38, 652.3632, 29.470150000000007, 90.0, 1.25, 16.1
39, 651.7596, 29.890149999999995, 92.0, 0.85, 16.6
40, 651.156, 30.686229999999995, 94.2, 0.95, 17.3
41, 650.5523999999999, 31.46790500000001, 96.45, 1.0, 18.0
42, 649.9488, 31.996680000000005, 98.2, 1.0, 18.05
43, 649.3452, 32.61413, 100.2, 1.15, 17.45
44, 648.7416, 32.91465, 101.5, 1.0, 17.45
45, 648.1379999999999, 33.720054999999995, 103.45, 1.35, 17.6
46, 647.5344, 34.392575, 105.25, 1.55, 17.75
47, 646.9308, 34.4442, 106.5, 1.05, 17.5
48, 646.3272, 34.866755, 108.95, 0.6, 17.1
49, 645.7235999999999, 35.91258000000001, 111.2, 1.1, 17.8
50, 645.12, 36.34137, 113.3, 0.8, 17.6
51, 644.5164, 36.71199500000001, 115.05, 0.55, 17.55
52, 643.9128, 37.37858500000001, 116.65, 0.9, 17.4
53, 643.3091999999999, 37.872395000000004, 118.55, 0.9, 16.75
54, 642.7056, 38.11708, 120.2, 0.7, 15.6
55, 642.102, 38.860555, 122.45, 0.85, 15.45
56, 641.4984, 39.49695000000001, 124.5, 0.9, 15.4
57, 640.8947999999999, 40.001850000000005, 126.5, 0.8, 15.1
58, 640.2912, 40.426325000000006, 128.25, 0.7, 14.75
59, 639.6876, 41.071115000000006, 130.35, 0.7, 14.9
60, 639.084, 41.773755, 132.45, 0.75, 15.3
61, 638.4803999999999, 42.26671, 133.9, 0.9, 15.05
62, 637.8768, 42.55291000000001, 135.4, 0.75, 14.4
63, 637.2732, 43.098645000000005, 137.55, 0.75, 13.55
64, 636.6696, 43.286554999999986, 138.95, 0.6, 12.3
65, 636.0659999999999, 44.041430000000005, 141.2, 0.75, 12.25
66, 635.4624, 44.640390000000004, 143.1, 0.9, 11.75
67, 634.8588, 45.145595, 144.55, 1.1, 11.35
68, 634.2552, 45.613285000000005, 146.15, 1.15, 11.0
69, 633.6515999999999, 45.831315000000004, 147.85, 0.85, 10.0
70, 633.048, 46.60468, 150.2, 1.0, 9.85
71, 632.4444, 47.393525, 152.25, 1.3, 9.85
72, 631.8408, 47.973150000000004, 154.5, 1.2, 9.55
73, 631.2371999999999, 48.33538, 156.2, 1.0, 9.3
74, 630.6336, 48.51373, 157.2, 0.95, 8.5
75, 630.03, 48.50736500000001, 158.85, 0.4, 6.95
76, 629.4264, 48.749265000000015, 159.85, 0.4, 6.45
77, 628.8227999999999, 49.48896500000001, 161.85, 0.7, 6.15
78, 628.2192, 49.934395, 163.55, 0.7, 5.6
79, 627.6156, 49.920395, 164.55, 0.4, 4.4
80, 627.012, 50.211524999999995, 165.75, 0.45, 3.55
81, 626.4083999999999, 51.216989999999996, 167.6, 1.25, 3.4
82, 625.8048, 51.553185000000006, 169.15, 1.15, 2.8
83, 625.2012, 51.31825, 170.0, 0.55, 1.6
84, 624.5975999999999, 51.41802, 170.8, 0.4, 1.15
85, 623.9939999999999, 52.97380499999999, 173.45, 1.4, 2.7
86, 623.3904, 53.034670000000006, 174.3, 1.1, 2.55
87, 622.7868, 52.834789999999984, 175.6, 0.35, 1.25
88, 622.1831999999999, 53.64858999999999, 177.6, 0.65, 1.6
89, 621.5795999999999, 54.41616499999999, 179.35, 0.95, 2.2
90, 620.976, 54.089095, 180.05, 0.25, 1.1
91, 620.3724, 54.94772499999999, 181.75, 0.75, 1.6
92, 619.7687999999999, 55.533584999999995, 183.65, 0.8, 1.5
93, 619.1651999999999, 55.76538999999999, 184.6, 0.75, 1.3
94, 618.5616, 56.332754999999985, 185.95, 1.0, 1.45
95, 617.958, 57.12568, 187.7, 1.45, 1.5
96, 617.3543999999999, 56.205669999999984, 187.3, 0.3, 0.4
97, 616.7507999999999, 56.99797499999998, 189.25, 0.55, 0.95
98, 616.1472, 57.522659999999995, 190.4, 0.8, 1.25
99, 615.5436, 57.843819999999994, 191.3, 0.85, 1.45
100, 614.9399999999999, 57.985875, 192.25, 0.55, 1.75
101, 614.3363999999999, 58.48914499999999, 193.05, 1.0, 1.75
102, 613.7328, 59.05243, 194.7, 1.1, 1.85
103, 613.1292, 59.17253500000002, 195.65, 0.85, 1.7
104, 612.5255999999999, 59.39262500000001, 196.25, 0.9, 1.8
105, 611.9219999999999, 59.80152499999999, 197.25, 1.0, 2.25
106, 611.3184, 59.77711000000001, 197.4, 0.95, 1.9
107, 610.7148, 60.47898, 199.2, 1.2, 2.05
108, 610.1111999999999, 61.17052000000001, 200.3, 1.75, 2.4
109, 609.5075999999999, 60.92571500000001, 200.85, 1.15, 1.9
110, 608.904, 60.68391500000001, 201.35, 0.6, 1.3
111, 608.3004, 61.01216000000001, 201.9, 0.85, 1.45
112, 607.6967999999999, 61.35782500000001, 203.25, 0.8, 1.2
113, 607.0931999999999, 61.658339999999995, 204.1, 0.85, 1.35
114, 606.4896, 61.827900000000014, 205.0, 0.7, 1.25
115, 605.886, 61.979820000000004, 205.8, 0.6, 1.0
116, 605.2823999999999, 62.161315000000016, 206.35, 0.6, 1.15
117, 604.6787999999999, 62.51969000000001, 208.1, 0.3, 1.25
118, 604.0752, 62.95062000000003, 208.8, 0.6, 1.65
119, 603.4716, 63.156535, 209.65, 0.45, 2.0
120, 602.8679999999999, 63.43232000000002, 210.3, 0.55, 2.2
121, 602.2643999999999, 63.44049000000001, 210.6, 0.45, 2.0
122, 601.6608, 63.790855, 211.45, 0.75, 1.3
123, 601.0572, 64.06133000000003, 211.7, 1.2, 0.7
124, 600.4535999999999, 64.95208000000001, 212.7, 2.15, 1.0
125, 599.8499999999999, 66.193185, 213.65, 3.8, 0.9
126, 599.2464, 67.653065, 214.35, 5.95, 0.8
127, 598.6428, 70.01415999999998, 215.9, 8.95, 2.0
128, 598.0391999999999, 72.31679999999999, 217.0, 12.4, 1.55
129, 597.4355999999999, 74.30789499999999, 217.05, 15.65, 2.15
130, 596.832, 76.30369499999998, 217.05, 19.05, 2.15
131, 596.2284, 78.65978499999999, 217.65, 22.7, 2.45
132, 595.6247999999999, 81.19836500000001, 218.85, 26.2, 3.55
133, 595.0211999999999, 83.35186500000002, 219.35, 29.75, 2.85
134, 594.4176, 84.35254, 219.1, 31.65, 2.5
135, 593.814, 85.74979499999998, 219.05, 34.25, 1.5
136, 593.2103999999999, 86.74023000000001, 218.7, 36.3, 0.55
137, 592.6067999999999, 88.194715, 218.85, 38.75, 0.3
138, 592.0032, 91.97139500000003, 221.05, 43.85, 1.4
139, 591.3996, 93.21680500000002, 221.45, 45.7, 1.75
140, 590.7959999999999, 95.33755500000002, 221.95, 49.0, 2.05
141, 590.1923999999999, 97.2809, 222.5, 52.05, 1.95
142, 589.5888, 98.72421, 222.4, 54.55, 2.0
143, 588.9852, 100.36834499999999, 222.05, 57.5, 2.15
144, 588.3815999999999, 101.23529500000004, 222.55, 58.8, 1.75
145, 587.7779999999999, 103.91824000000001, 223.6, 62.7, 2.45
146, 587.1744, 105.65173999999999, 224.1, 65.35, 2.7
147, 586.5708, 107.00677500000002, 224.25, 67.65, 2.35
148, 585.9671999999999, 109.374035, 224.65, 71.45, 2.5
149, 585.3635999999999, 109.92830000000001, 224.0, 72.9, 1.6
150, 584.76, 111.50102999999997, 223.7, 75.8, 1.25
151, 584.1564, 113.15787499999996, 223.75, 78.5, 1.75
152, 583.5527999999999, 114.682995, 223.55, 81.2, 1.75
153, 582.9491999999999, 116.15357500000002, 222.75, 84.2, 1.3
154, 582.3456, 118.99512500000003, 223.75, 88.25, 2.75
155, 581.742, 119.32174499999999, 221.55, 90.15, 1.6
156, 581.1383999999999, 120.97157499999999, 220.75, 93.3, 1.95
157, 580.5347999999999, 122.66763, 220.2, 96.45, 2.05
158, 579.9312, 124.15639000000002, 219.6, 99.35, 1.75
159, 579.3276, 125.52790000000002, 219.5, 101.65, 2.2
160, 578.7239999999999, 125.948505, 217.95, 103.35, 1.2
161, 578.1203999999999, 126.99755, 217.0, 105.65, 1.05
162, 577.5168, 128.615025, 216.25, 108.7, 1.5
163, 576.9132, 130.55065, 216.0, 111.95, 2.4
164, 576.3095999999999, 132.03408499999995, 215.65, 114.5, 3.2
165, 575.7059999999999, 130.29017499999998, 210.75, 114.5, 0.75
166, 575.1024, 132.06125500000002, 209.45, 118.15, 0.9
167, 574.4988, 134.52063500000003, 208.65, 122.65, 1.4
168, 573.8951999999999, 136.34146500000003, 205.85, 127.1, 1.8
169, 573.2915999999999, 137.954135, 201.65, 131.85, 2.5
170, 572.688, 140.27284, 199.1, 137.05, 2.75
171, 572.0844, 140.592425, 194.25, 140.2, 2.05
172, 571.4807999999999, 141.75707500000004, 190.25, 144.25, 1.9
173, 570.8771999999999, 142.538865, 185.85, 147.9, 1.5
174, 570.2736, 142.78534000000002, 180.6, 151.1, 0.95
175, 569.67, 144.52349499999997, 176.55, 155.9, 2.1
176, 569.0663999999999, 144.183275, 170.75, 158.4, 1.45
177, 568.4627999999999, 144.25633499999998, 164.65, 161.65, 1.35
178, 567.8592, 144.71957499999996, 159.25, 165.15, 1.55
179, 567.2556, 145.08605999999997, 153.9, 168.45, 1.8
180, 566.6519999999999, 144.560485, 147.15, 171.05, 1.5
181, 566.0483999999999, 143.82429, 139.6, 173.65, 1.45
182, 565.4448, 142.70392999999999, 131.7, 175.9, 0.75
183, 564.8412, 141.989455, 123.95, 178.6, 0.9
184, 564.2375999999999, 141.22005, 116.0, 181.25, 1.35
185, 563.6339999999999, 139.49796999999998, 107.8, 182.55, 1.05
186, 563.0304, 137.54346499999997, 98.85, 183.7, 1.45
187, 562.4268, 136.660285, 90.65, 186.4, 1.3
188, 561.8231999999999, 135.07193, 81.7, 188.3, 1.05
189, 561.2195999999999, 133.47841000000003, 72.4, 190.35, 0.9
190, 560.616, 132.09141499999998, 62.85, 192.85, 0.9
191, 560.0124, 130.30999999999997, 53.5, 194.45, 1.55
192, 559.4087999999999, 128.05152, 43.8, 195.6, 1.25
193, 558.8052, 126.02206000000001, 34.4, 196.9, 1.4
194, 558.2016, 123.49211500000001, 24.85, 197.55, 0.9
195, 557.598, 120.57522499999997, 14.75, 197.85, 0.25
196, 556.9943999999999, 117.93812500000001, 5.75, 197.95, 0.2
197, 556.3907999999999, 118.83662000000004, 2.3, 201.15, 0.65
198, 555.7872, 119.39610000000002, 1.0, 202.6, 1.5
199, 555.1836, 120.39037, 0.8, 204.25, 2.25
200, 554.5799999999999, 121.3184, 1.0, 205.7, 2.4
201, 553.9764, 121.75980999999999, 0.9, 206.6, 1.9
202, 553.3728, 122.42593000000002, 1.2, 207.65, 1.55
203, 552.7692, 122.54225000000001, 1.0, 207.95, 1.55
204, 552.1655999999999, 122.809635, 1.15, 208.3, 1.7
205, 551.5619999999999, 123.38762000000001, 1.3, 209.15, 2.0
206, 550.9584, 124.04687999999999, 1.7, 210.05, 2.1
207, 550.3548, 124.337145, 1.55, 210.65, 1.95
208, 549.7511999999999, 124.23314999999998, 1.0, 210.85, 1.45
209, 549.1476, 124.57417999999996, 1.2, 211.3, 1.6
210, 548.544, 124.84949999999999, 1.0, 211.9, 1.45
211, 547.9404, 125.03137999999998, 0.7, 212.45, 1.0
212, 547.3367999999999, 125.36401499999997, 0.85, 212.95, 0.95
213, 546.7331999999999, 125.68632499999998, 0.75, 213.55, 0.95
214, 546.1296, 126.05046499999999, 0.85, 214.1, 1.05
215, 545.526, 126.27925499999999, 0.95, 214.4, 1.25
216, 544.9223999999999, 126.472455, 0.95, 214.7, 1.4
217, 544.3188, 126.83498, 1.2, 215.2, 1.35
218, 543.7152, 126.98958499999996, 1.15, 215.45, 1.55
219, 543.1116, 127.16599499999998, 1.05, 215.85, 1.3
220, 542.5079999999999, 127.45325499999997, 0.95, 216.4, 1.25
221, 541.9043999999999, 128.01606499999997, 0.85, 217.4, 1.3
222, 541.3008, 128.40138999999996, 1.1, 217.9, 1.45
223, 540.6972, 128.26927500000002, 1.25, 217.55, 1.7
224, 540.0935999999999, 128.14625499999997, 0.95, 217.6, 1.15
225, 539.49, 128.237, 1.0, 217.7, 1.3
226, 538.8864, 128.57125000000002, 1.0, 218.25, 1.4
227, 538.2828, 128.54575500000004, 0.95, 218.3, 1.05
228, 537.6791999999999, 128.33707, 0.8, 218.05, 0.9
229, 537.0755999999999, 128.55091499999997, 0.85, 218.35, 1.1
230, 536.472, 128.34222999999997, 0.7, 218.1, 0.95
231, 535.8684, 128.639505, 0.95, 218.45, 1.1
232, 535.2647999999999, 129.20901499999997, 1.35, 219.1, 1.7
233, 534.6612, 129.00387500000002, 1.25, 218.85, 1.45
234, 534.0576, 129.326415, 1.35, 219.3, 1.7
235, 533.454, 129.17642999999998, 1.2, 219.15, 1.55
236, 532.8503999999999, 129.10879499999996, 1.05, 219.15, 1.35
237, 532.2467999999999, 129.11965500000002, 0.95, 219.2, 1.45
238, 531.6432, 129.37695000000002, 1.5, 219.3, 1.75
239, 531.0396, 128.92106500000003, 0.85, 219.0, 1.0
240, 530.4359999999999, 129.1819, 1.0, 219.3, 1.35
241, 529.8324, 129.45337, 1.3, 219.6, 1.4
242, 529.2288, 129.40037, 1.3, 219.5, 1.45
243, 528.6252, 129.04793999999998, 1.1, 219.05, 1.2
244, 528.0215999999999, 128.82924, 0.6, 219.0, 0.85
245, 527.4179999999999, 129.00010000000003, 1.0, 219.0, 1.3
246, 526.8144, 128.990005, 0.95, 218.95, 1.6
247, 526.2108, 128.79047999999997, 0.7, 218.65, 2.05
248, 525.6071999999999, 128.74686999999997, 0.8, 218.35, 2.95
249, 525.0036, 129.333625, 1.25, 218.8, 4.6
250, 524.4, 129.10665499999996, 0.95, 218.1, 7.0
251, 523.7964, 129.39981999999998, 0.8, 218.2, 9.45
252, 523.1927999999999, 129.76314999999994, 1.0, 217.95, 13.4
253, 522.5891999999999, 130.19657999999998, 1.2, 217.8, 17.45
254, 521.9856, 130.238525, 0.75, 217.45, 20.8
255, 521.382, 130.76639, 1.1, 217.2, 25.8
256, 520.7783999999999, 131.39032499999996, 1.25, 217.4, 29.85
257, 520.1748, 131.60236500000002, 1.35, 217.05, 33.25
258, 519.5712, 131.621825, 1.25, 216.6, 36.0
259, 518.9676, 131.77541000000002, 0.9, 216.7, 37.75
260, 518.3639999999999, 131.436595, 0.55, 216.0, 39.3
261, 517.7603999999999, 131.83338, 0.7, 216.25, 41.1
262, 517.1568, 131.81602999999996, 0.7, 215.9, 42.75
263, 516.5532, 132.22575, 1.0, 215.95, 45.3
264, 515.9495999999999, 132.788375, 1.25, 216.15, 48.55
265, 515.346, 132.46209999999996, 1.0, 215.1, 51.75
266, 514.7424, 133.06485499999997, 1.45, 215.15, 55.6
267, 514.1388, 132.98308000000003, 1.2, 214.4, 59.4
268, 513.5351999999999, 132.99913999999998, 1.1, 213.75, 63.15
269, 512.9315999999999, 133.226975, 1.25, 213.45, 66.3
270, 512.328, 133.58100000000002, 1.5, 213.45, 68.75
271, 511.72439999999995, 133.83001500000003, 1.35, 213.3, 72.1
272, 511.1207999999999, 133.883365, 1.35, 212.75, 75.4
273, 510.51719999999995, 133.884025, 1.25, 212.2, 78.5
274, 509.9136, 133.92728000000002, 1.2, 211.6, 82.1
275, 509.30999999999995, 134.04139999999998, 1.0, 211.1, 86.2
276, 508.7063999999999, 134.16893499999998, 1.15, 210.6, 89.5
277, 508.10279999999995, 134.383895, 1.05, 210.25, 93.45
278, 507.4992, 134.72196000000002, 1.4, 209.9, 97.3
279, 506.89559999999994, 134.48180499999995, 0.95, 209.05, 100.75
280, 506.2919999999999, 134.17186000000004, 0.4, 208.2, 103.85
281, 505.68839999999994, 135.0608, 1.0, 208.7, 107.5
282, 505.0848, 134.797705, 0.95, 207.85, 109.7
283, 504.48119999999994, 134.646455, 0.95, 207.0, 112.75
284, 503.8775999999999, 134.61737000000002, 0.8, 206.25, 116.75
285, 503.27399999999994, 134.67957, 0.8, 205.55, 120.9
286, 502.6704, 134.99114500000002, 1.05, 205.4, 123.75
287, 502.06679999999994, 135.41125, 1.5, 205.1, 127.8
288, 501.4631999999999, 134.68455999999998, 0.9, 203.75, 129.95
289, 500.85959999999994, 134.31878000000003, 0.7, 202.85, 131.9
290, 500.256, 134.31589499999995, 0.55, 202.3, 135.1
291, 499.65239999999994, 134.305695, 0.55, 201.7, 138.1
292, 499.0487999999999, 133.448515, 0.85, 199.65, 140.35
293, 498.44519999999994, 133.69722499999997, 1.25, 199.2, 143.8
294, 497.84159999999997, 133.71135999999998, 1.4, 198.4, 147.65
295, 497.23799999999994, 133.232945, 1.05, 197.2, 150.55
296, 496.6343999999999, 132.58191, 0.4, 196.15, 151.95
297, 496.03079999999994, 132.63827499999996, 1.25, 195.25, 154.85
298, 495.42719999999997, 132.36445999999998, 0.9, 194.35, 158.0
299, 494.82359999999994, 132.07655499999996, 0.95, 193.3, 160.75
300, 494.2199999999999, 131.61348000000004, 0.7, 192.25, 162.75
301, 493.61639999999994, 131.01782999999998, 0.2, 191.15, 164.5
302, 493.01279999999997, 130.58581499999997, 0.85, 189.85, 165.7
303, 492.40919999999994, 130.00125500000001, 0.45, 188.65, 167.8
304, 491.8055999999999, 129.53424999999996, 1.0, 187.05, 170.5
305, 491.20199999999994, 128.92681499999998, 1.35, 185.4, 172.75
306, 490.59839999999997, 127.97927500000006, 0.75, 183.8, 174.25
307, 489.99479999999994, 126.83175999999999, 0.4, 181.8, 175.4
308, 489.3911999999999, 126.65240499999997, 0.45, 181.1, 177.3
309, 488.78759999999994, 126.32392000000002, 0.8, 180.1, 178.65
310, 488.18399999999997, 125.92632499999999, 0.75, 179.05, 180.7
311, 487.58039999999994, 125.51279000000002, 0.6, 178.15, 182.1
312, 486.9767999999999, 124.86947500000001, 0.75, 176.9, 182.5
313, 486.37319999999994, 124.48350500000001, 0.45, 175.9, 185.05
314, 485.76959999999997, 124.4204, 1.5, 174.85, 187.15
315, 485.16599999999994, 123.85387500000002, 1.25, 173.75, 188.5
316, 484.5623999999999, 122.78062499999999, 0.75, 172.05, 189.15
317, 483.95879999999994, 121.785335, 0.65, 170.25, 189.95
318, 483.35519999999997, 121.39060000000002, 0.5, 169.45, 191.0
319, 482.75159999999994, 120.792805, 0.95, 167.95, 192.3
320, 482.1479999999999, 120.53966, 0.9, 167.35, 193.3
321, 481.54439999999994, 119.97075500000001, 0.95, 166.2, 194.1
322, 480.94079999999997, 119.05966000000004, 0.9, 164.45, 195.25
323, 480.33719999999994, 117.98440000000001, 0.5, 162.55, 196.65
324, 479.7335999999999, 117.10620499999997, 0.95, 160.65, 197.55
325, 479.12999999999994, 116.01438500000002, 0.65, 158.7, 198.8
326, 478.52639999999997, 115.01909500000002, 0.55, 156.9, 199.6
327, 477.92279999999994, 114.11778499999998, 0.65, 155.1, 200.7
328, 477.3191999999999, 113.161545, 0.55, 153.25, 202.1
329, 476.71559999999994, 112.31347000000002, 1.3, 151.2, 203.25
330, 476.11199999999997, 111.07512999999997, 1.2, 148.85, 204.75
331, 475.50839999999994, 109.85482499999998, 1.25, 146.6, 205.5
332, 474.9047999999999, 108.50625999999997, 1.4, 144.1, 206.15
333, 474.30119999999994, 106.92111000000003, 1.4, 141.05, 207.95
334, 473.69759999999997, 105.41745999999998, 1.4, 138.1, 209.95
335, 473.09399999999994, 103.89248, 1.2, 135.4, 211.0
336, 472.4903999999999, 102.20050000000002, 1.0, 132.6, 211.1
337, 471.88679999999994, 100.58347000000003, 0.8, 129.85, 211.6
338, 471.28319999999997, 98.92237499999996, 0.75, 126.9, 212.35
339, 470.67959999999994, 96.43856999999998, 0.8, 122.75, 211.8
340, 470.0759999999999, 94.522255, 0.45, 119.45, 212.9
341, 469.47239999999994, 93.46756999999998, 1.3, 116.9, 214.55
342, 468.86879999999996, 92.07431999999997, 1.8, 114.0, 215.95
343, 468.26519999999994, 89.85287500000001, 1.25, 110.35, 216.7
344, 467.6615999999999, 88.11266499999999, 1.35, 107.15, 217.65
345, 467.05799999999994, 85.54749499999998, 0.55, 103.1, 218.1
346, 466.45439999999996, 83.75088500000003, 0.65, 99.6, 220.1
347, 465.85079999999994, 81.73827499999997, 0.75, 95.8, 221.75
348, 465.2471999999999, 78.96310500000003, 0.95, 90.65, 223.4
349, 464.64359999999994, 76.00905999999998, 1.4, 85.0, 225.4
350, 464.03999999999996, 72.87623500000001, 1.15, 79.8, 225.35
351, 463.43639999999994, 70.26369000000001, 1.1, 75.2, 226.25
352, 462.8327999999999, 67.250565, 0.85, 70.0, 227.25
353, 462.22919999999993, 63.74603500000002, 0.65, 63.85, 228.7
354, 461.62559999999996, 59.981044999999995, 0.55, 57.05, 230.95
355, 461.02199999999993, 56.620870000000004, 1.3, 50.4, 233.75
356, 460.4183999999999, 51.707685000000005, 1.15, 41.65, 236.1
357, 459.81479999999993, 47.16119, 1.1, 33.6, 237.8
358, 459.21119999999996, 42.19872000000001, 1.3, 24.85, 238.8
359, 458.60759999999993, 36.440195, 1.55, 15.0, 238.35
360, 458.0039999999999, 29.672599999999996, 0.0, 4.6, 236.6
361, 457.40039999999993, 28.389384999999997, 0.15, 1.25, 242.2
362, 456.79679999999996, 28.566214999999993, 0.85, 0.35, 246.55
363, 456.19319999999993, 28.630990000000004, 1.1, 0.1, 247.75
364, 455.5895999999999, 28.600025, 1.25, 0.0, 247.6
365, 454.98599999999993, 28.975170000000002, 1.3, 0.4, 248.7
366, 454.38239999999996, 29.34907, 1.3, 0.6, 250.95
367, 453.77879999999993, 29.264245, 0.55, 0.75, 251.4
368, 453.1751999999999, 29.480705, 0.95, 0.75, 252.25
369, 452.57159999999993, 29.628455000000002, 1.45, 0.65, 252.75
370, 451.96799999999996, 29.405675000000002, 1.25, 0.45, 252.35
371, 451.36439999999993, 29.622220000000006, 1.8, 0.5, 252.55
372, 450.7607999999999, 29.621990000000004, 1.6, 0.65, 252.3
373, 450.15719999999993, 29.511360000000003, 0.9, 0.75, 252.65
374, 449.55359999999996, 29.711025, 0.75, 1.05, 253.25
375, 448.94999999999993, 30.050440000000002, 1.1, 1.45, 253.25
376, 448.3463999999999, 29.655255000000004, 1.45, 0.55, 253.5
377, 447.74279999999993, 30.131100000000004, 2.0, 1.1, 253.4
378, 447.13919999999996, 29.851775000000004, 1.75, 0.8, 253.15
379, 446.53559999999993, 29.796929999999996, 1.7, 0.8, 252.8
380, 445.9319999999999, 30.144740000000002, 2.1, 1.15, 253.0
381, 445.32839999999993, 30.065395000000002, 2.05, 1.05, 252.95
382, 444.72479999999996, 29.592100000000006, 1.5, 0.65, 252.3
383, 444.12119999999993, 29.564905, 1.45, 0.6, 252.45
384, 443.51759999999996, 29.503200000000003, 1.5, 0.45, 252.55
385, 442.914, 29.621140000000004, 1.6, 0.6, 252.55
386, 442.31039999999996, 29.850469999999994, 1.8, 0.85, 252.75
387, 441.70679999999993, 30.133339999999997, 2.1, 1.15, 252.9
388, 441.10319999999996, 29.826819999999998, 1.8, 0.8, 252.8
389, 440.4996, 29.503509999999995, 1.4, 0.55, 252.3
390, 439.89599999999996, 29.842074999999994, 1.75, 0.9, 252.55
391, 439.29239999999993, 30.123245000000004, 2.05, 1.1, 253.2
392, 438.68879999999996, 29.439875000000008, 1.25, 0.45, 252.65
393, 438.0852, 29.809635000000004, 1.65, 0.75, 253.3
394, 437.48159999999996, 29.453970000000005, 1.3, 0.4, 252.9
395, 436.87799999999993, 29.515365000000003, 1.35, 0.45, 253.05
396, 436.27439999999996, 29.932965000000003, 1.85, 0.8, 253.6
397, 435.6708, 29.768035000000005, 1.65, 0.65, 253.45
398, 435.06719999999996, 29.631149999999998, 1.5, 0.6, 252.9
399, 434.46359999999993, 30.2314, 2.0, 1.3, 253.25
400, 433.85999999999996, 30.129255, 1.95, 1.2, 253.0
401, 433.2564, 29.6166, 1.5, 0.75, 252.0
402, 432.65279999999996, 29.512155, 1.45, 0.85, 250.7
403, 432.0491999999999, 29.417659999999994, 1.4, 1.2, 248.2
404, 431.44559999999996, 28.780704999999994, 0.95, 1.15, 244.05
405, 430.842, 28.364150000000002, 1.0, 1.25, 239.75
406, 430.23839999999996, 27.808470000000007, 0.8, 1.25, 235.4
407, 429.6347999999999, 26.671030000000002, 0.2, 0.55, 230.6
408, 429.03119999999996, 26.854650000000003, 1.5, 0.9, 227.0
409, 428.4276, 25.846320000000002, 0.8, 0.5, 222.05
410, 427.82399999999996, 25.637915, 1.35, 0.7, 217.75
411, 427.2203999999999, 25.00621, 1.4, 0.55, 212.85
412, 426.61679999999996, 23.967310000000005, 0.9, 0.2, 206.85
413, 426.0132, 23.83703, 1.7, 0.6, 201.55
414, 425.40959999999995, 23.550829999999998, 1.7, 1.2, 195.95
415, 424.8059999999999, 22.379505, 1.45, 0.4, 190.45
416, 424.20239999999995, 21.541659999999997, 0.9, 0.35, 184.8
417, 423.5988, 21.111485000000002, 0.65, 0.9, 178.85
418, 422.99519999999995, 20.40968, 0.7, 0.65, 173.85
419, 422.3915999999999, 19.860325000000003, 0.75, 0.65, 168.9
420, 421.78799999999995, 19.520424999999996, 1.25, 0.7, 164.35
421, 421.1844, 18.829019999999996, 0.8, 0.8, 158.95
422, 420.58079999999995, 18.088474999999995, 0.75, 0.7, 153.1
423, 419.9771999999999, 17.601915, 1.85, 0.35, 147.75
424, 419.37359999999995, 17.04941, 1.9, 0.5, 142.0
425, 418.7699999999999, 16.38867, 2.3, 0.2, 136.7
426, 418.16639999999995, 16.60073, 3.7, 0.8, 131.8
427, 417.5627999999999, 16.639695000000003, 5.05, 1.15, 126.8
428, 416.95919999999995, 16.14043, 6.2, 0.85, 120.95
429, 416.3555999999999, 16.118315, 7.85, 1.05, 115.4
430, 415.75199999999995, 16.072604999999996, 8.95, 1.15, 111.6
431, 415.1483999999999, 15.35594, 9.1, 0.95, 105.95
432, 414.54479999999995, 15.043470000000003, 10.3, 0.7, 101.35
433, 413.9411999999999, 15.436860000000001, 12.4, 1.0, 97.75
434, 413.33759999999995, 15.012135000000006, 12.15, 1.2, 93.65
435, 412.7339999999999, 15.022745, 13.55, 1.35, 89.3
436, 412.13039999999995, 14.170330000000002, 13.2, 0.95, 84.8
437, 411.5267999999999, 13.888814999999997, 13.35, 1.2, 80.65
438, 410.92319999999995, 14.062190000000001, 14.1, 1.9, 76.6
439, 410.3195999999999, 13.846459999999999, 13.9, 2.45, 72.4
440, 409.71599999999995, 13.587035, 13.65, 2.65, 69.75
441, 409.1123999999999, 15.063195000000002, 15.05, 4.85, 67.7
442, 408.50879999999995, 15.047134999999997, 15.15, 5.5, 63.95
443, 407.9051999999999, 15.436195000000001, 15.55, 6.6, 60.65
444, 407.30159999999995, 16.840015, 16.85, 8.65, 59.0
445, 406.6979999999999, 15.388504999999999, 15.45, 7.9, 53.8
446, 406.09439999999995, 15.287004999999999, 15.45, 8.3, 50.85
447, 405.4907999999999, 15.863315, 15.85, 9.35, 49.45
448, 404.88719999999995, 15.971804999999998, 15.95, 9.95, 47.05
449, 404.2835999999999, 15.732490000000002, 16.1, 10.0, 44.3
450, 403.67999999999995, 16.75097, 17.8, 10.85, 44.4
451, 403.0763999999999, 16.3307, 17.5, 10.85, 41.5
452, 402.47279999999995, 16.15377, 17.3, 11.0, 39.7
453, 401.8691999999999, 16.303465, 17.35, 11.55, 38.05
454, 401.26559999999995, 16.668935, 17.65, 12.35, 36.35
455, 400.6619999999999, 16.633199999999995, 17.5, 12.55, 35.4
456, 400.05839999999995, 16.654324999999996, 17.75, 12.75, 33.9
457, 399.4547999999999, 17.480984999999997, 18.65, 13.7, 33.9
458, 398.85119999999995, 17.290725000000002, 18.25, 13.9, 32.25
459, 398.2475999999999, 16.507615000000005, 17.35, 13.5, 29.8
460, 397.64399999999995, 16.79851, 17.9, 13.9, 28.85
461, 397.0403999999999, 16.48005, 17.5, 13.6, 28.65
462, 396.43679999999995, 16.139415000000003, 17.35, 13.3, 27.6
463, 395.8331999999999, 16.533674999999995, 17.75, 13.7, 27.95
464, 395.22959999999995, 17.172065, 18.35, 14.55, 27.6
465, 394.6259999999999, 17.39078, 18.2, 15.3, 26.05
466, 394.02239999999995, 16.969865, 17.85, 14.8, 25.85
467, 393.4187999999999, 16.684780000000003, 17.7, 14.75, 24.0
468, 392.81519999999995, 16.42125, 17.5, 14.5, 23.5
469, 392.2115999999999, 16.3936, 17.5, 14.55, 23.0
470, 391.60799999999995, 16.101570000000002, 17.3, 14.3, 22.25
471, 391.0043999999999, 15.757304999999997, 16.95, 13.95, 21.95
472, 390.40079999999995, 16.198950000000004, 17.5, 14.5, 21.55
473, 389.7971999999999, 16.501925, 17.75, 14.85, 21.75
474, 389.19359999999995, 15.861234999999999, 17.15, 14.2, 21.05
475, 388.5899999999999, 15.699310000000002, 16.9, 14.1, 20.8
476, 387.98639999999995, 16.440530000000003, 17.7, 14.8, 21.6
477, 387.3827999999999, 16.267204999999997, 17.45, 14.7, 21.25
478, 386.77919999999995, 16.325905, 17.45, 14.8, 21.25
479, 386.1755999999999, 16.388460000000002, 17.4, 15.0, 20.9
480, 385.57199999999995, 16.50101, 17.4, 15.25, 20.6
481, 384.9683999999999, 16.512409999999996, 17.4, 15.25, 20.7
482, 384.36479999999995, 16.44801, 17.4, 15.15, 20.65
483, 383.7611999999999, 16.947960000000002, 17.9, 15.65, 21.15
484, 383.15759999999995, 17.100949999999997, 18.0, 15.85, 21.2
485, 382.5539999999999, 16.668945, 17.55, 15.45, 20.65
486, 381.95039999999995, 16.027715, 16.85, 14.85, 19.95
487, 381.3467999999999, 16.581205000000004, 17.45, 15.4, 20.4
488, 380.74319999999994, 16.651305, 17.45, 15.5, 20.5
489, 380.1395999999999, 16.28994, 17.1, 15.15, 20.05
490, 379.53599999999994, 16.034264999999998, 16.85, 14.9, 19.75
491, 378.9323999999999, 16.094355, 16.95, 15.0, 19.5
492, 378.32879999999994, 15.98736, 16.9, 14.95, 18.95
493, 377.7251999999999, 15.902314999999998, 16.85, 14.85, 18.85
494, 377.12159999999994, 15.616835, 16.65, 14.65, 17.9
495, 376.5179999999999, 15.86766, 16.9, 14.95, 17.9
496, 375.91439999999994, 16.03829, 17.1, 15.1, 18.1
497, 375.3107999999999, 15.53834, 16.6, 14.6, 17.6
498, 374.70719999999994, 15.488345000000004, 16.55, 14.55, 17.55
499, 374.1035999999999, 16.152684999999998, 17.15, 15.25, 18.2
