Extraction [ img/calibdujour.png ] effectuee 2026-03-26 16:02:59.522872
Calibration: -0.6036*x + 675.3 [Largeur 500]

pixel, longueur d'onde, intensite, r, g, b
0, 675.3, 0.0, 0.0, 0.0, 0.0
1, 674.6963999999999, 0.0, 0.0, 0.0, 0.0
2, 674.0928, 0.0, 0.0, 0.0, 0.0
3, 673.4892, 0.0, 0.0, 0.0, 0.0
4, 672.8856, 0.0, 0.0, 0.0, 0.0
5, 672.2819999999999, 0.0, 0.0, 0.0, 0.0
6, 671.6784, 0.0, 0.0, 0.0, 0.0
7, 671.0748, 0.0, 0.0, 0.0, 0.0
8, 670.4712, 0.0, 0.0, 0.0, 0.0
9, 669.8675999999999, 0.0, 0.0, 0.0, 0.0
10, 669.264, 0.0, 0.0, 0.0, 0.0
11, 668.6604, 0.0, 0.0, 0.0, 0.0
12, 668.0568, 0.0, 0.0, 0.0, 0.0
13, 667.4531999999999, 0.0, 0.0, 0.0, 0.0
14, 666.8496, 0.0, 0.0, 0.0, 0.0
15, 666.246, 0.0, 0.0, 0.0, 0.0
16, 665.6424, 0.0, 0.0, 0.0, 0.0
17, 665.0387999999999, 0.0, 0.0, 0.0, 0.0
18, 664.4352, 0.0, 0.0, 0.0, 0.0
19, 663.8316, 0.0, 0.0, 0.0, 0.0
20, 663.228, 0.0, 0.0, 0.0, 0.0
21, 662.6243999999999, 0.0, 0.0, 0.0, 0.0
22, 662.0208, 0.0, 0.0, 0.0, 0.0
23, 661.4172, 0.0, 0.0, 0.0, 0.0
24, 660.8136, 0.0, 0.0, 0.0, 0.0
25, 660.2099999999999, 0.0, 0.0, 0.0, 0.0
26, 659.6064, 1.203675, 3.25, 0.25, 0.75
27, 659.0028, 1.097445, 3.05, 0.2, 0.6
28, 658.3992, 1.180875, 3.25, 0.25, 0.55
29, 657.7955999999999, 2.11285, 6.0, 0.35, 1.0
30, 657.192, 7.3545050000000005, 21.95, 0.75, 3.1
31, 656.5884, 13.78126, 40.9, 1.35, 6.7
32, 655.9848, 20.484315, 58.35, 3.0, 11.25
33, 655.3811999999999, 23.613554999999998, 66.45, 3.75, 13.6
34, 654.7776, 22.932894999999995, 67.05, 2.45, 12.75
35, 654.174, 23.369224999999997, 68.75, 2.25, 13.15
36, 653.5704, 23.596864999999998, 69.85, 2.0, 13.55
37, 652.9667999999999, 24.195425, 71.25, 2.2, 14.1
38, 652.3632, 24.553565, 72.35, 2.25, 14.1
39, 651.7596, 25.215139999999998, 74.1, 2.35, 14.8
40, 651.156, 26.276210000000003, 77.4, 2.05, 17.0
41, 650.5523999999999, 27.849804999999996, 82.45, 1.8, 18.85
42, 649.9488, 31.734894999999995, 91.05, 3.35, 22.4
43, 649.3452, 34.72985499999999, 98.45, 4.15, 25.15
44, 648.7416, 36.312070000000006, 103.3, 3.9, 27.6
45, 648.1379999999999, 36.662045, 104.55, 3.85, 27.65
46, 647.5344, 34.621415, 100.85, 2.85, 24.6
47, 646.9308, 33.230650000000004, 99.0, 1.85, 22.4
48, 646.3272, 34.05707500000001, 101.25, 1.85, 23.75
49, 645.7235999999999, 35.85264500000001, 103.05, 3.4, 26.8
50, 645.12, 33.11026, 94.9, 3.15, 25.4
51, 644.5164, 25.648475, 73.25, 2.55, 19.8
52, 643.9128, 15.083875, 43.25, 1.45, 11.45
53, 643.3091999999999, 5.481679999999999, 16.2, 0.4, 3.55
54, 642.7056, 0.0, 0.0, 0.0, 0.0
55, 642.102, 0.0, 0.0, 0.0, 0.0
56, 641.4984, 0.0, 0.0, 0.0, 0.0
57, 640.8947999999999, 0.0, 0.0, 0.0, 0.0
58, 640.2912, 0.0, 0.0, 0.0, 0.0
59, 639.6876, 0.0, 0.0, 0.0, 0.0
60, 639.084, 0.0, 0.0, 0.0, 0.0
61, 638.4803999999999, 0.0, 0.0, 0.0, 0.0
62, 637.8768, 0.0, 0.0, 0.0, 0.0
63, 637.2732, 0.0, 0.0, 0.0, 0.0
64, 636.6696, 0.0, 0.0, 0.0, 0.0
65, 636.0659999999999, 0.0, 0.0, 0.0, 0.0
66, 635.4624, 0.0, 0.0, 0.0, 0.0
67, 634.8588, 0.0, 0.0, 0.0, 0.0
68, 634.2552, 0.0, 0.0, 0.0, 0.0
69, 633.6515999999999, 0.0, 0.0, 0.0, 0.0
70, 633.048, 0.0, 0.0, 0.0, 0.0
71, 632.4444, 0.0, 0.0, 0.0, 0.0
72, 631.8408, 0.0, 0.0, 0.0, 0.0
73, 631.2371999999999, 0.0, 0.0, 0.0, 0.0
74, 630.6336, 0.0, 0.0, 0.0, 0.0
75, 630.03, 0.0, 0.0, 0.0, 0.0
76, 629.4264, 0.0, 0.0, 0.0, 0.0
77, 628.8227999999999, 0.0, 0.0, 0.0, 0.0
78, 628.2192, 0.0, 0.0, 0.0, 0.0
79, 627.6156, 0.0, 0.0, 0.0, 0.0
80, 627.012, 0.0, 0.0, 0.0, 0.0
81, 626.4083999999999, 0.0, 0.0, 0.0, 0.0
82, 625.8048, 0.0, 0.0, 0.0, 0.0
83, 625.2012, 0.0, 0.0, 0.0, 0.0
84, 624.5975999999999, 0.0, 0.0, 0.0, 0.0
85, 623.9939999999999, 0.0, 0.0, 0.0, 0.0
86, 623.3904, 0.0, 0.0, 0.0, 0.0
87, 622.7868, 0.0, 0.0, 0.0, 0.0
88, 622.1831999999999, 0.0, 0.0, 0.0, 0.0
89, 621.5795999999999, 0.0, 0.0, 0.0, 0.0
90, 620.976, 0.0, 0.0, 0.0, 0.0
91, 620.3724, 0.0, 0.0, 0.0, 0.0
92, 619.7687999999999, 0.0, 0.0, 0.0, 0.0
93, 619.1651999999999, 0.0, 0.0, 0.0, 0.0
94, 618.5616, 0.0, 0.0, 0.0, 0.0
95, 617.958, 0.0, 0.0, 0.0, 0.0
96, 617.3543999999999, 0.0, 0.0, 0.0, 0.0
97, 616.7507999999999, 0.0, 0.0, 0.0, 0.0
98, 616.1472, 0.0, 0.0, 0.0, 0.0
99, 615.5436, 0.0, 0.0, 0.0, 0.0
100, 614.9399999999999, 0.0, 0.0, 0.0, 0.0
101, 614.3363999999999, 0.0, 0.0, 0.0, 0.0
102, 613.7328, 0.0, 0.0, 0.0, 0.0
103, 613.1292, 0.0, 0.0, 0.0, 0.0
104, 612.5255999999999, 0.0, 0.0, 0.0, 0.0
105, 611.9219999999999, 0.0, 0.0, 0.0, 0.0
106, 611.3184, 0.0, 0.0, 0.0, 0.0
107, 610.7148, 0.0, 0.0, 0.0, 0.0
108, 610.1111999999999, 0.0, 0.0, 0.0, 0.0
109, 609.5075999999999, 0.0, 0.0, 0.0, 0.0
110, 608.904, 0.0, 0.0, 0.0, 0.0
111, 608.3004, 0.0, 0.0, 0.0, 0.0
112, 607.6967999999999, 0.0, 0.0, 0.0, 0.0
113, 607.0931999999999, 0.0, 0.0, 0.0, 0.0
114, 606.4896, 0.0, 0.0, 0.0, 0.0
115, 605.886, 0.0, 0.0, 0.0, 0.0
116, 605.2823999999999, 0.0, 0.0, 0.0, 0.0
117, 604.6787999999999, 0.0, 0.0, 0.0, 0.0
118, 604.0752, 0.0, 0.0, 0.0, 0.0
119, 603.4716, 0.0, 0.0, 0.0, 0.0
120, 602.8679999999999, 0.0, 0.0, 0.0, 0.0
121, 602.2643999999999, 0.0, 0.0, 0.0, 0.0
122, 601.6608, 0.0, 0.0, 0.0, 0.0
123, 601.0572, 0.0, 0.0, 0.0, 0.0
124, 600.4535999999999, 0.0, 0.0, 0.0, 0.0
125, 599.8499999999999, 0.0, 0.0, 0.0, 0.0
126, 599.2464, 0.0, 0.0, 0.0, 0.0
127, 598.6428, 0.0, 0.0, 0.0, 0.0
128, 598.0391999999999, 0.0, 0.0, 0.0, 0.0
129, 597.4355999999999, 0.0, 0.0, 0.0, 0.0
130, 596.832, 0.0, 0.0, 0.0, 0.0
131, 596.2284, 0.0, 0.0, 0.0, 0.0
132, 595.6247999999999, 0.0, 0.0, 0.0, 0.0
133, 595.0211999999999, 0.0, 0.0, 0.0, 0.0
134, 594.4176, 0.0, 0.0, 0.0, 0.0
135, 593.814, 0.0, 0.0, 0.0, 0.0
136, 593.2103999999999, 0.0, 0.0, 0.0, 0.0
137, 592.6067999999999, 0.0, 0.0, 0.0, 0.0
138, 592.0032, 0.0, 0.0, 0.0, 0.0
139, 591.3996, 0.0, 0.0, 0.0, 0.0
140, 590.7959999999999, 0.0, 0.0, 0.0, 0.0
141, 590.1923999999999, 0.0, 0.0, 0.0, 0.0
142, 589.5888, 0.0, 0.0, 0.0, 0.0
143, 588.9852, 0.0, 0.0, 0.0, 0.0
144, 588.3815999999999, 0.0, 0.0, 0.0, 0.0
145, 587.7779999999999, 0.0, 0.0, 0.0, 0.0
146, 587.1744, 0.0, 0.0, 0.0, 0.0
147, 586.5708, 0.0, 0.0, 0.0, 0.0
148, 585.9671999999999, 0.0, 0.0, 0.0, 0.0
149, 585.3635999999999, 0.0, 0.0, 0.0, 0.0
150, 584.76, 0.0, 0.0, 0.0, 0.0
151, 584.1564, 0.0, 0.0, 0.0, 0.0
152, 583.5527999999999, 0.0, 0.0, 0.0, 0.0
153, 582.9491999999999, 0.0, 0.0, 0.0, 0.0
154, 582.3456, 0.0, 0.0, 0.0, 0.0
155, 581.742, 0.0, 0.0, 0.0, 0.0
156, 581.1383999999999, 0.0, 0.0, 0.0, 0.0
157, 580.5347999999999, 0.0, 0.0, 0.0, 0.0
158, 579.9312, 0.0, 0.0, 0.0, 0.0
159, 579.3276, 0.0, 0.0, 0.0, 0.0
160, 578.7239999999999, 0.0, 0.0, 0.0, 0.0
161, 578.1203999999999, 0.0, 0.0, 0.0, 0.0
162, 577.5168, 0.0, 0.0, 0.0, 0.0
163, 576.9132, 0.0, 0.0, 0.0, 0.0
164, 576.3095999999999, 0.0, 0.0, 0.0, 0.0
165, 575.7059999999999, 0.0, 0.0, 0.0, 0.0
166, 575.1024, 0.0, 0.0, 0.0, 0.0
167, 574.4988, 0.0, 0.0, 0.0, 0.0
168, 573.8951999999999, 0.0, 0.0, 0.0, 0.0
169, 573.2915999999999, 0.0, 0.0, 0.0, 0.0
170, 572.688, 0.0, 0.0, 0.0, 0.0
171, 572.0844, 0.0, 0.0, 0.0, 0.0
172, 571.4807999999999, 0.0, 0.0, 0.0, 0.0
173, 570.8771999999999, 0.0, 0.0, 0.0, 0.0
174, 570.2736, 0.0, 0.0, 0.0, 0.0
175, 569.67, 0.0, 0.0, 0.0, 0.0
176, 569.0663999999999, 0.0, 0.0, 0.0, 0.0
177, 568.4627999999999, 0.0, 0.0, 0.0, 0.0
178, 567.8592, 0.0, 0.0, 0.0, 0.0
179, 567.2556, 0.0, 0.0, 0.0, 0.0
180, 566.6519999999999, 0.0, 0.0, 0.0, 0.0
181, 566.0483999999999, 0.0, 0.0, 0.0, 0.0
182, 565.4448, 0.0, 0.0, 0.0, 0.0
183, 564.8412, 0.0, 0.0, 0.0, 0.0
184, 564.2375999999999, 0.0, 0.0, 0.0, 0.0
185, 563.6339999999999, 0.0, 0.0, 0.0, 0.0
186, 563.0304, 0.0, 0.0, 0.0, 0.0
187, 562.4268, 0.0, 0.0, 0.0, 0.0
188, 561.8231999999999, 0.0, 0.0, 0.0, 0.0
189, 561.2195999999999, 0.0, 0.0, 0.0, 0.0
190, 560.616, 0.0, 0.0, 0.0, 0.0
191, 560.0124, 0.0, 0.0, 0.0, 0.0
192, 559.4087999999999, 0.0, 0.0, 0.0, 0.0
193, 558.8052, 0.0, 0.0, 0.0, 0.0
194, 558.2016, 0.0, 0.0, 0.0, 0.0
195, 557.598, 0.0, 0.0, 0.0, 0.0
196, 556.9943999999999, 0.0, 0.0, 0.0, 0.0
197, 556.3907999999999, 0.0, 0.0, 0.0, 0.0
198, 555.7872, 0.0, 0.0, 0.0, 0.0
199, 555.1836, 0.0, 0.0, 0.0, 0.0
200, 554.5799999999999, 0.0, 0.0, 0.0, 0.0
201, 553.9764, 0.0, 0.0, 0.0, 0.0
202, 553.3728, 0.0, 0.0, 0.0, 0.0
203, 552.7692, 0.0, 0.0, 0.0, 0.0
204, 552.1655999999999, 0.0, 0.0, 0.0, 0.0
205, 551.5619999999999, 0.0, 0.0, 0.0, 0.0
206, 550.9584, 0.0, 0.0, 0.0, 0.0
207, 550.3548, 0.0, 0.0, 0.0, 0.0
208, 549.7511999999999, 0.0, 0.0, 0.0, 0.0
209, 549.1476, 0.0, 0.0, 0.0, 0.0
210, 548.544, 0.0, 0.0, 0.0, 0.0
211, 547.9404, 0.0, 0.0, 0.0, 0.0
212, 547.3367999999999, 0.0, 0.0, 0.0, 0.0
213, 546.7331999999999, 0.0, 0.0, 0.0, 0.0
214, 546.1296, 0.0, 0.0, 0.0, 0.0
215, 545.526, 0.0, 0.0, 0.0, 0.0
216, 544.9223999999999, 0.0, 0.0, 0.0, 0.0
217, 544.3188, 0.0, 0.0, 0.0, 0.0
218, 543.7152, 0.0, 0.0, 0.0, 0.0
219, 543.1116, 0.0, 0.0, 0.0, 0.0
220, 542.5079999999999, 0.0, 0.0, 0.0, 0.0
221, 541.9043999999999, 0.0, 0.0, 0.0, 0.0
222, 541.3008, 0.0, 0.0, 0.0, 0.0
223, 540.6972, 0.0, 0.0, 0.0, 0.0
224, 540.0935999999999, 0.0, 0.0, 0.0, 0.0
225, 539.49, 0.0, 0.0, 0.0, 0.0
226, 538.8864, 0.0, 0.0, 0.0, 0.0
227, 538.2828, 0.0, 0.0, 0.0, 0.0
228, 537.6791999999999, 0.0, 0.0, 0.0, 0.0
229, 537.0755999999999, 0.0, 0.0, 0.0, 0.0
230, 536.472, 0.0, 0.0, 0.0, 0.0
231, 535.8684, 0.0, 0.0, 0.0, 0.0
232, 535.2647999999999, 0.0, 0.0, 0.0, 0.0
233, 534.6612, 0.0, 0.0, 0.0, 0.0
234, 534.0576, 0.0, 0.0, 0.0, 0.0
235, 533.454, 0.0, 0.0, 0.0, 0.0
236, 532.8503999999999, 0.0, 0.0, 0.0, 0.0
237, 532.2467999999999, 0.0, 0.0, 0.0, 0.0
238, 531.6432, 0.0, 0.0, 0.0, 0.0
239, 531.0396, 0.0, 0.0, 0.0, 0.0
240, 530.4359999999999, 0.0, 0.0, 0.0, 0.0
241, 529.8324, 2.61184, 0.1, 4.35, 0.25
242, 529.2288, 6.859115, 0.35, 11.4, 0.55
243, 528.6252, 12.663934999999999, 1.15, 20.6, 2.0
244, 528.0215999999999, 15.712869999999999, 0.8, 26.05, 1.6
245, 527.4179999999999, 16.41257, 1.3, 26.9, 2.05
246, 526.8144, 20.976455, 1.45, 34.55, 2.3
247, 526.2108, 23.941564999999997, 0.85, 39.8, 2.85
248, 525.6071999999999, 28.934595000000012, 1.55, 47.6, 4.65
249, 525.0036, 37.55737, 4.8, 59.45, 10.75
250, 524.4, 45.188109999999995, 7.9, 69.9, 15.75
251, 523.7964, 46.604454999999994, 7.95, 72.2, 16.2
252, 523.1927999999999, 43.198564999999995, 7.35, 67.15, 13.9
253, 522.5891999999999, 41.142385000000004, 7.15, 64.05, 12.35
254, 521.9856, 36.82988, 6.7, 57.35, 10.2
255, 521.382, 28.589715, 3.85, 45.55, 6.15
256, 520.7783999999999, 23.224059999999998, 2.4, 37.4, 4.85
257, 520.1748, 13.241530000000001, 1.7, 21.1, 3.05
258, 519.5712, 0.0, 0.0, 0.0, 0.0
259, 518.9676, 0.0, 0.0, 0.0, 0.0
260, 518.3639999999999, 0.0, 0.0, 0.0, 0.0
261, 517.7603999999999, 0.0, 0.0, 0.0, 0.0
262, 517.1568, 0.0, 0.0, 0.0, 0.0
263, 516.5532, 0.0, 0.0, 0.0, 0.0
264, 515.9495999999999, 0.0, 0.0, 0.0, 0.0
265, 515.346, 0.0, 0.0, 0.0, 0.0
266, 514.7424, 0.0, 0.0, 0.0, 0.0
267, 514.1388, 0.0, 0.0, 0.0, 0.0
268, 513.5351999999999, 0.0, 0.0, 0.0, 0.0
269, 512.9315999999999, 0.0, 0.0, 0.0, 0.0
270, 512.328, 0.0, 0.0, 0.0, 0.0
271, 511.72439999999995, 0.0, 0.0, 0.0, 0.0
272, 511.1207999999999, 0.0, 0.0, 0.0, 0.0
273, 510.51719999999995, 0.0, 0.0, 0.0, 0.0
274, 509.9136, 0.0, 0.0, 0.0, 0.0
275, 509.30999999999995, 0.0, 0.0, 0.0, 0.0
276, 508.7063999999999, 0.0, 0.0, 0.0, 0.0
277, 508.10279999999995, 0.0, 0.0, 0.0, 0.0
278, 507.4992, 0.0, 0.0, 0.0, 0.0
279, 506.89559999999994, 0.0, 0.0, 0.0, 0.0
280, 506.2919999999999, 0.0, 0.0, 0.0, 0.0
281, 505.68839999999994, 0.0, 0.0, 0.0, 0.0
282, 505.0848, 0.0, 0.0, 0.0, 0.0
283, 504.48119999999994, 0.0, 0.0, 0.0, 0.0
284, 503.8775999999999, 0.0, 0.0, 0.0, 0.0
285, 503.27399999999994, 0.0, 0.0, 0.0, 0.0
286, 502.6704, 0.0, 0.0, 0.0, 0.0
287, 502.06679999999994, 0.0, 0.0, 0.0, 0.0
288, 501.4631999999999, 0.0, 0.0, 0.0, 0.0
289, 500.85959999999994, 0.0, 0.0, 0.0, 0.0
290, 500.256, 0.0, 0.0, 0.0, 0.0
291, 499.65239999999994, 0.0, 0.0, 0.0, 0.0
292, 499.0487999999999, 0.0, 0.0, 0.0, 0.0
293, 498.44519999999994, 0.0, 0.0, 0.0, 0.0
294, 497.84159999999997, 0.0, 0.0, 0.0, 0.0
295, 497.23799999999994, 0.0, 0.0, 0.0, 0.0
296, 496.6343999999999, 0.0, 0.0, 0.0, 0.0
297, 496.03079999999994, 0.0, 0.0, 0.0, 0.0
298, 495.42719999999997, 0.0, 0.0, 0.0, 0.0
299, 494.82359999999994, 0.0, 0.0, 0.0, 0.0
300, 494.2199999999999, 0.0, 0.0, 0.0, 0.0
301, 493.61639999999994, 0.0, 0.0, 0.0, 0.0
302, 493.01279999999997, 0.0, 0.0, 0.0, 0.0
303, 492.40919999999994, 0.0, 0.0, 0.0, 0.0
304, 491.8055999999999, 0.0, 0.0, 0.0, 0.0
305, 491.20199999999994, 0.0, 0.0, 0.0, 0.0
306, 490.59839999999997, 0.0, 0.0, 0.0, 0.0
307, 489.99479999999994, 0.0, 0.0, 0.0, 0.0
308, 489.3911999999999, 0.0, 0.0, 0.0, 0.0
309, 488.78759999999994, 0.0, 0.0, 0.0, 0.0
310, 488.18399999999997, 0.0, 0.0, 0.0, 0.0
311, 487.58039999999994, 0.0, 0.0, 0.0, 0.0
312, 486.9767999999999, 0.0, 0.0, 0.0, 0.0
313, 486.37319999999994, 0.0, 0.0, 0.0, 0.0
314, 485.76959999999997, 0.0, 0.0, 0.0, 0.0
315, 485.16599999999994, 0.0, 0.0, 0.0, 0.0
316, 484.5623999999999, 0.0, 0.0, 0.0, 0.0
317, 483.95879999999994, 0.0, 0.0, 0.0, 0.0
318, 483.35519999999997, 0.0, 0.0, 0.0, 0.0
319, 482.75159999999994, 0.0, 0.0, 0.0, 0.0
320, 482.1479999999999, 0.0, 0.0, 0.0, 0.0
321, 481.54439999999994, 0.0, 0.0, 0.0, 0.0
322, 480.94079999999997, 0.0, 0.0, 0.0, 0.0
323, 480.33719999999994, 0.0, 0.0, 0.0, 0.0
324, 479.7335999999999, 0.0, 0.0, 0.0, 0.0
325, 479.12999999999994, 0.0, 0.0, 0.0, 0.0
326, 478.52639999999997, 0.0, 0.0, 0.0, 0.0
327, 477.92279999999994, 0.0, 0.0, 0.0, 0.0
328, 477.3191999999999, 0.0, 0.0, 0.0, 0.0
329, 476.71559999999994, 0.0, 0.0, 0.0, 0.0
330, 476.11199999999997, 0.0, 0.0, 0.0, 0.0
331, 475.50839999999994, 0.0, 0.0, 0.0, 0.0
332, 474.9047999999999, 0.0, 0.0, 0.0, 0.0
333, 474.30119999999994, 0.0, 0.0, 0.0, 0.0
334, 473.69759999999997, 0.0, 0.0, 0.0, 0.0
335, 473.09399999999994, 0.0, 0.0, 0.0, 0.0
336, 472.4903999999999, 0.0, 0.0, 0.0, 0.0
337, 471.88679999999994, 0.0, 0.0, 0.0, 0.0
338, 471.28319999999997, 0.0, 0.0, 0.0, 0.0
339, 470.67959999999994, 0.0, 0.0, 0.0, 0.0
340, 470.0759999999999, 0.0, 0.0, 0.0, 0.0
341, 469.47239999999994, 0.0, 0.0, 0.0, 0.0
342, 468.86879999999996, 0.0, 0.0, 0.0, 0.0
343, 468.26519999999994, 0.0, 0.0, 0.0, 0.0
344, 467.6615999999999, 0.0, 0.0, 0.0, 0.0
345, 467.05799999999994, 0.0, 0.0, 0.0, 0.0
346, 466.45439999999996, 0.0, 0.0, 0.0, 0.0
347, 465.85079999999994, 0.0, 0.0, 0.0, 0.0
348, 465.2471999999999, 0.0, 0.0, 0.0, 0.0
349, 464.64359999999994, 0.0, 0.0, 0.0, 0.0
350, 464.03999999999996, 0.0, 0.0, 0.0, 0.0
351, 463.43639999999994, 0.0, 0.0, 0.0, 0.0
352, 462.8327999999999, 0.0, 0.0, 0.0, 0.0
353, 462.22919999999993, 0.0, 0.0, 0.0, 0.0
354, 461.62559999999996, 0.0, 0.0, 0.0, 0.0
355, 461.02199999999993, 0.0, 0.0, 0.0, 0.0
356, 460.4183999999999, 0.0, 0.0, 0.0, 0.0
357, 459.81479999999993, 0.0, 0.0, 0.0, 0.0
358, 459.21119999999996, 0.0, 0.0, 0.0, 0.0
359, 458.60759999999993, 0.0, 0.0, 0.0, 0.0
360, 458.0039999999999, 0.0, 0.0, 0.0, 0.0
361, 457.40039999999993, 0.0, 0.0, 0.0, 0.0
362, 456.79679999999996, 0.0, 0.0, 0.0, 0.0
363, 456.19319999999993, 0.0, 0.0, 0.0, 0.0
364, 455.5895999999999, 0.0, 0.0, 0.0, 0.0
365, 454.98599999999993, 0.0, 0.0, 0.0, 0.0
366, 454.38239999999996, 0.0, 0.0, 0.0, 0.0
367, 453.77879999999993, 0.0, 0.0, 0.0, 0.0
368, 453.1751999999999, 0.0, 0.0, 0.0, 0.0
369, 452.57159999999993, 0.0, 0.0, 0.0, 0.0
370, 451.96799999999996, 0.0, 0.0, 0.0, 0.0
371, 451.36439999999993, 0.0, 0.0, 0.0, 0.0
372, 450.7607999999999, 0.0, 0.0, 0.0, 0.0
373, 450.15719999999993, 0.0, 0.0, 0.0, 0.0
374, 449.55359999999996, 0.0, 0.0, 0.0, 0.0
375, 448.94999999999993, 0.0, 0.0, 0.0, 0.0
376, 448.3463999999999, 0.0, 0.0, 0.0, 0.0
377, 447.74279999999993, 0.0, 0.0, 0.0, 0.0
378, 447.13919999999996, 0.0, 0.0, 0.0, 0.0
379, 446.53559999999993, 0.0, 0.0, 0.0, 0.0
380, 445.9319999999999, 0.0, 0.0, 0.0, 0.0
381, 445.32839999999993, 0.0, 0.0, 0.0, 0.0
382, 444.72479999999996, 0.0, 0.0, 0.0, 0.0
383, 444.12119999999993, 0.0, 0.0, 0.0, 0.0
384, 443.51759999999996, 0.0, 0.0, 0.0, 0.0
385, 442.914, 0.0, 0.0, 0.0, 0.0
386, 442.31039999999996, 0.0, 0.0, 0.0, 0.0
387, 441.70679999999993, 0.0, 0.0, 0.0, 0.0
388, 441.10319999999996, 0.0, 0.0, 0.0, 0.0
389, 440.4996, 0.0, 0.0, 0.0, 0.0
390, 439.89599999999996, 0.0, 0.0, 0.0, 0.0
391, 439.29239999999993, 0.0, 0.0, 0.0, 0.0
392, 438.68879999999996, 0.0, 0.0, 0.0, 0.0
393, 438.0852, 0.0, 0.0, 0.0, 0.0
394, 437.48159999999996, 0.0, 0.0, 0.0, 0.0
395, 436.87799999999993, 0.0, 0.0, 0.0, 0.0
396, 436.27439999999996, 0.0, 0.0, 0.0, 0.0
397, 435.6708, 0.0, 0.0, 0.0, 0.0
398, 435.06719999999996, 0.0, 0.0, 0.0, 0.0
399, 434.46359999999993, 0.0, 0.0, 0.0, 0.0
400, 433.85999999999996, 0.0, 0.0, 0.0, 0.0
401, 433.2564, 0.0, 0.0, 0.0, 0.0
402, 432.65279999999996, 0.0, 0.0, 0.0, 0.0
403, 432.0491999999999, 0.0, 0.0, 0.0, 0.0
404, 431.44559999999996, 0.0, 0.0, 0.0, 0.0
405, 430.842, 0.0, 0.0, 0.0, 0.0
406, 430.23839999999996, 0.0, 0.0, 0.0, 0.0
407, 429.6347999999999, 0.0, 0.0, 0.0, 0.0
408, 429.03119999999996, 0.0, 0.0, 0.0, 0.0
409, 428.4276, 0.0, 0.0, 0.0, 0.0
410, 427.82399999999996, 0.0, 0.0, 0.0, 0.0
411, 427.2203999999999, 0.0, 0.0, 0.0, 0.0
412, 426.61679999999996, 0.0, 0.0, 0.0, 0.0
413, 426.0132, 0.0, 0.0, 0.0, 0.0
414, 425.40959999999995, 0.0, 0.0, 0.0, 0.0
415, 424.8059999999999, 0.0, 0.0, 0.0, 0.0
416, 424.20239999999995, 0.0, 0.0, 0.0, 0.0
417, 423.5988, 0.0, 0.0, 0.0, 0.0
418, 422.99519999999995, 0.0, 0.0, 0.0, 0.0
419, 422.3915999999999, 0.0, 0.0, 0.0, 0.0
420, 421.78799999999995, 0.0, 0.0, 0.0, 0.0
421, 421.1844, 0.0, 0.0, 0.0, 0.0
422, 420.58079999999995, 0.0, 0.0, 0.0, 0.0
423, 419.9771999999999, 0.0, 0.0, 0.0, 0.0
424, 419.37359999999995, 0.0, 0.0, 0.0, 0.0
425, 418.7699999999999, 0.0, 0.0, 0.0, 0.0
426, 418.16639999999995, 0.0, 0.0, 0.0, 0.0
427, 417.5627999999999, 0.0, 0.0, 0.0, 0.0
428, 416.95919999999995, 0.0, 0.0, 0.0, 0.0
429, 416.3555999999999, 0.0, 0.0, 0.0, 0.0
430, 415.75199999999995, 0.0, 0.0, 0.0, 0.0
431, 415.1483999999999, 0.0, 0.0, 0.0, 0.0
432, 414.54479999999995, 0.0, 0.0, 0.0, 0.0
433, 413.9411999999999, 0.0, 0.0, 0.0, 0.0
434, 413.33759999999995, 0.0, 0.0, 0.0, 0.0
435, 412.7339999999999, 0.0, 0.0, 0.0, 0.0
436, 412.13039999999995, 0.0, 0.0, 0.0, 0.0
437, 411.5267999999999, 0.0, 0.0, 0.0, 0.0
438, 410.92319999999995, 0.0, 0.0, 0.0, 0.0
439, 410.3195999999999, 0.0, 0.0, 0.0, 0.0
440, 409.71599999999995, 5.165570000000001, 3.3, 0.4, 34.6
441, 409.1123999999999, 8.610255, 5.95, 2.2, 48.6
442, 408.50879999999995, 7.07061, 4.4, 1.25, 44.05
443, 407.9051999999999, 6.859025, 4.25, 1.5, 41.3
444, 407.30159999999995, 7.197445, 4.55, 2.05, 40.65
445, 406.6979999999999, 6.2584, 3.5, 1.15, 39.8
446, 406.09439999999995, 7.410565, 4.85, 1.6, 44.05
447, 405.4907999999999, 8.148030000000002, 5.7, 1.2, 50.35
448, 404.88719999999995, 9.885580000000001, 7.7, 0.85, 62.15
449, 404.2835999999999, 13.760584999999997, 12.15, 2.35, 76.75
450, 403.67999999999995, 17.554925000000004, 17.25, 3.1, 92.8
451, 403.0763999999999, 19.038315, 18.85, 3.55, 99.3
452, 402.47279999999995, 17.701715000000004, 17.35, 2.6, 96.4
453, 401.8691999999999, 14.943280000000001, 13.7, 1.75, 86.15
454, 401.26559999999995, 10.856765000000001, 8.35, 0.95, 68.45
455, 400.6619999999999, 6.60759, 3.6, 0.15, 47.75
456, 400.05839999999995, 3.7344350000000004, 1.65, 0.55, 25.6
457, 399.4547999999999, 1.412095, 0.55, 0.3, 9.4
458, 398.85119999999995, 0.0, 0.0, 0.0, 0.0
459, 398.2475999999999, 0.0, 0.0, 0.0, 0.0
460, 397.64399999999995, 0.0, 0.0, 0.0, 0.0
461, 397.0403999999999, 0.0, 0.0, 0.0, 0.0
462, 396.43679999999995, 0.0, 0.0, 0.0, 0.0
463, 395.8331999999999, 0.0, 0.0, 0.0, 0.0
464, 395.22959999999995, 0.0, 0.0, 0.0, 0.0
465, 394.6259999999999, 0.0, 0.0, 0.0, 0.0
466, 394.02239999999995, 0.0, 0.0, 0.0, 0.0
467, 393.4187999999999, 0.0, 0.0, 0.0, 0.0
468, 392.81519999999995, 0.0, 0.0, 0.0, 0.0
469, 392.2115999999999, 0.0, 0.0, 0.0, 0.0
470, 391.60799999999995, 0.0, 0.0, 0.0, 0.0
471, 391.0043999999999, 0.0, 0.0, 0.0, 0.0
472, 390.40079999999995, 0.0, 0.0, 0.0, 0.0
473, 389.7971999999999, 0.0, 0.0, 0.0, 0.0
474, 389.19359999999995, 0.0, 0.0, 0.0, 0.0
475, 388.5899999999999, 0.0, 0.0, 0.0, 0.0
476, 387.98639999999995, 0.0, 0.0, 0.0, 0.0
477, 387.3827999999999, 0.0, 0.0, 0.0, 0.0
478, 386.77919999999995, 0.0, 0.0, 0.0, 0.0
479, 386.1755999999999, 0.0, 0.0, 0.0, 0.0
480, 385.57199999999995, 0.0, 0.0, 0.0, 0.0
481, 384.9683999999999, 0.0, 0.0, 0.0, 0.0
482, 384.36479999999995, 0.0, 0.0, 0.0, 0.0
483, 383.7611999999999, 0.0, 0.0, 0.0, 0.0
484, 383.15759999999995, 0.0, 0.0, 0.0, 0.0
485, 382.5539999999999, 0.0, 0.0, 0.0, 0.0
486, 381.95039999999995, 0.0, 0.0, 0.0, 0.0
487, 381.3467999999999, 0.0, 0.0, 0.0, 0.0
488, 380.74319999999994, 0.0, 0.0, 0.0, 0.0
489, 380.1395999999999, 0.0, 0.0, 0.0, 0.0
490, 379.53599999999994, 0.0, 0.0, 0.0, 0.0
491, 378.9323999999999, 0.0, 0.0, 0.0, 0.0
492, 378.32879999999994, 0.0, 0.0, 0.0, 0.0
493, 377.7251999999999, 0.0, 0.0, 0.0, 0.0
494, 377.12159999999994, 0.0, 0.0, 0.0, 0.0
495, 376.5179999999999, 0.0, 0.0, 0.0, 0.0
496, 375.91439999999994, 0.0, 0.0, 0.0, 0.0
497, 375.3107999999999, 0.0, 0.0, 0.0, 0.0
498, 374.70719999999994, 0.0, 0.0, 0.0, 0.0
499, 374.1035999999999, 0.0, 0.0, 0.0, 0.0
