Extraction [ img/mere.png ] effectuee 2026-03-26 16:50:02.451782
Calibration: -0.6036*x + 675.3 [Largeur 500]

pixel, longueur d'onde, intensite, r, g, b
0, 675.3, 6.697179999999999, 3.7, 7.35, 11.2
1, 674.6963999999999, 6.47293, 3.7, 6.9, 11.55
2, 674.0928, 6.925890000000001, 4.1, 7.4, 11.9
3, 673.4892, 6.83245, 4.0, 7.35, 11.6
4, 672.8856, 6.75611, 3.9, 7.3, 11.45
5, 672.2819999999999, 6.894465000000001, 3.85, 7.6, 11.25
6, 671.6784, 7.288184999999999, 4.15, 8.05, 11.6
7, 671.0748, 7.1990549999999995, 3.95, 8.0, 11.6
8, 670.4712, 6.869195000000002, 3.55, 7.7, 11.3
9, 669.8675999999999, 6.704804999999999, 3.45, 7.5, 11.15
10, 669.264, 6.733304999999999, 3.45, 7.5, 11.4
11, 668.6604, 7.277550000000001, 4.0, 8.05, 11.9
12, 668.0568, 7.520975, 4.25, 8.25, 12.35
13, 667.4531999999999, 7.13596, 3.9, 7.85, 11.95
14, 666.8496, 6.83599, 3.6, 7.55, 11.65
15, 666.246, 6.309695, 3.05, 7.05, 11.05
16, 665.6424, 6.265939999999999, 3.1, 6.95, 11.05
17, 665.0387999999999, 8.01985, 5.0, 8.65, 12.7
18, 664.4352, 7.034894999999999, 4.05, 7.65, 11.7
19, 663.8316, 6.68462, 3.8, 7.2, 11.6
20, 663.228, 6.9017, 4.0, 7.4, 11.95
21, 662.6243999999999, 6.73107, 3.8, 7.25, 11.75
22, 662.0208, 6.9074, 4.0, 7.4, 12.0
23, 661.4172, 7.112, 4.0, 7.7, 12.25
24, 660.8136, 6.591714999999999, 3.35, 7.3, 11.45
25, 660.2099999999999, 7.841050000000001, 4.5, 8.6, 12.7
26, 659.6064, 6.3100000000000005, 2.5, 7.35, 10.95
27, 659.0028, 6.471385000000001, 2.65, 7.5, 11.2
28, 658.3992, 7.35065, 3.5, 8.4, 12.05
29, 657.7955999999999, 7.141425, 3.25, 8.2, 11.9
30, 657.192, 6.700715000000001, 2.85, 7.75, 11.4
31, 656.5884, 7.22701, 3.4, 8.25, 12.0
32, 655.9848, 6.756410000000001, 2.9, 7.8, 11.5
33, 655.3811999999999, 6.977575, 3.25, 7.95, 11.75
34, 654.7776, 7.852754999999999, 3.95, 8.9, 12.7
35, 654.174, 7.21422, 3.3, 8.25, 12.15
36, 653.5704, 6.72513, 2.7, 7.8, 11.75
37, 652.9667999999999, 6.953925000000001, 3.25, 7.9, 11.8
38, 652.3632, 7.473445, 4.05, 8.3, 12.2
39, 651.7596, 6.947149999999999, 3.5, 7.8, 11.6
40, 651.156, 7.929634999999999, 4.15, 8.9, 12.85
41, 650.5523999999999, 7.152514999999999, 3.35, 8.1, 12.25
42, 649.9488, 7.429145, 3.55, 8.45, 12.35
43, 649.3452, 7.37861, 3.4, 8.45, 12.3
44, 648.7416, 7.443549999999999, 3.5, 8.5, 12.35
45, 648.1379999999999, 7.464195000000001, 3.55, 8.5, 12.4
46, 647.5344, 7.08434, 3.1, 8.15, 12.05
47, 646.9308, 8.139934999999998, 4.15, 9.2, 13.15
48, 646.3272, 8.054889999999999, 4.1, 9.1, 13.05
49, 645.7235999999999, 7.237869999999999, 3.3, 8.3, 12.1
50, 645.12, 7.187875, 3.25, 8.25, 12.05
51, 644.5164, 7.493544999999999, 3.55, 8.55, 12.4
52, 643.9128, 7.665025, 3.75, 8.75, 12.35
53, 643.3091999999999, 7.874249999999998, 4.0, 8.95, 12.5
54, 642.7056, 8.583424999999998, 4.75, 9.65, 13.15
55, 642.102, 9.018434999999997, 5.15, 10.1, 13.6
56, 641.4984, 8.695359999999997, 5.4, 9.5, 13.2
57, 640.8947999999999, 9.030919999999998, 5.8, 9.8, 13.55
58, 640.2912, 9.011124999999996, 5.75, 9.85, 13.25
59, 639.6876, 8.684044999999998, 5.55, 9.55, 12.45
60, 639.084, 8.395474999999998, 5.25, 9.25, 12.25
61, 638.4803999999999, 8.495465, 5.35, 9.35, 12.35
62, 637.8768, 8.236245, 5.05, 9.1, 12.15
63, 637.2732, 9.87468, 6.7, 10.75, 13.7
64, 636.6696, 9.580409999999997, 6.4, 10.45, 13.45
65, 636.0659999999999, 9.174984999999998, 6.65, 9.7, 13.1
66, 635.4624, 8.950280000000001, 6.7, 9.35, 12.8
67, 634.8588, 9.007055000000001, 6.95, 9.3, 12.9
68, 634.2552, 9.530889999999996, 8.1, 9.5, 13.45
69, 633.6515999999999, 10.349300000000001, 9.0, 10.3, 14.15
70, 633.048, 9.555629999999997, 9.2, 9.05, 13.1
71, 632.4444, 9.767009999999996, 9.4, 9.25, 13.4
72, 631.8408, 9.499709999999997, 9.4, 8.95, 12.6
73, 631.2371999999999, 9.556794999999997, 9.55, 9.0, 12.45
74, 630.6336, 10.048889999999997, 10.1, 9.5, 12.75
75, 630.03, 10.085869999999998, 10.3, 9.5, 12.55
76, 629.4264, 10.62195, 11.0, 9.95, 13.1
77, 628.8227999999999, 10.751845, 12.55, 9.45, 12.75
78, 628.2192, 10.313830000000001, 12.2, 8.95, 12.4
79, 627.6156, 11.338460000000001, 13.4, 9.9, 13.35
80, 627.012, 11.32051, 13.4, 9.85, 13.45
81, 626.4083999999999, 11.534444999999998, 14.05, 10.0, 12.85
82, 625.8048, 11.963309999999998, 15.4, 10.15, 12.3
83, 625.2012, 11.654634999999999, 15.15, 9.8, 12.05
84, 624.5975999999999, 11.710345, 16.55, 9.25, 11.7
85, 623.9939999999999, 11.780445, 16.55, 9.35, 11.8
86, 623.3904, 12.000769999999997, 17.8, 9.05, 12.0
87, 622.7868, 11.933905, 17.95, 8.85, 12.05
88, 622.1831999999999, 12.514819999999999, 18.8, 9.3, 12.6
89, 621.5795999999999, 12.876189999999998, 19.6, 9.45, 12.9
90, 620.976, 12.164549999999998, 19.0, 8.65, 12.35
91, 620.3724, 11.970815, 19.35, 8.2, 12.05
92, 619.7687999999999, 12.876425000000001, 20.25, 9.1, 13.0
93, 619.1651999999999, 13.111994999999999, 20.55, 9.3, 13.25
94, 618.5616, 13.03211, 20.4, 9.25, 13.2
95, 617.958, 13.14983, 21.2, 9.15, 12.65
96, 617.3543999999999, 13.225950000000001, 22.0, 8.95, 12.25
97, 616.7507999999999, 13.057475, 21.75, 8.8, 12.2
98, 616.1472, 12.84255, 21.5, 8.6, 12.0
99, 615.5436, 13.57183, 22.2, 9.35, 12.7
100, 614.9399999999999, 13.788374999999998, 22.75, 9.4, 12.9
101, 614.3363999999999, 13.623985, 22.65, 9.2, 12.75
102, 613.7328, 14.133180000000001, 23.2, 9.7, 13.2
103, 613.1292, 15.148024999999999, 24.25, 10.7, 14.2
104, 612.5255999999999, 15.008364999999998, 24.35, 10.45, 14.0
105, 611.9219999999999, 13.833530000000001, 23.7, 9.1, 12.35
106, 611.3184, 14.668499999999998, 24.5, 9.95, 13.2
107, 610.7148, 14.247669999999996, 24.3, 9.5, 12.35
108, 610.1111999999999, 15.723329999999995, 25.7, 11.0, 13.9
109, 609.5075999999999, 14.943605, 25.45, 10.1, 12.35
110, 608.904, 14.375485000000001, 25.15, 9.45, 11.5
111, 608.3004, 14.631159999999998, 25.4, 9.7, 11.8
112, 607.6967999999999, 14.455369999999998, 25.3, 9.5, 11.55
113, 607.0931999999999, 14.484719999999996, 25.3, 9.55, 11.55
114, 606.4896, 15.397199999999998, 27.0, 10.2, 11.75
115, 605.886, 16.347105, 27.95, 11.15, 12.7
116, 605.2823999999999, 16.309675, 28.25, 11.05, 12.1
117, 604.6787999999999, 16.069484999999997, 28.15, 10.75, 11.8
118, 604.0752, 16.567279999999997, 28.7, 11.25, 12.15
119, 603.4716, 17.135715, 29.35, 11.8, 12.6
120, 602.8679999999999, 16.58007, 28.8, 11.25, 12.0
121, 602.2643999999999, 17.301724999999998, 29.75, 11.85, 12.75
122, 601.6608, 17.372365, 29.85, 11.9, 12.85
123, 601.0572, 17.372139999999998, 30.1, 11.85, 12.45
124, 600.4535999999999, 18.06691, 30.9, 12.5, 13.1
125, 599.8499999999999, 18.49384, 31.6, 12.9, 12.95
126, 599.2464, 18.786810000000003, 32.4, 13.05, 12.65
127, 598.6428, 19.454694999999997, 33.05, 13.75, 13.2
128, 598.0391999999999, 19.352185, 33.65, 13.6, 11.5
129, 597.4355999999999, 20.208109999999998, 34.4, 14.55, 12.15
130, 596.832, 19.945749999999997, 35.0, 14.05, 10.85
131, 596.2284, 20.293565000000005, 35.85, 14.2, 10.9
132, 595.6247999999999, 21.284309999999998, 37.4, 15.05, 11.15
133, 595.0211999999999, 21.48923, 38.2, 15.05, 10.85
134, 594.4176, 21.416439999999998, 38.6, 14.8, 10.45
135, 593.814, 23.022069999999996, 40.8, 16.25, 11.3
136, 593.2103999999999, 23.4718, 41.5, 16.65, 11.35
137, 592.6067999999999, 24.308795, 43.55, 17.1, 11.0
138, 592.0032, 24.40286, 43.9, 17.15, 10.65
139, 591.3996, 25.16782, 45.3, 17.75, 10.6
140, 590.7959999999999, 25.516485, 46.15, 17.95, 10.4
141, 590.1923999999999, 25.30003, 46.2, 17.75, 9.4
142, 589.5888, 26.051205000000003, 47.45, 18.5, 8.85
143, 588.9852, 27.282135, 48.65, 19.85, 9.55
144, 588.3815999999999, 28.075059999999997, 50.4, 20.3, 9.6
145, 587.7779999999999, 29.463150000000002, 52.0, 21.85, 9.6
146, 587.1744, 29.902644999999996, 53.05, 22.2, 8.9
147, 586.5708, 31.052160000000004, 54.4, 23.5, 8.75
148, 585.9671999999999, 31.819355, 55.45, 24.35, 8.35
149, 585.3635999999999, 32.01866, 56.4, 24.4, 7.35
150, 584.76, 33.208465000000004, 57.35, 26.05, 6.8
151, 584.1564, 34.19845000000001, 59.5, 26.7, 6.5
152, 583.5527999999999, 34.572315, 59.85, 27.45, 5.0
153, 582.9491999999999, 35.93621499999999, 61.35, 29.0, 5.05
154, 582.3456, 36.34312, 61.8, 29.6, 4.35
155, 581.742, 37.114084999999996, 62.65, 30.5, 4.25
156, 581.1383999999999, 38.62088, 64.2, 32.2, 4.65
157, 580.5347999999999, 39.47920500000001, 64.45, 33.7, 3.8
158, 579.9312, 40.39045, 65.0, 35.05, 3.4
159, 579.3276, 40.96697499999999, 64.25, 36.55, 2.7
160, 578.7239999999999, 41.639554999999994, 63.95, 37.8, 2.95
161, 578.1203999999999, 42.86600999999999, 63.4, 40.15, 3.05
162, 577.5168, 44.057950000000005, 62.5, 42.6, 3.25
163, 576.9132, 45.0496, 61.5, 44.75, 3.5
164, 576.3095999999999, 45.983165, 59.85, 47.2, 3.4
165, 575.7059999999999, 47.44688, 58.7, 50.25, 3.55
166, 575.1024, 47.96491999999999, 56.8, 52.1, 3.55
167, 574.4988, 48.18, 56.0, 53.0, 2.9
168, 573.8951999999999, 48.947250000000004, 54.5, 55.1, 2.75
169, 573.2915999999999, 49.70394, 52.1, 57.65, 2.55
170, 572.688, 50.64867, 49.8, 60.45, 2.45
171, 572.0844, 51.721045000000004, 48.05, 63.1, 2.8
172, 571.4807999999999, 51.90451999999999, 45.8, 64.5, 3.1
173, 570.8771999999999, 52.404914999999995, 43.35, 66.6, 3.1
174, 570.2736, 52.809709999999995, 40.4, 68.85, 2.8
175, 569.67, 53.92206, 37.9, 71.95, 3.15
176, 569.0663999999999, 53.90163, 34.7, 73.7, 2.35
177, 568.4627999999999, 54.257504999999995, 31.45, 76.0, 2.15
178, 567.8592, 55.31931999999999, 28.8, 79.1, 2.45
179, 567.2556, 55.696155, 25.95, 81.3, 1.9
180, 566.6519999999999, 55.729475, 21.25, 83.75, 1.9
181, 566.0483999999999, 55.548735, 17.65, 85.45, 1.0
182, 565.4448, 55.99965999999999, 13.9, 88.05, 1.4
183, 564.8412, 55.60198499999999, 10.15, 89.35, 1.05
184, 564.2375999999999, 55.99799499999999, 7.55, 91.3, 1.3
185, 563.6339999999999, 56.56409499999999, 5.05, 93.45, 1.75
186, 563.0304, 56.48349999999999, 2.5, 94.65, 1.55
187, 562.4268, 57.18303999999999, 1.6, 96.3, 1.55
188, 561.8231999999999, 58.02440499999998, 1.45, 97.8, 1.6
189, 561.2195999999999, 59.47980000000001, 1.5, 100.05, 2.65
190, 560.616, 60.57361000000001, 1.9, 101.7, 2.7
191, 560.0124, 60.98536, 1.9, 102.45, 2.45
192, 559.4087999999999, 61.51288999999999, 1.6, 103.55, 2.2
193, 558.8052, 62.285235, 1.65, 104.85, 2.15
194, 558.2016, 62.55246999999999, 1.3, 105.6, 1.55
195, 557.598, 63.06944999999998, 1.0, 106.75, 0.95
196, 556.9943999999999, 64.41238499999999, 1.65, 108.6, 1.5
197, 556.3907999999999, 65.36729999999997, 2.0, 110.0, 1.75
198, 555.7872, 66.11599499999998, 2.05, 111.25, 1.75
199, 555.1836, 67.09971999999999, 2.3, 112.75, 2.0
200, 554.5799999999999, 67.939155, 1.95, 114.3, 2.3
201, 553.9764, 68.47099499999999, 1.55, 115.4, 2.35
202, 553.3728, 68.83660499999999, 1.45, 116.2, 1.7
203, 552.7692, 69.94750999999997, 1.4, 118.05, 2.05
204, 552.1655999999999, 70.97606999999999, 1.8, 119.55, 2.3
205, 551.5619999999999, 71.84956500000001, 1.85, 121.1, 1.85
206, 550.9584, 72.67953000000001, 1.7, 122.6, 1.8
207, 550.3548, 73.11955000000002, 1.5, 123.5, 1.55
208, 549.7511999999999, 73.29573, 1.2, 124.05, 1.05
209, 549.1476, 74.19271499999999, 1.85, 125.15, 1.55
210, 548.544, 74.49299, 1.6, 125.75, 1.75
211, 547.9404, 74.22846, 0.9, 125.85, 0.75
212, 547.3367999999999, 76.046075, 1.75, 128.3, 1.85
213, 546.7331999999999, 76.749625, 1.75, 129.45, 2.1
214, 546.1296, 77.136955, 1.45, 130.35, 1.65
215, 545.526, 77.84705499999998, 1.45, 131.55, 1.7
216, 544.9223999999999, 78.16913499999998, 1.15, 132.3, 1.45
217, 544.3188, 78.74796999999998, 1.3, 133.2, 1.5
218, 543.7152, 78.62171500000002, 0.85, 133.35, 0.8
219, 543.1116, 79.68263, 1.2, 134.95, 0.95
220, 542.5079999999999, 80.94752500000001, 1.75, 136.65, 1.85
221, 541.9043999999999, 81.26382500000003, 1.75, 137.15, 2.05
222, 541.3008, 81.73473, 1.7, 137.9, 2.45
223, 540.6972, 82.53796, 1.9, 139.05, 3.05
224, 540.0935999999999, 82.33828500000003, 1.15, 139.15, 2.75
225, 539.49, 83.34480500000001, 0.95, 140.85, 3.35
226, 538.8864, 83.707325, 0.75, 141.55, 3.45
227, 538.2828, 83.41866999999999, 0.3, 141.2, 3.9
228, 537.6791999999999, 84.370955, 0.95, 142.2, 5.4
229, 537.0755999999999, 85.47214499999998, 1.55, 143.45, 7.05
230, 536.472, 85.68235999999999, 1.4, 143.7, 8.0
231, 535.8684, 86.222205, 1.45, 144.4, 9.0
232, 535.2647999999999, 86.15525, 1.0, 144.35, 9.85
233, 534.6612, 86.59487499999999, 0.75, 145.1, 10.5
234, 534.0576, 87.58705999999998, 1.4, 146.1, 12.35
235, 533.454, 87.57642000000001, 0.8, 146.3, 12.8
236, 532.8503999999999, 87.63395499999999, 0.45, 146.45, 13.45
237, 532.2467999999999, 88.49464499999999, 1.05, 147.3, 15.05
238, 531.6432, 89.12716500000002, 1.35, 148.05, 15.95
239, 531.0396, 88.64823000000001, 0.7, 147.4, 16.8
240, 530.4359999999999, 89.91659, 1.6, 148.85, 18.1
241, 529.8324, 89.98252000000001, 1.3, 148.95, 18.95
242, 529.2288, 89.70512000000002, 0.8, 148.8, 18.6
243, 528.6252, 90.04683000000003, 0.7, 149.2, 19.8
244, 528.0215999999999, 90.84441999999997, 0.8, 150.1, 21.9
245, 527.4179999999999, 91.81542, 1.3, 151.15, 23.7
246, 526.8144, 91.67851500000002, 1.35, 150.6, 25.2
247, 526.2108, 90.86873, 0.7, 149.6, 24.95
248, 525.6071999999999, 91.20012000000003, 0.8, 149.9, 26.05
249, 525.0036, 91.80737500000002, 1.25, 150.55, 26.85
250, 524.4, 92.24391499999999, 1.35, 151.0, 28.1
251, 523.7964, 92.47877499999997, 1.25, 151.15, 29.65
252, 523.1927999999999, 92.69083499999999, 1.15, 151.3, 31.0
253, 522.5891999999999, 93.03022500000004, 1.25, 151.4, 33.2
254, 521.9856, 93.25561499999999, 1.35, 151.5, 34.4
255, 521.382, 93.19172999999998, 1.2, 151.05, 36.55
256, 520.7783999999999, 93.380765, 1.35, 151.15, 37.3
257, 520.1748, 93.63173, 1.2, 151.45, 38.35
258, 519.5712, 93.98969000000002, 1.1, 151.8, 39.95
259, 518.9676, 94.10792, 1.3, 151.55, 41.75
260, 518.3639999999999, 94.15281499999999, 1.35, 151.3, 43.3
261, 517.7603999999999, 94.17899000000003, 1.1, 151.2, 44.7
262, 517.1568, 94.149935, 1.65, 150.55, 46.35
263, 516.5532, 93.33490000000002, 0.5, 149.65, 46.85
264, 515.9495999999999, 94.16669499999998, 1.05, 150.35, 49.1
265, 515.346, 94.67425, 1.5, 150.5, 51.6
266, 514.7424, 94.42232500000001, 1.25, 149.8, 53.65
267, 514.1388, 94.491095, 1.05, 149.65, 55.55
268, 513.5351999999999, 94.635045, 1.05, 149.4, 58.1
269, 512.9315999999999, 94.28160000000004, 1.0, 148.6, 59.25
270, 512.328, 94.777525, 1.25, 148.9, 61.4
271, 511.72439999999995, 95.44292, 1.8, 149.2, 64.25
272, 511.1207999999999, 95.02561, 1.4, 148.45, 65.5
273, 510.51719999999995, 94.58334499999998, 1.05, 147.7, 66.4
274, 509.9136, 94.75964999999998, 1.0, 147.55, 68.85
275, 509.30999999999995, 95.01745999999999, 1.4, 147.3, 71.35
276, 508.7063999999999, 94.77069499999998, 1.05, 146.65, 73.45
277, 508.10279999999995, 94.76628, 1.2, 146.1, 75.85
278, 507.4992, 94.82697, 1.3, 145.9, 77.15
279, 506.89559999999994, 94.70546500000002, 1.35, 145.25, 79.3
280, 506.2919999999999, 94.62932999999998, 1.2, 144.75, 81.6
281, 505.68839999999994, 94.66243, 1.2, 144.35, 83.95
282, 505.0848, 94.73897500000001, 1.25, 143.95, 86.55
283, 504.48119999999994, 94.349775, 1.25, 142.85, 88.8
284, 503.8775999999999, 93.74873500000001, 0.65, 141.85, 90.25
285, 503.27399999999994, 94.07009499999998, 1.05, 141.65, 93.05
286, 502.6704, 94.31412000000002, 1.3, 141.55, 95.05
287, 502.06679999999994, 93.82878500000001, 1.15, 140.45, 96.85
288, 501.4631999999999, 93.23699499999996, 1.05, 139.25, 98.1
289, 500.85959999999994, 93.02320999999998, 0.9, 138.7, 99.45
290, 500.256, 93.00431000000002, 1.4, 137.85, 102.35
291, 499.65239999999994, 92.24520499999998, 0.95, 136.65, 103.05
292, 499.0487999999999, 91.49472500000002, 0.75, 135.25, 104.2
293, 498.44519999999994, 91.79597999999999, 1.2, 135.0, 106.95
294, 497.84159999999997, 91.35741000000003, 1.4, 133.85, 108.5
295, 497.23799999999994, 90.95850999999996, 1.4, 132.85, 110.15
296, 496.6343999999999, 90.81004, 1.6, 132.0, 112.7
297, 496.03079999999994, 89.96379500000003, 1.05, 130.45, 114.7
298, 495.42719999999997, 89.22054499999999, 0.55, 129.05, 116.7
299, 494.82359999999994, 88.161315, 0.85, 126.85, 117.95
300, 494.2199999999999, 88.34156000000002, 0.9, 126.85, 119.4
301, 493.61639999999994, 87.62335499999998, 0.95, 125.3, 120.95
302, 493.01279999999997, 87.15551500000001, 0.85, 124.35, 122.0
303, 492.40919999999994, 86.76432500000001, 0.75, 123.55, 122.95
304, 491.8055999999999, 86.324905, 0.95, 122.35, 124.75
305, 491.20199999999994, 86.80934999999998, 1.5, 122.4, 127.3
306, 490.59839999999997, 85.76621499999999, 0.85, 120.75, 128.35
307, 489.99479999999994, 85.06858999999999, 0.6, 119.65, 128.55
308, 489.3911999999999, 84.391985, 0.65, 118.2, 129.95
309, 488.78759999999994, 84.08683500000001, 0.65, 117.35, 131.65
310, 488.18399999999997, 83.51761999999998, 0.8, 116.1, 132.7
311, 487.58039999999994, 82.77831499999999, 0.85, 114.65, 133.55
312, 486.9767999999999, 82.76505, 1.0, 114.25, 135.1
313, 486.37319999999994, 81.58279999999999, 1.0, 112.1, 135.8
314, 485.76959999999997, 81.16895499999998, 0.95, 111.1, 137.45
315, 485.16599999999994, 79.86907499999998, 0.75, 108.9, 137.9
316, 484.5623999999999, 80.07343, 1.2, 108.65, 139.8
317, 483.95879999999994, 79.53055499999999, 0.95, 107.6, 141.1
318, 483.35519999999997, 78.36409499999999, 0.55, 105.7, 141.7
319, 482.75159999999994, 78.11418499999998, 0.65, 105.0, 142.85
320, 482.1479999999999, 77.52016, 0.9, 103.55, 144.45
321, 481.54439999999994, 76.42272499999999, 0.75, 101.65, 145.0
322, 480.94079999999997, 75.39469, 1.1, 99.4, 146.65
323, 480.33719999999994, 74.504775, 0.75, 97.8, 148.0
324, 479.7335999999999, 73.74313, 1.2, 96.05, 149.15
325, 479.12999999999994, 72.72011, 1.4, 94.05, 149.95
326, 478.52639999999997, 71.28788, 0.7, 91.85, 150.55
327, 477.92279999999994, 69.88114999999998, 0.5, 89.4, 151.35
328, 477.3191999999999, 69.68578, 1.2, 88.4, 152.95
329, 476.71559999999994, 68.07584000000001, 1.1, 85.65, 153.25
330, 476.11199999999997, 67.05412500000001, 1.25, 83.6, 154.45
331, 475.50839999999994, 66.10251000000001, 1.4, 81.65, 155.75
332, 474.9047999999999, 64.91626, 1.4, 79.6, 155.9
333, 474.30119999999994, 63.58702999999999, 1.2, 77.35, 156.35
334, 473.69759999999997, 62.19708999999999, 1.1, 74.8, 157.55
335, 473.09399999999994, 60.503885000000004, 0.65, 72.3, 156.75
336, 472.4903999999999, 59.81742499999999, 1.75, 70.25, 158.4
337, 471.88679999999994, 58.356615, 1.35, 67.8, 159.25
338, 471.28319999999997, 56.785105, 1.45, 64.8, 160.65
339, 470.67959999999994, 55.10929000000001, 1.1, 61.9, 161.8
340, 470.0759999999999, 53.397884999999995, 0.65, 59.0, 162.9
341, 469.47239999999994, 51.85927, 0.8, 56.05, 164.2
342, 468.86879999999996, 50.392140000000005, 0.6, 53.4, 165.5
343, 468.26519999999994, 48.911149999999985, 1.0, 50.45, 166.65
344, 467.6615999999999, 47.6165, 1.5, 47.65, 168.4
345, 467.05799999999994, 45.093305, 0.95, 43.35, 169.85
346, 466.45439999999996, 43.12260499999999, 0.95, 39.75, 171.1
347, 465.85079999999994, 41.46458, 1.2, 36.4, 173.15
348, 465.2471999999999, 39.17472, 1.3, 32.05, 175.2
349, 464.64359999999994, 37.09201, 1.4, 28.15, 176.75
350, 464.03999999999996, 34.780575000000006, 1.75, 23.5, 179.5
351, 463.43639999999994, 32.02406, 1.9, 18.65, 179.9
352, 462.8327999999999, 28.377790000000005, 1.1, 12.7, 180.65
353, 462.22919999999993, 24.45937, 0.3, 6.5, 180.3
354, 461.62559999999996, 22.460624999999997, 0.25, 2.8, 181.95
355, 461.02199999999993, 22.047925, 0.75, 1.25, 185.0
356, 460.4183999999999, 22.024795000000005, 1.05, 0.65, 187.1
357, 459.81479999999993, 22.022160000000003, 0.9, 0.45, 188.5
358, 459.21119999999996, 22.790324999999996, 1.75, 0.85, 190.95
359, 458.60759999999993, 22.74039, 1.6, 0.55, 192.45
360, 458.0039999999999, 22.657105, 1.45, 0.3, 193.4
361, 457.40039999999993, 22.955289999999998, 1.6, 0.45, 194.85
362, 456.79679999999996, 23.038010000000003, 1.4, 0.45, 196.1
363, 456.19319999999993, 22.976220000000005, 1.3, 0.25, 196.85
364, 455.5895999999999, 23.544710000000002, 1.4, 0.75, 199.0
365, 454.98599999999993, 23.539920000000002, 1.3, 0.55, 200.25
366, 454.38239999999996, 23.634805000000004, 0.95, 0.55, 202.0
367, 453.77879999999993, 24.095060000000004, 1.4, 0.6, 204.6
368, 453.1751999999999, 24.3534, 1.0, 0.7, 207.4
369, 452.57159999999993, 24.480245, 0.55, 0.65, 209.95
370, 451.96799999999996, 24.673425, 0.75, 0.45, 212.15
371, 451.36439999999993, 24.9411, 1.0, 0.4, 214.1
372, 450.7607999999999, 25.434645000000003, 1.55, 0.65, 215.7
373, 450.15719999999993, 25.511435000000002, 1.15, 0.8, 216.65
374, 449.55359999999996, 25.511889999999998, 1.1, 0.7, 217.3
375, 448.94999999999993, 25.807835000000004, 1.15, 0.8, 219.25
376, 448.3463999999999, 26.110560000000003, 1.4, 0.8, 221.25
377, 447.74279999999993, 26.126955, 1.45, 0.55, 222.55
378, 447.13919999999996, 26.251815000000004, 1.35, 0.6, 223.65
379, 446.53559999999993, 26.293105000000008, 1.45, 0.6, 223.75
380, 445.9319999999999, 26.070095, 1.05, 0.55, 223.1
381, 445.32839999999993, 26.402505, 1.45, 1.0, 222.65
382, 444.72479999999996, 25.927595000000004, 1.05, 0.55, 221.85
383, 444.12119999999993, 25.892855000000004, 0.95, 0.6, 221.55
384, 443.51759999999996, 26.149070000000002, 1.3, 0.8, 221.85
385, 442.914, 26.136055, 1.45, 0.75, 221.6
386, 442.31039999999996, 25.699510000000004, 0.9, 0.5, 220.5
387, 441.70679999999993, 25.63528, 1.2, 0.5, 219.15
388, 441.10319999999996, 25.413289999999996, 1.1, 0.6, 216.95
389, 440.4996, 25.361620000000002, 1.3, 0.75, 215.2
390, 439.89599999999996, 25.075540000000007, 1.1, 0.85, 212.7
391, 439.29239999999993, 24.858174999999996, 1.25, 0.85, 210.4
392, 438.68879999999996, 24.504695, 1.55, 0.6, 207.8
393, 438.0852, 23.961635, 1.15, 0.5, 204.6
394, 437.48159999999996, 23.474275, 1.25, 0.25, 201.35
395, 436.87799999999993, 23.646795000000004, 1.55, 1.1, 197.7
396, 436.27439999999996, 22.615505000000006, 1.45, 0.2, 193.55
397, 435.6708, 22.029705, 0.95, 0.35, 188.95
398, 435.06719999999996, 21.961645, 1.55, 0.55, 185.75
399, 434.46359999999993, 21.579204999999995, 1.45, 0.6, 182.4
400, 433.85999999999996, 20.581195, 0.55, 0.3, 177.55
401, 433.2564, 20.306379999999997, 1.2, 0.2, 173.95
402, 432.65279999999996, 19.699085000000004, 0.65, 0.3, 169.55
403, 432.0491999999999, 19.722939999999998, 2.1, 0.35, 165.7
404, 431.44559999999996, 18.926379999999998, 1.2, 0.5, 160.3
405, 430.842, 18.37972, 1.3, 0.45, 155.5
406, 430.23839999999996, 17.970025, 1.25, 0.7, 150.75
407, 429.6347999999999, 17.24156, 0.9, 0.55, 146.05
408, 429.03119999999996, 17.0377, 2.0, 0.4, 142.15
409, 428.4276, 16.326725, 1.25, 0.6, 136.85
410, 427.82399999999996, 15.598805000000002, 1.45, 0.2, 132.0
411, 427.2203999999999, 15.039659999999998, 0.9, 0.45, 127.25
412, 426.61679999999996, 14.537209999999998, 0.9, 0.4, 123.1
413, 426.0132, 13.987540000000001, 0.6, 0.5, 118.55
414, 425.40959999999995, 13.509135000000004, 0.65, 0.65, 113.45
415, 424.8059999999999, 12.772594999999999, 1.05, 0.25, 108.0
416, 424.20239999999995, 12.43084, 0.6, 0.8, 103.35
417, 423.5988, 12.063434999999998, 1.15, 0.7, 99.2
418, 422.99519999999995, 11.372399999999999, 0.5, 0.65, 95.1
419, 422.3915999999999, 11.05652, 0.8, 0.6, 91.8
420, 421.78799999999995, 10.72762, 0.8, 0.7, 88.4
421, 421.1844, 10.320765000000002, 0.85, 0.7, 84.7
422, 420.58079999999995, 10.011439999999999, 1.6, 0.5, 81.05
423, 419.9771999999999, 9.878825, 1.25, 1.2, 77.2
424, 419.37359999999995, 8.988895000000003, 1.05, 0.65, 72.75
425, 418.7699999999999, 8.414950000000001, 0.5, 0.7, 68.9
426, 418.16639999999995, 8.038445, 1.05, 0.4, 65.7
427, 417.5627999999999, 7.693209999999999, 0.9, 0.5, 62.55
428, 416.95919999999995, 7.43464, 1.1, 0.55, 59.5
429, 416.3555999999999, 7.279065, 1.35, 0.75, 56.45
430, 415.75199999999995, 6.913410000000001, 0.9, 0.9, 53.65
431, 415.1483999999999, 7.134885, 1.15, 1.15, 53.65
432, 414.54479999999995, 6.774705, 0.95, 1.25, 50.5
433, 413.9411999999999, 7.044185000000001, 1.15, 1.85, 49.25
434, 413.33759999999995, 6.909250000000002, 1.0, 2.25, 46.4
435, 412.7339999999999, 6.443835, 0.65, 2.15, 43.75
436, 412.13039999999995, 6.250885, 0.65, 2.2, 41.8
437, 411.5267999999999, 6.714645, 1.05, 3.0, 40.7
438, 410.92319999999995, 6.823195, 1.05, 3.35, 39.85
439, 410.3195999999999, 6.60591, 0.9, 3.6, 37.05
440, 409.71599999999995, 7.10787, 1.3, 4.3, 36.8
441, 409.1123999999999, 6.591069999999999, 0.8, 4.15, 34.35
442, 408.50879999999995, 6.998285000000001, 1.15, 4.85, 33.4
443, 407.9051999999999, 7.1332650000000015, 1.35, 5.25, 32.0
444, 407.30159999999995, 6.4567000000000005, 1.0, 4.8, 29.3
445, 406.6979999999999, 6.695895, 1.05, 5.25, 28.95
446, 406.09439999999995, 7.4164900000000005, 1.6, 6.45, 27.65
447, 405.4907999999999, 6.382250000000001, 1.0, 5.45, 25.3
448, 404.88719999999995, 7.161834999999999, 1.65, 6.35, 25.8
449, 404.2835999999999, 7.1375, 1.5, 6.55, 24.95
450, 403.67999999999995, 7.442795000000002, 1.55, 7.2, 24.15
451, 403.0763999999999, 7.952154999999999, 1.95, 8.0, 23.45
452, 402.47279999999995, 7.44174, 1.6, 7.6, 21.95
453, 401.8691999999999, 7.546124999999999, 1.75, 7.75, 21.7
454, 401.26559999999995, 7.124754999999999, 1.45, 7.35, 20.85
455, 400.6619999999999, 7.0397099999999995, 1.4, 7.25, 20.75
456, 400.05839999999995, 7.190544999999998, 1.55, 7.45, 20.65
457, 399.4547999999999, 7.658449999999999, 2.0, 7.95, 21.0
458, 398.85119999999995, 7.52341, 1.9, 7.8, 20.85
459, 398.2475999999999, 6.991415000000001, 1.35, 7.3, 20.2
460, 397.64399999999995, 7.330519999999998, 1.8, 7.6, 20.45
461, 397.0403999999999, 6.871260000000001, 1.4, 7.4, 18.5
462, 396.43679999999995, 7.402175, 1.75, 8.0, 19.15
463, 395.8331999999999, 7.07594, 1.1, 7.95, 18.25
464, 395.22959999999995, 6.935509999999999, 0.9, 7.9, 17.8
465, 394.6259999999999, 7.395249999999999, 1.5, 8.3, 18.2
466, 394.02239999999995, 7.46019, 1.6, 8.35, 18.25
467, 393.4187999999999, 7.141729999999998, 1.2, 8.05, 18.05
468, 392.81519999999995, 6.821114999999999, 0.85, 7.75, 17.7
469, 392.2115999999999, 6.951535, 1.15, 7.8, 17.8
470, 391.60799999999995, 7.826715, 1.85, 8.75, 18.75
471, 391.0043999999999, 7.791664999999997, 1.85, 8.7, 18.7
472, 390.40079999999995, 7.315364999999997, 1.35, 8.25, 18.15
473, 389.7971999999999, 7.276769999999999, 1.3, 8.2, 18.2
474, 389.19359999999995, 7.72457, 1.8, 8.65, 18.5
475, 388.5899999999999, 7.471985000000001, 1.65, 8.5, 17.45
476, 387.98639999999995, 7.7684099999999985, 1.9, 8.8, 17.85
477, 387.3827999999999, 7.390570000000001, 1.8, 8.45, 16.6
478, 386.77919999999995, 6.928135, 1.15, 8.1, 16.05
479, 386.1755999999999, 6.9838299999999975, 1.2, 8.15, 16.15
480, 385.57199999999995, 7.14306, 1.4, 8.3, 16.25
481, 384.9683999999999, 6.974589999999999, 1.6, 7.95, 16.05
482, 384.36479999999995, 6.603439999999999, 1.1, 7.65, 15.65
483, 383.7611999999999, 7.063714999999999, 1.35, 8.2, 16.2
484, 383.15759999999995, 6.969424999999999, 1.25, 8.1, 16.15
485, 382.5539999999999, 7.2137, 1.5, 8.35, 16.35
486, 381.95039999999995, 6.606675, 1.25, 7.55, 15.8
487, 381.3467999999999, 7.045769999999999, 1.8, 7.95, 16.15
488, 380.74319999999994, 7.640010000000001, 2.4, 8.55, 16.7
489, 380.1395999999999, 6.69496, 1.9, 7.35, 15.9
490, 379.53599999999994, 6.663454999999999, 1.95, 7.3, 15.75
491, 378.9323999999999, 6.668615, 1.85, 7.35, 15.8
492, 378.32879999999994, 7.007719999999999, 2.3, 7.65, 16.05
493, 377.7251999999999, 6.575405000000001, 1.95, 7.15, 15.75
494, 377.12159999999994, 6.761519999999999, 2.3, 7.25, 15.95
495, 376.5179999999999, 7.162640000000001, 2.6, 7.8, 15.85
496, 375.91439999999994, 6.841570000000002, 2.3, 7.6, 14.85
497, 375.3107999999999, 7.496665000000002, 2.85, 8.3, 15.55
498, 374.70719999999994, 7.01382, 2.8, 7.6, 15.05
499, 374.1035999999999, 7.542579999999999, 3.2, 8.2, 15.55
