Extraction [ img/mere.png ] effectuee 2026-03-26 16:28:19.207338
Calibration: -0.6036*x + 675.3 [Largeur 500]

pixel, longueur d'onde, intensite, r, g, b
0, 675.3, 52.17251500000001, 70.1, 45.475, 39.7
1, 674.6963999999999, 53.0637225, 71.275, 46.225, 40.575
2, 674.0928, 52.950954999999986, 72.2, 45.625, 40.25
3, 673.4892, 53.710785, 73.65, 46.05, 40.925
4, 672.8856, 54.27353249999999, 75.425, 46.1, 40.95
5, 672.2819999999999, 55.02566999999999, 77.55, 46.275, 41.075
6, 671.6784, 55.749647499999995, 79.525, 46.425, 41.475
7, 671.0748, 56.161829999999995, 81.2, 46.25, 41.6
8, 670.4712, 56.0732125, 82.375, 45.525, 41.475
9, 669.8675999999999, 56.62579749999999, 84.525, 45.425, 41.2
10, 669.264, 57.311877499999994, 86.725, 45.425, 41.45
11, 668.6604, 57.759497499999995, 88.775, 45.1, 41.675
12, 668.0568, 58.046432499999995, 91.175, 44.425, 41.375
13, 667.4531999999999, 59.972945, 94.55, 45.6, 43.375
14, 666.8496, 60.64558249999999, 96.675, 45.625, 43.575
15, 666.246, 61.34672000000002, 98.8, 45.65, 44.025
16, 665.6424, 62.39628500000001, 101.9, 45.675, 44.975
17, 665.0387999999999, 63.46161000000001, 105.65, 45.425, 45.775
18, 664.4352, 63.947747500000006, 108.275, 44.8, 46.375
19, 663.8316, 64.78094000000002, 111.35, 44.775, 45.75
20, 663.228, 65.416065, 113.85, 44.55, 45.925
21, 662.6243999999999, 65.551355, 115.95, 43.75, 45.725
22, 662.0208, 65.7184625, 118.125, 43.0, 45.35
23, 661.4172, 66.6463125, 120.875, 43.025, 46.15
24, 660.8136, 67.53904499999999, 124.05, 42.9, 46.3
25, 660.2099999999999, 68.26949750000003, 126.775, 42.65, 46.85
26, 659.6064, 68.71384750000001, 129.275, 42.1, 47.025
27, 659.0028, 69.15168749999997, 131.625, 41.625, 47.15
28, 658.3992, 69.74709750000001, 134.025, 41.325, 47.625
29, 657.7955999999999, 70.072055, 137.2, 40.325, 47.3
30, 657.192, 71.30477000000002, 140.55, 40.525, 48.3
31, 656.5884, 72.03645999999998, 143.65, 40.125, 48.65
32, 655.9848, 72.30444249999998, 146.325, 39.2, 48.75
33, 655.3811999999999, 72.64676, 148.65, 38.575, 48.875
34, 654.7776, 72.44122250000001, 151.025, 37.2, 47.925
35, 654.174, 72.62103750000003, 153.375, 36.3, 47.975
36, 653.5704, 73.04509000000002, 156.35, 35.425, 48.4
37, 652.9667999999999, 73.53315999999998, 159.4, 34.65, 48.675
38, 652.3632, 73.89054000000002, 162.1, 33.85, 48.85
39, 651.7596, 74.11037750000001, 165.225, 32.575, 49.15
40, 651.156, 73.93410250000002, 167.225, 31.3, 48.925
41, 650.5523999999999, 74.27572749999999, 169.725, 30.575, 49.1
42, 649.9488, 74.66148999999999, 172.1, 29.95, 49.475
43, 649.3452, 74.68589250000002, 174.575, 28.775, 49.25
44, 648.7416, 74.388415, 177.6, 26.825, 48.75
45, 648.1379999999999, 74.76578750000002, 180.375, 26.05, 48.775
46, 647.5344, 74.66989750000002, 182.775, 24.65, 48.85
47, 646.9308, 74.26090500000001, 184.7, 23.075, 48.325
48, 646.3272, 73.88461249999997, 186.875, 21.375, 48.075
49, 645.7235999999999, 73.76133999999999, 190.1, 19.45, 48.45
50, 645.12, 73.4563875, 192.875, 17.6, 48.025
51, 644.5164, 73.1983075, 195.425, 15.925, 47.7
52, 643.9128, 73.41125000000002, 198.25, 14.825, 47.825
53, 643.3091999999999, 73.69067249999999, 200.775, 14.025, 47.775
54, 642.7056, 73.896645, 203.05, 13.3, 47.35
55, 642.102, 73.73943750000001, 204.875, 12.2, 46.85
56, 641.4984, 74.29860750000003, 207.425, 11.825, 47.0
57, 640.8947999999999, 74.740105, 209.7, 11.375, 47.225
58, 640.2912, 74.81996750000002, 211.575, 10.6, 47.0
59, 639.6876, 74.8786475, 213.525, 9.775, 46.65
60, 639.084, 75.52012250000001, 215.775, 9.625, 47.15
61, 638.4803999999999, 75.34303999999997, 216.85, 8.975, 46.125
62, 637.8768, 75.42340499999997, 218.2, 8.575, 45.35
63, 637.2732, 75.853695, 220.05, 8.4, 45.175
64, 636.6696, 76.29172749999998, 221.975, 8.2, 45.0
65, 636.0659999999999, 76.4460075, 223.425, 7.875, 44.225
66, 635.4624, 77.15623000000002, 225.2, 8.05, 44.9
67, 634.8588, 76.88188999999997, 225.85, 7.475, 43.75
68, 634.2552, 77.19928499999997, 227.4, 7.275, 43.5
69, 633.6515999999999, 77.75101749999999, 229.325, 7.225, 43.55
70, 633.048, 77.87648249999998, 230.425, 7.0, 42.925
71, 632.4444, 77.99393999999998, 231.85, 6.625, 42.15
72, 631.8408, 77.71890250000004, 232.225, 6.15, 41.2
73, 631.2371999999999, 78.01030250000002, 233.475, 6.175, 40.35
74, 630.6336, 78.12821999999998, 234.3, 6.15, 39.35
75, 630.03, 77.95540999999999, 234.65, 5.925, 38.075
76, 629.4264, 78.03816250000001, 235.375, 5.925, 36.9
77, 628.8227999999999, 78.316045, 236.3, 6.175, 35.625
78, 628.2192, 78.00896249999998, 236.625, 5.7, 34.525
79, 627.6156, 78.0795775, 237.225, 5.675, 33.7
80, 627.012, 78.3329175, 238.075, 5.8, 33.05
81, 626.4083999999999, 78.21136999999996, 238.8, 5.35, 32.4
82, 625.8048, 78.54898499999999, 239.4, 5.775, 31.6
83, 625.2012, 78.47777999999998, 239.7, 5.7, 30.575
84, 624.5975999999999, 78.659285, 240.15, 5.95, 29.7
85, 623.9939999999999, 78.69345999999999, 240.65, 5.875, 29.075
86, 623.3904, 78.25965249999999, 241.225, 4.95, 28.525
87, 622.7868, 78.50898999999998, 241.85, 5.275, 27.4
88, 622.1831999999999, 78.3305225, 242.275, 5.075, 25.75
89, 621.5795999999999, 78.1094175, 242.575, 4.9, 23.925
90, 620.976, 78.13474000000001, 242.85, 5.075, 22.525
91, 620.3724, 78.14276500000003, 243.1, 5.175, 21.425
92, 619.7687999999999, 77.72679500000002, 242.8, 4.925, 19.85
93, 619.1651999999999, 78.15907750000001, 243.975, 5.0, 20.175
94, 618.5616, 77.8192075, 243.675, 4.7, 19.525
95, 617.958, 77.90887999999998, 244.2, 4.6, 19.45
96, 617.3543999999999, 78.40598750000001, 245.375, 4.8, 19.7
97, 616.7507999999999, 77.97533999999997, 244.85, 4.625, 18.2
98, 616.1472, 77.946, 244.75, 4.825, 17.175
99, 615.5436, 78.09307, 244.55, 5.425, 15.9
100, 614.9399999999999, 78.82625499999997, 244.95, 6.65, 14.975
101, 614.3363999999999, 80.10765, 245.5, 8.65, 14.475
102, 613.7328, 81.79871250000002, 246.125, 11.3, 14.025
103, 613.1292, 83.48862249999999, 246.525, 14.15, 13.125
104, 612.5255999999999, 84.43892749999998, 245.975, 16.35, 11.575
105, 611.9219999999999, 85.79642999999999, 246.2, 18.65, 11.05
106, 611.3184, 87.64151750000002, 246.825, 21.475, 11.05
107, 610.7148, 89.28558500000001, 246.9, 24.325, 10.6
108, 610.1111999999999, 90.93839999999997, 247.0, 27.25, 9.775
109, 609.5075999999999, 92.84804999999997, 247.25, 30.575, 8.75
110, 608.904, 94.98147499999997, 247.75, 33.95, 8.775
111, 608.3004, 96.591455, 247.7, 36.825, 8.225
112, 607.6967999999999, 97.63797249999998, 246.775, 39.375, 6.7
113, 607.0931999999999, 99.87677749999997, 247.475, 42.75, 7.125
114, 606.4896, 102.18310499999998, 247.45, 46.75, 6.825
115, 605.886, 104.50707499999999, 247.75, 50.6, 6.6
116, 605.2823999999999, 106.75447249999999, 247.525, 54.65, 6.05
117, 604.6787999999999, 109.366435, 247.4, 59.275, 5.475
118, 604.0752, 112.21219749999997, 247.775, 64.0, 5.125
119, 603.4716, 114.73661, 247.9, 68.3, 4.8
120, 602.8679999999999, 117.242725, 248.5, 72.225, 5.0
121, 602.2643999999999, 119.821945, 249.05, 76.3, 5.2
122, 601.6608, 122.42920500000002, 249.2, 80.675, 5.15
123, 601.0572, 124.85743749999995, 248.875, 85.05, 4.775
124, 600.4535999999999, 127.46011499999997, 248.85, 89.55, 4.5
125, 599.8499999999999, 130.20702999999997, 249.45, 93.725, 5.525
126, 599.2464, 132.63287499999998, 249.75, 97.7, 5.55
127, 598.6428, 135.13679499999998, 249.55, 102.15, 5.125
128, 598.0391999999999, 137.95998000000003, 249.45, 107.025, 5.05
129, 597.4355999999999, 139.8861075, 248.675, 110.9, 4.025
130, 596.832, 142.83801749999998, 249.325, 115.525, 4.4
131, 596.2284, 144.90372999999997, 249.2, 119.2, 3.925
132, 595.6247999999999, 146.98218999999997, 249.1, 122.85, 3.625
133, 595.0211999999999, 149.619645, 249.8, 126.875, 4.2
134, 594.4176, 152.40270000000007, 250.5, 131.25, 4.25
135, 593.814, 154.01649, 250.1, 134.3, 3.75
136, 593.2103999999999, 156.133655, 249.7, 138.125, 3.675
137, 592.6067999999999, 158.43859249999997, 249.575, 142.125, 3.625
138, 592.0032, 160.62296999999995, 249.55, 145.825, 3.8
139, 591.3996, 162.41270249999997, 248.975, 149.225, 3.5
140, 590.7959999999999, 164.20743749999997, 249.125, 152.075, 4.175
141, 590.1923999999999, 166.28902, 249.3, 155.6, 3.825
142, 589.5888, 168.45961499999996, 249.35, 159.35, 3.425
143, 588.9852, 170.72423000000003, 249.45, 163.225, 3.075
144, 588.3815999999999, 172.77819250000005, 249.575, 166.675, 3.0
145, 587.7779999999999, 175.03181999999995, 250.55, 169.775, 4.25
146, 587.1744, 176.98671499999998, 250.6, 173.075, 4.275
147, 586.5708, 178.8788225, 250.275, 176.425, 4.475
148, 585.9671999999999, 180.51922499999995, 249.75, 179.55, 4.15
149, 585.3635999999999, 182.01473250000006, 249.175, 182.575, 3.2
150, 584.76, 183.47314, 248.85, 185.225, 3.2
151, 584.1564, 185.39009500000003, 249.05, 188.35, 3.4
152, 583.5527999999999, 187.11466, 249.4, 191.1, 3.45
153, 582.9491999999999, 188.60989500000008, 249.55, 193.6, 3.3
154, 582.3456, 190.02813499999993, 249.4, 196.175, 2.875
155, 581.742, 191.5095775, 249.725, 198.475, 3.175
156, 581.1383999999999, 192.6894725, 249.525, 200.65, 2.85
157, 580.5347999999999, 193.98395000000002, 249.5, 202.8, 3.2
158, 579.9312, 195.3650175, 249.575, 205.1, 3.275
159, 579.3276, 196.49337500000001, 249.5, 207.075, 3.2
160, 578.7239999999999, 197.32611, 249.65, 208.325, 3.675
161, 578.1203999999999, 198.03886999999997, 249.3, 209.8, 3.25
162, 577.5168, 198.67185750000004, 248.675, 211.25, 2.975
163, 576.9132, 199.35253000000003, 248.2, 212.7, 2.725
164, 576.3095999999999, 200.06139499999998, 248.05, 213.95, 2.9
165, 575.7059999999999, 200.79929750000002, 247.775, 215.25, 3.4
166, 575.1024, 201.15072500000002, 247.25, 216.15, 3.225
167, 574.4988, 201.61650500000005, 246.7, 217.175, 3.475
168, 573.8951999999999, 202.20365499999997, 246.2, 218.425, 3.5
169, 573.2915999999999, 202.9665975, 246.025, 219.775, 3.7
170, 572.688, 203.57886249999996, 245.875, 220.875, 3.8
171, 572.0844, 204.22367500000007, 245.25, 222.35, 3.5
172, 571.4807999999999, 204.969515, 244.85, 223.8, 3.625
173, 570.8771999999999, 205.63523999999998, 244.1, 225.35, 3.45
174, 570.2736, 206.2347925, 243.325, 226.8, 3.275
175, 569.67, 206.69872500000002, 242.5, 228.025, 3.2
176, 569.0663999999999, 207.05022749999998, 241.225, 229.375, 2.675
177, 568.4627999999999, 207.42679749999996, 239.775, 230.75, 2.7
178, 567.8592, 208.05688750000004, 238.625, 232.375, 2.875
179, 567.2556, 208.48453250000003, 237.425, 233.7, 2.95
180, 566.6519999999999, 208.46110249999998, 235.725, 234.55, 2.825
181, 566.0483999999999, 208.11012, 233.3, 235.25, 2.5
182, 565.4448, 208.35117250000002, 230.775, 236.825, 3.125
183, 564.8412, 207.60064500000004, 227.05, 237.55, 2.575
184, 564.2375999999999, 206.56365999999997, 222.9, 237.95, 2.3
185, 563.6339999999999, 205.37379, 217.85, 238.475, 2.4
186, 563.0304, 203.99371000000002, 211.4, 239.35, 2.7
187, 562.4268, 201.89454999999995, 203.5, 239.85, 2.425
188, 561.8231999999999, 199.5047275, 194.475, 240.35, 2.55
189, 561.2195999999999, 197.06163249999994, 185.175, 240.875, 2.8
190, 560.616, 194.23609750000008, 175.025, 241.225, 2.825
191, 560.0124, 190.98521749999995, 164.075, 241.35, 2.375
192, 559.4087999999999, 188.01146250000002, 153.125, 241.85, 2.425
193, 558.8052, 185.29122750000005, 142.475, 242.6, 2.625
194, 558.2016, 181.8586549999999, 130.95, 242.65, 2.475
195, 557.598, 178.277715, 119.35, 242.5, 2.25
196, 556.9943999999999, 175.00367749999992, 107.975, 242.7, 2.325
197, 556.3907999999999, 171.844535, 96.9, 242.875, 2.75
198, 555.7872, 169.0849, 86.5, 243.45, 2.85
199, 555.1836, 165.94806750000004, 76.075, 243.4, 2.925
200, 554.5799999999999, 162.69742250000004, 65.775, 243.175, 2.575
201, 553.9764, 159.79947749999997, 55.725, 243.375, 2.475
202, 553.3728, 157.00879999999992, 46.0, 243.5, 2.85
203, 552.7692, 155.1506875, 38.875, 244.05, 2.4
204, 552.1655999999999, 153.06656500000003, 32.85, 243.65, 1.975
205, 551.5619999999999, 151.8953024999999, 28.225, 244.0, 2.025
206, 550.9584, 150.95445000000004, 24.0, 244.5, 2.275
207, 550.3548, 149.8522475, 20.025, 244.525, 2.9
208, 549.7511999999999, 149.03935749999997, 16.925, 244.675, 3.125
209, 549.1476, 148.34583499999997, 14.65, 244.55, 3.65
210, 548.544, 147.81786500000004, 12.6, 244.675, 3.75
211, 547.9404, 147.43260749999996, 10.925, 244.925, 3.475
212, 547.3367999999999, 147.01010500000004, 9.45, 245.0, 3.25
213, 546.7331999999999, 146.64779249999998, 7.825, 245.05, 4.075
214, 546.1296, 146.50794999999997, 6.5, 245.2, 5.55
215, 545.526, 146.45615000000004, 5.5, 245.15, 7.975
216, 544.9223999999999, 146.72585, 5.25, 245.125, 11.125
217, 544.3188, 147.12269500000002, 5.3, 245.125, 14.475
218, 543.7152, 147.48537750000003, 4.975, 245.35, 17.35
219, 543.1116, 148.15411750000004, 5.325, 245.675, 20.625
220, 542.5079999999999, 148.16275500000003, 4.95, 245.4, 23.1
221, 541.9043999999999, 148.27761999999996, 4.55, 245.275, 25.8
222, 541.3008, 148.79511, 4.65, 245.625, 28.275
223, 540.6972, 148.82497500000002, 4.5, 245.325, 30.475
224, 540.0935999999999, 148.75596749999997, 4.075, 245.05, 32.4
225, 539.49, 149.45179000000002, 4.6, 245.4, 35.325
226, 538.8864, 149.547475, 4.5, 245.075, 38.1
227, 538.2828, 149.76834000000002, 4.1, 245.15, 40.7
228, 537.6791999999999, 150.20547749999997, 3.975, 245.4, 43.575
229, 537.0755999999999, 150.58571750000002, 3.825, 245.425, 47.175
230, 536.472, 151.16794999999996, 4.0, 245.75, 50.15
231, 535.8684, 151.40623, 3.95, 245.725, 52.5
232, 535.2647999999999, 151.54209749999993, 4.025, 245.525, 54.525
233, 534.6612, 151.69051249999993, 3.875, 245.325, 57.25
234, 534.0576, 152.15576000000004, 4.15, 245.225, 61.125
235, 533.454, 152.47234, 4.35, 245.075, 64.15
236, 532.8503999999999, 152.78842249999997, 4.525, 245.0, 66.85
237, 532.2467999999999, 153.07692499999996, 4.5, 244.975, 69.575
238, 531.6432, 153.32526000000001, 4.65, 244.875, 71.875
239, 531.0396, 153.80754999999996, 5.25, 244.925, 74.275
240, 530.4359999999999, 154.51466, 5.9, 245.25, 77.1
241, 529.8324, 154.9678325, 6.925, 245.0, 79.675
242, 529.2288, 155.40864000000005, 7.85, 244.775, 82.275
243, 528.6252, 156.06410249999996, 8.975, 244.775, 85.075
244, 528.0215999999999, 156.9048674999999, 10.075, 245.05, 88.15
245, 527.4179999999999, 157.33422999999996, 10.7, 244.9, 91.05
246, 526.8144, 157.845395, 11.55, 244.6, 94.85
247, 526.2108, 158.563785, 12.65, 244.55, 98.525
248, 525.6071999999999, 159.27663, 13.7, 244.55, 102.025
249, 525.0036, 159.93012000000004, 14.55, 244.575, 105.4
250, 524.4, 160.5075825, 15.425, 244.55, 108.3
251, 523.7964, 160.60832000000002, 15.8, 244.05, 110.775
252, 523.1927999999999, 161.37123999999997, 16.6, 244.35, 113.825
253, 522.5891999999999, 162.2443175, 17.575, 244.7, 117.125
254, 521.9856, 162.61020249999999, 18.225, 244.4, 120.175
255, 521.382, 162.69148500000006, 18.4, 243.925, 122.875
256, 520.7783999999999, 163.47126749999998, 19.325, 244.025, 126.775
257, 520.1748, 163.93663750000005, 19.375, 244.2, 129.825
258, 519.5712, 164.10069499999997, 19.55, 243.9, 132.35
259, 518.9676, 164.14728250000002, 19.925, 243.4, 134.35
260, 518.3639999999999, 164.454045, 19.8, 243.525, 136.725
261, 517.7603999999999, 164.62730499999998, 19.95, 243.2, 139.525
262, 517.1568, 165.14953250000002, 20.175, 243.475, 142.1
263, 516.5532, 165.42493500000003, 20.15, 243.35, 145.225
264, 515.9495999999999, 165.52643249999997, 19.925, 243.05, 148.25
265, 515.346, 165.78042, 19.55, 243.125, 151.075
266, 514.7424, 166.17098500000003, 19.65, 243.05, 154.625
267, 514.1388, 166.27891000000005, 18.65, 243.175, 157.55
268, 513.5351999999999, 165.88780749999998, 17.175, 242.75, 160.175
269, 512.9315999999999, 165.31898500000003, 15.4, 242.175, 162.8
270, 512.328, 165.08001750000003, 13.575, 242.1, 165.875
271, 511.72439999999995, 165.066065, 12.6, 241.825, 169.725
272, 511.1207999999999, 164.8654625, 10.625, 241.95, 172.5
273, 510.51719999999995, 164.72691499999993, 9.35, 241.8, 175.4
274, 509.9136, 164.5894875, 8.125, 241.675, 178.05
275, 509.30999999999995, 164.6625175, 7.075, 241.8, 180.8
276, 508.7063999999999, 165.05816999999996, 7.05, 241.875, 183.95
277, 508.10279999999995, 164.8872, 6.25, 241.525, 186.35
278, 507.4992, 165.19850250000002, 6.225, 241.5, 189.275
279, 506.89559999999994, 165.38566749999998, 6.075, 241.4, 191.825
280, 506.2919999999999, 165.46417999999997, 5.95, 241.175, 194.0
281, 505.68839999999994, 165.53564499999996, 5.8, 240.975, 196.05
282, 505.0848, 165.71715250000005, 5.725, 240.9, 198.225
283, 504.48119999999994, 165.5974575, 5.425, 240.475, 200.15
284, 503.8775999999999, 165.48785750000002, 5.175, 240.1, 201.775
285, 503.27399999999994, 165.75025750000003, 5.425, 240.075, 203.55
286, 502.6704, 166.11996500000004, 5.85, 240.1, 205.55
287, 502.06679999999994, 166.1795324999999, 5.675, 239.975, 207.175
288, 501.4631999999999, 166.27168749999996, 5.875, 239.7, 208.875
289, 500.85959999999994, 166.08521000000002, 5.65, 239.225, 210.275
290, 500.256, 166.05395, 5.5, 238.85, 212.325
291, 499.65239999999994, 166.29115499999995, 5.7, 238.725, 214.525
292, 499.0487999999999, 166.12833000000003, 5.7, 238.2, 215.8
293, 498.44519999999994, 166.02193499999996, 5.65, 237.85, 216.8
294, 497.84159999999997, 166.02257500000002, 5.5, 237.675, 218.1
295, 497.23799999999994, 165.99406249999998, 5.375, 237.525, 218.95
296, 496.6343999999999, 165.94367250000005, 5.275, 237.325, 219.8
297, 496.03079999999994, 165.73794000000004, 5.1, 236.85, 220.9
298, 495.42719999999997, 165.8254725, 5.275, 236.575, 222.625
299, 494.82359999999994, 166.231545, 5.55, 236.85, 224.05
300, 494.2199999999999, 165.94108249999996, 5.675, 236.175, 224.65
301, 493.61639999999994, 165.55244250000004, 5.575, 235.525, 224.85
302, 493.01279999999997, 165.2972225, 5.275, 235.175, 225.2
303, 492.40919999999994, 165.3663525, 5.725, 234.85, 226.3
304, 491.8055999999999, 165.06791499999997, 5.35, 234.45, 226.725
305, 491.20199999999994, 164.862765, 5.35, 233.95, 227.5
306, 490.59839999999997, 164.76577249999997, 5.525, 233.55, 228.25
307, 489.99479999999994, 164.55599999999993, 5.5, 233.05, 229.05
308, 489.3911999999999, 164.18268750000001, 5.375, 232.4, 229.45
309, 488.78759999999994, 164.039515, 5.6, 231.925, 230.05
310, 488.18399999999997, 163.93277999999998, 5.7, 231.6, 230.525
311, 487.58039999999994, 163.81152500000002, 5.75, 231.3, 230.875
312, 486.9767999999999, 163.56512749999996, 5.725, 230.825, 231.225
313, 486.37319999999994, 163.1489825, 5.675, 230.025, 231.825
314, 485.76959999999997, 163.14862999999997, 5.7, 229.9, 232.4
315, 485.16599999999994, 162.8897125, 5.625, 229.4, 232.9
316, 484.5623999999999, 162.501455, 5.45, 228.75, 233.3
317, 483.95879999999994, 162.09898750000002, 5.125, 228.225, 233.325
318, 483.35519999999997, 161.85278249999993, 4.675, 228.025, 233.375
319, 482.75159999999994, 161.61820999999995, 4.65, 227.575, 233.7
320, 482.1479999999999, 161.36349, 4.6, 227.05, 234.3
321, 481.54439999999994, 160.91873000000007, 4.45, 226.325, 234.525
322, 480.94079999999997, 160.45563750000002, 4.375, 225.55, 234.65
323, 480.33719999999994, 160.08298249999999, 4.675, 224.675, 235.1
324, 479.7335999999999, 159.65074249999995, 4.575, 223.975, 235.175
325, 479.12999999999994, 159.1664275, 4.725, 223.025, 235.425
326, 478.52639999999997, 158.90396749999996, 4.825, 222.425, 235.95
327, 477.92279999999994, 158.70279, 5.1, 221.85, 236.425
328, 477.3191999999999, 158.23449749999992, 5.275, 220.9, 236.75
329, 476.71559999999994, 157.398865, 4.6, 219.825, 236.725
330, 476.11199999999997, 157.09026500000004, 4.6, 219.275, 236.85
331, 475.50839999999994, 156.31302499999998, 4.25, 218.1, 237.0
332, 474.9047999999999, 155.51105750000005, 3.925, 216.875, 237.125
333, 474.30119999999994, 155.0643725, 4.025, 216.0, 237.45
334, 473.69759999999997, 154.9064875, 4.625, 215.275, 238.225
335, 473.09399999999994, 153.83887, 4.55, 213.475, 238.325
336, 472.4903999999999, 152.86015249999997, 4.475, 211.875, 238.175
337, 471.88679999999994, 152.1436575, 4.425, 210.675, 238.2
338, 471.28319999999997, 151.2978225, 4.275, 209.325, 238.125
339, 470.67959999999994, 150.36285999999998, 4.15, 207.825, 237.975
340, 470.0759999999999, 149.98111750000004, 4.575, 206.9, 238.275
341, 469.47239999999994, 149.12938749999998, 4.625, 205.375, 238.525
342, 468.86879999999996, 148.069785, 4.9, 203.425, 238.55
343, 468.26519999999994, 147.17307000000002, 5.3, 201.65, 238.775
344, 467.6615999999999, 146.07228999999995, 5.35, 199.725, 238.9
345, 467.05799999999994, 144.64719500000004, 5.05, 197.45, 238.9
346, 466.45439999999996, 143.84341999999998, 5.3, 195.9, 239.175
347, 465.85079999999994, 142.83511749999997, 5.575, 193.95, 239.65
348, 465.2471999999999, 141.32563249999995, 5.425, 191.45, 239.675
349, 464.64359999999994, 139.39458250000004, 5.175, 188.375, 239.225
350, 464.03999999999996, 137.79250499999998, 5.7, 185.325, 239.5
351, 463.43639999999994, 136.27089000000004, 6.1, 182.5, 239.65
352, 462.8327999999999, 134.0316975, 6.025, 178.675, 239.9
353, 462.22919999999993, 131.8734675, 6.075, 174.9, 240.275
354, 461.62559999999996, 129.66809500000005, 6.3, 170.975, 240.55
355, 461.02199999999993, 127.26889999999999, 6.5, 166.65, 241.25
356, 460.4183999999999, 125.2588125, 6.875, 163.025, 241.3
357, 459.81479999999993, 122.5691675, 6.325, 158.825, 240.775
358, 459.21119999999996, 119.530215, 5.85, 154.05, 239.95
359, 458.60759999999993, 116.55985499999994, 5.95, 148.9, 240.15
360, 458.0039999999999, 114.05797250000003, 6.775, 143.975, 241.4
361, 457.40039999999993, 110.5423625, 6.375, 138.175, 241.475
362, 456.79679999999996, 107.65558749999998, 6.625, 133.125, 241.5
363, 456.19319999999993, 104.46557, 6.8, 127.65, 241.25
364, 455.5895999999999, 101.22374500000002, 7.05, 122.0, 241.25
365, 454.98599999999993, 98.10917749999999, 7.475, 116.4, 241.65
366, 454.38239999999996, 94.87470999999998, 7.65, 110.825, 241.525
367, 453.77879999999993, 91.68345250000002, 8.225, 104.95, 242.275
368, 453.1751999999999, 88.19246000000001, 8.15, 99.075, 242.1
369, 452.57159999999993, 84.41517, 8.05, 92.725, 241.925
370, 451.96799999999996, 80.80508, 8.2, 86.45, 242.175
371, 451.36439999999993, 78.0513775, 8.725, 81.375, 242.775
372, 450.7607999999999, 74.71498999999999, 8.6, 75.75, 242.8
373, 450.15719999999993, 71.625115, 8.6, 70.525, 242.6
374, 449.55359999999996, 68.4331275, 8.725, 64.975, 242.85
375, 448.94999999999993, 65.54523250000003, 8.925, 59.9, 243.125
376, 448.3463999999999, 62.94953000000002, 8.95, 55.475, 243.075
377, 447.74279999999993, 59.914385000000024, 8.9, 50.325, 243.1
378, 447.13919999999996, 57.613802499999984, 9.225, 46.25, 243.05
379, 446.53559999999993, 55.431657500000014, 9.675, 42.25, 243.325
380, 445.9319999999999, 53.05049500000001, 9.8, 38.125, 243.35
381, 445.32839999999993, 50.25565750000001, 9.175, 33.75, 243.0
382, 444.72479999999996, 48.04870750000002, 9.175, 30.0, 242.95
383, 444.12119999999993, 46.41689500000002, 9.55, 27.0, 243.1
384, 443.51759999999996, 44.486457500000014, 9.425, 23.775, 243.1
385, 442.914, 42.818130000000004, 9.45, 20.925, 243.075
386, 442.31039999999996, 41.4708425, 9.825, 18.4, 243.275
387, 441.70679999999993, 40.048294999999996, 10.3, 15.725, 243.325
388, 441.10319999999996, 39.05293999999999, 10.85, 13.725, 243.45
389, 440.4996, 38.192312499999986, 11.375, 11.875, 244.05
390, 439.89599999999996, 36.957499999999996, 11.5, 9.8, 243.575
391, 439.29239999999993, 35.76471500000001, 11.85, 7.75, 242.75
392, 438.68879999999996, 35.968287499999995, 13.625, 7.125, 243.1
393, 438.0852, 36.01790750000001, 14.425, 6.875, 242.725
394, 437.48159999999996, 36.364414999999994, 15.1, 7.175, 242.45
395, 436.87799999999993, 36.67491, 15.9, 7.35, 242.175
396, 436.27439999999996, 36.86257499999999, 16.75, 7.3, 241.85
397, 435.6708, 37.18485499999999, 17.7, 7.375, 241.8
398, 435.06719999999996, 36.8289675, 17.825, 6.875, 240.925
399, 434.46359999999993, 37.332125000000005, 18.75, 7.3, 240.725
400, 433.85999999999996, 37.685990000000004, 19.35, 7.675, 240.325
401, 433.2564, 37.9382475, 19.775, 8.0, 239.75
402, 432.65279999999996, 38.007737500000005, 19.875, 8.15, 239.325
403, 432.0491999999999, 37.916039999999995, 19.85, 8.225, 238.2
404, 431.44559999999996, 37.959455000000005, 19.95, 8.35, 237.675
405, 430.842, 37.95087250000002, 19.775, 8.575, 236.9
406, 430.23839999999996, 37.9614325, 19.675, 8.775, 236.225
407, 429.6347999999999, 38.025065, 19.6, 8.975, 235.95
408, 429.03119999999996, 38.007545, 19.05, 9.4, 235.05
409, 428.4276, 38.315112500000005, 19.375, 9.875, 234.45
410, 427.82399999999996, 38.3380775, 19.225, 10.175, 233.5
411, 427.2203999999999, 38.3090075, 19.175, 10.35, 232.475
412, 426.61679999999996, 38.523830000000004, 19.45, 10.775, 231.45
413, 426.0132, 38.869, 20.0, 11.35, 230.075
414, 425.40959999999995, 39.400977499999996, 20.725, 12.125, 228.85
415, 424.8059999999999, 39.42279749999999, 21.025, 12.325, 227.225
416, 424.20239999999995, 39.81722750000001, 21.725, 12.825, 226.275
417, 423.5988, 40.1675175, 22.325, 13.325, 225.2
418, 422.99519999999995, 39.977149999999995, 22.5, 13.3, 223.2
419, 422.3915999999999, 40.5906375, 24.125, 13.775, 221.875
420, 421.78799999999995, 41.0814825, 24.925, 14.5, 220.35
421, 421.1844, 41.6086875, 26.125, 15.025, 219.125
422, 420.58079999999995, 41.9288225, 27.025, 15.35, 217.9
423, 419.9771999999999, 42.18518250000001, 28.175, 15.575, 215.975
424, 419.37359999999995, 42.930722499999995, 30.525, 16.1, 213.65
425, 418.7699999999999, 43.60303749999999, 32.375, 16.75, 211.35
426, 418.16639999999995, 44.19355, 35.0, 16.9, 208.875
427, 417.5627999999999, 45.27172750000001, 37.725, 17.825, 206.425
428, 416.95919999999995, 46.3137325, 40.175, 18.775, 204.25
429, 416.3555999999999, 46.989017499999996, 42.575, 19.15, 201.95
430, 415.75199999999995, 47.883780000000016, 44.45, 20.375, 198.575
431, 415.1483999999999, 47.98346999999999, 45.3, 20.85, 194.775
432, 414.54479999999995, 48.338417500000006, 46.075, 21.9, 190.45
433, 413.9411999999999, 48.9600275, 47.225, 23.325, 185.55
434, 413.33759999999995, 49.589265, 48.35, 24.8, 180.525
435, 412.7339999999999, 50.213682500000004, 49.425, 26.2, 175.975
436, 412.13039999999995, 51.01888749999999, 50.875, 27.45, 172.8
437, 411.5267999999999, 51.59584749999999, 51.775, 28.8, 168.55
438, 410.92319999999995, 52.47155, 52.5, 30.85, 163.775
439, 410.3195999999999, 53.95593500000001, 53.4, 33.775, 159.375
440, 409.71599999999995, 55.44597749999999, 54.225, 36.675, 155.35
441, 409.1123999999999, 55.89810250000001, 54.725, 38.05, 150.925
442, 408.50879999999995, 56.6316325, 55.175, 39.925, 146.525
443, 407.9051999999999, 57.717364999999994, 55.85, 42.3, 142.05
444, 407.30159999999995, 58.57118999999999, 56.6, 44.3, 137.275
445, 406.6979999999999, 58.40030250000001, 56.225, 45.2, 132.125
446, 406.09439999999995, 58.825805, 56.95, 46.25, 128.55
447, 405.4907999999999, 59.417085, 57.65, 47.6, 124.95
448, 404.88719999999995, 59.99106750000001, 58.325, 48.875, 121.65
449, 404.2835999999999, 60.33729499999998, 58.8, 49.825, 118.55
450, 403.67999999999995, 60.51740000000001, 59.0, 50.7, 115.1
451, 403.0763999999999, 60.24747000000001, 59.05, 50.875, 111.7
452, 402.47279999999995, 59.90555000000002, 58.75, 51.125, 108.2
453, 401.8691999999999, 60.185137499999996, 59.125, 51.925, 105.55
454, 401.26559999999995, 60.61143499999999, 59.65, 52.85, 103.15
455, 400.6619999999999, 60.412637499999995, 59.375, 53.2, 100.325
456, 400.05839999999995, 61.07372499999997, 60.0, 54.275, 98.95
457, 399.4547999999999, 60.979655, 59.95, 54.65, 96.325
458, 398.85119999999995, 60.6401975, 60.275, 54.45, 93.525
459, 398.2475999999999, 60.5422775, 60.725, 54.525, 91.1
460, 397.64399999999995, 60.72132250000001, 60.775, 55.125, 89.45
461, 397.0403999999999, 60.64965750000001, 60.675, 55.35, 87.925
462, 396.43679999999995, 60.41703250000002, 60.425, 55.45, 86.025
463, 395.8331999999999, 60.41640249999998, 60.475, 55.875, 83.7
464, 395.22959999999995, 60.538675, 60.5, 56.425, 81.875
465, 394.6259999999999, 60.5694975, 60.525, 56.625, 81.05
466, 394.02239999999995, 60.73274250000001, 61.075, 56.725, 80.525
467, 393.4187999999999, 60.59791, 60.9, 56.9, 78.9
468, 392.81519999999995, 60.54462000000002, 60.8, 57.2, 77.15
469, 392.2115999999999, 60.452155000000005, 60.7, 57.375, 75.7
470, 391.60799999999995, 60.37316500000001, 60.85, 57.3, 75.0
471, 391.0043999999999, 60.32532999999999, 61.2, 57.05, 74.95
472, 390.40079999999995, 60.276609999999984, 61.15, 57.075, 74.525
473, 389.7971999999999, 60.654009999999936, 61.65, 57.575, 73.95
474, 389.19359999999995, 60.36733749999996, 61.375, 57.45, 72.8
475, 388.5899999999999, 60.056319999999985, 61.05, 57.275, 71.825
476, 387.98639999999995, 60.44072499999997, 61.5, 57.725, 71.7
477, 387.3827999999999, 60.467692499999984, 61.575, 57.825, 71.225
478, 386.77919999999995, 60.24048750000001, 61.375, 57.7, 70.4
479, 386.1755999999999, 59.766655000000014, 60.95, 57.25, 69.675
480, 385.57199999999995, 59.87335, 61.0, 57.45, 69.45
481, 384.9683999999999, 60.01637000000001, 61.05, 57.775, 68.9
482, 384.36479999999995, 59.4942725, 60.525, 57.25, 68.4
483, 383.7611999999999, 59.46912999999999, 60.45, 57.425, 67.475
484, 383.15759999999995, 59.75485, 60.75, 57.725, 67.65
485, 382.5539999999999, 59.30971499999998, 60.35, 57.35, 66.725
486, 381.95039999999995, 58.81350749999998, 59.925, 56.925, 65.675
487, 381.3467999999999, 60.010537499999984, 61.125, 58.125, 66.85
488, 380.74319999999994, 59.37948749999998, 60.625, 57.625, 65.2
489, 380.1395999999999, 58.94490250000003, 60.225, 57.2, 64.625
490, 379.53599999999994, 58.82034000000002, 60.1, 57.1, 64.375
491, 378.9323999999999, 58.83898500000002, 60.15, 57.15, 64.15
492, 378.32879999999994, 59.15078, 60.45, 57.475, 64.425
493, 377.7251999999999, 58.79527000000004, 60.05, 57.175, 63.9
494, 377.12159999999994, 59.05680000000001, 60.25, 57.475, 64.125
495, 376.5179999999999, 58.8666025, 59.975, 57.325, 63.95
496, 375.91439999999994, 58.830205, 59.95, 57.3, 63.825
497, 375.3107999999999, 59.21784250000002, 60.325, 57.75, 63.925
498, 374.70719999999994, 58.54126000000001, 59.4, 57.35, 62.475
499, 374.1035999999999, 59.09883250000003, 59.925, 57.95, 62.9
