longitude	latitude	temperature moyenne
-69.515682395	32.7169	-7.22222222222
-82.2666159508	38.0386	6.11111111111
-82.6370326254	33.0875	8.88888888889
-81.8537548725	34.5119	7.77777777778
-90.5917485625	32.835	10.5555555556
-90.5485901408	34.2529	10.0
-63.0512013723	39.013	-10.5555555556
-70.1109354062	40.0528	-6.66666666667
-62.748775079	35.9705	1.11111111111
-68.4756517006	31.0425	10.5555555556
-64.5542886108	27.1526	8.33333333333
-76.6555451163	43.7346	0.0
-69.0048421792	32.3349	6.66666666667
-59.2925867867	41.00889	-8.33333333333
-92.0468379239	36.624	7.22222222222
-86.2125967948	42.6754	1.11111111111
-70.4904756442	41.843	-6.66666666667
-64.5141449318	25.8996	12.2222222222
-87.6991822838	36.6823	2.22222222222
-68.9582723381	46.3345	-6.66666666667
-82.2995401145	42.4247	2.77777777778
-85.782757955	39.7608	2.22222222222
-92.9733952901	33.4392	13.3333333333
-57.1368632899	44.42	-20.0
-72.8149215959	35.8201	2.22222222222
-76.0622754884	48.3055	-2.22222222222
-78.6447834147	45.71145	-0.555555555556
-83.7312255523	40.0354	-1.11111111111
-86.6485444553	36.292	1.11111111111
-71.5396061014	44.0604	-3.33333333333
-87.6724462762	31.5907	10.5555555556
-85.0624724574	36.7499	-5.0
-68.6811540164	38.8882	-3.88888888889
-86.2986756322	33.7149	3.33333333333
-84.3475817624	35.8245	1.66666666667
-95.1068810928	34.4141	11.1111111111
-95.9025351578	37.2381	7.77777777778
-82.1154028042	37.2168	5.0
-68.7135228326	32.8516	6.66666666667
-82.1488743816	45.60444	-2.22222222222
-89.9924494493	48.7412	-12.2222222222
-80.4817296058	42.068	6.66666666667
-82.8548874527	44.5169	-3.88888888889
-85.8405140782	40.0822	-2.22222222222
-88.4177224041	31.6922	11.1111111111
-79.5332756875	32.0408	9.44444444444
-56.2871501283	43.1092	-15.0
-82.8712305315	32.8546	9.44444444444
-69.6062040111	31.8814	6.66666666667
-94.9133822131	41.8484	-6.66666666667
-88.1967734988	32.2395	14.4444444444
-88.3355309981	35.5037	3.33333333333
-88.8377236625	37.5174	-0.555555555556
-66.3034026537	30.07194	9.44444444444
-73.0809329709	32.8833	7.22222222222
-68.2287046064	31.7901	7.22222222222
-81.4927791027	37.3813	5.55555555556
-68.4755168305	31.9155	8.88888888889
-56.2707277142	43.1716	-15.0
-77.8157450411	30.6222	11.6666666667
-74.0083630257	41.5562	1.11111111111
-86.9573969106	37.2667	-1.11111111111
-65.5422515255	35.4945	0.555555555556
-93.2399620124	47.4174	-6.11111111111
-69.4909297708	33.2125	6.66666666667
-69.0628363084	31.1449	7.77777777778
-80.0990952898	38.8701	5.0
-72.8878307679	30.0918	9.44444444444
-88.5391848005	36.8637	3.88888888889
-89.6534495669	45.158	-5.0
-60.4901774545	42.4401	-18.3333333333
-65.4966337084	35.4185	1.11111111111
-85.5475286896	35.1188	-3.88888888889
-56.7575293238	41.4911	-8.88888888889
-76.814850467	28.3045	10.5555555556
-84.1921638431	38.811	2.77777777778
-89.8272732838	37.4572	4.44444444444
-58.5036206904	41.7857	-11.1111111111
-89.1232515296	35.7552	2.77777777778
-72.7684310902	37.6344	0.0
-56.7578466651	41.4782	-8.88888888889
-84.2100142932	37.7068	-13.8888888889
-68.2738464114	33.5721	3.88888888889
-81.4152684814	39.6553	7.22222222222
-86.7842078765	32.0095	11.1111111111
-87.7175880813	34.3983	2.77777777778
-83.1078878329	40.8066	3.33333333333
-86.0816141583	37.2553	1.66666666667
-81.0910725724	30.04806	10.5555555556
-85.0373231565	33.9795	-2.22222222222
-83.3718364892	39.0878	1.66666666667
-75.0376596494	37.4277	6.11111111111
-81.5360961951	33.9557	8.33333333333
-88.2950699777	38.3028	-1.11111111111
-84.3098181434	34.517	3.33333333333
-67.233918853	38.0945	-2.22222222222
-68.1983191734	34.2851	3.88888888889
-97.2705143224	40.6507	3.88888888889
-98.2266637681	47.5139	0.0
-81.8278122183	40.1551	7.22222222222
-76.6457075349	39.1027	10.0
-68.5408812123	31.30889	10.5555555556
-67.924612271	34.5653	3.33333333333
-80.6007326069	36.5993	8.88888888889
-67.2131329955	44.908	-11.1111111111
-89.2869203237	41.6163	-0.555555555556
-64.6262457588	30.8078	10.5555555556
-87.259109186	37.2507	1.66666666667
-64.5217611239	33.355	7.22222222222
-97.8408560388	44.4185	0.555555555556
-94.9214744172	44.556	-1.66666666667
-82.4943083595	36.7779	6.11111111111
-87.1837406186	34.8221	4.44444444444
-77.798846615	26.5258	18.8888888889
-86.2655134626	39.1018	1.11111111111
-83.5123393658	38.9105	-3.33333333333
-76.948443236	45.66889	-4.44444444444
-67.541739949	36.0138	1.11111111111
-62.9634564929	33.1532	7.22222222222
-89.2597876395	39.3872	5.0
-95.0602319164	37.7592	2.22222222222
-92.9372977131	36.602	9.44444444444
-73.7767831857	46.1135	-2.77777777778
-68.2282285944	34.6941	3.88888888889
-85.3713249127	40.948	0.0
-83.3828641006	48.3082	-8.88888888889
-88.4847607614	32.9918	12.7777777778
-78.9210449148	46.7702	-5.0
-96.349589765	48.5405	-1.11111111111
-78.7945288576	43.76667	1.11111111111
-83.4683875907	48.4887	-8.88888888889
-84.2310381567	38.0989	-9.44444444444
-75.9423204634	31.7796	11.1111111111
-89.3868828446	32.9649	13.3333333333
-97.6417243503	38.3208	7.77777777778
-98.6285765703	43.2718	3.33333333333
-68.4128419167	37.2504	-1.11111111111
-86.964616426	38.1402	0.0
-69.2138907844	32.4567	6.11111111111
-69.5294074078	34.7728	3.88888888889
-70.9533973183	34.8223	3.88888888889
-85.6063955075	36.0346	1.11111111111
-90.6080916413	39.0118	5.0
-67.4614763916	29.73333	10.0
-77.1306923653	37.74611	7.77777777778
-95.6502011943	41.49139	-3.88888888889
-59.8578748423	40.65083	-7.22222222222
-82.7467533924	38.76667	5.0
-79.0832063376	32.4105	12.7777777778
-84.5837630518	35.0419	2.77777777778
-78.0762822781	45.4433	-2.77777777778
-66.7959402079	31.53556	8.33333333333
-55.5829935041	41.25306	-6.11111111111
-77.1364203764	31.61889	10.5555555556
-98.4619803024	40.97806	4.44444444444
-59.1581371962	39.4494	-4.44444444444
-66.7047045738	41.86778	-6.66666666667
-73.4316824162	31.33472	9.44444444444
-57.1243045065	42.805	-15.5555555556
-77.2076079717	32.97333	10.5555555556
-63.4061238562	40.35472	-6.11111111111
-65.0258578363	33.3644	6.11111111111
-66.1081504631	33.948	5.55555555556
-64.3852488146	35.19667	4.44444444444
-81.8872899182	40.16667	8.88888888889
-61.0939352135	36.98389	-1.11111111111
-64.6298713836	41.0375	-9.44444444444
-58.5567753642	42.7431	-13.8888888889
-77.7682390431	27.74111	13.8888888889
-73.3067213316	42.5544	-3.88888888889
-83.9854159626	37.4389	-8.33333333333
-93.8433389618	46.09472	1.66666666667
-80.4698293057	35.13	8.33333333333
-65.4569660414	31.5358	8.33333333333
-76.8968752689	39.29417	9.44444444444
-74.2728590959	41.99056	-0.555555555556
-68.1138270427	33.5872	5.55555555556
-65.6180167695	34.4977	5.55555555556
-66.9250663976	46.4794	-10.0
-66.6632756624	40.7075	-10.0
-62.1356557505	40.29639	-5.55555555556
-83.1822171073	39.57028	6.66666666667
-97.0149752115	38.2102	5.0
-64.876628073	26.1522	13.3333333333
-66.2960958694	45.0716	-12.2222222222
-74.006641449	31.4	9.44444444444
-58.0470220425	42.7	-15.0
-72.8963910505	30.0375	10.5555555556
-66.4389312048	42.22278	-6.66666666667
-70.1970063101	41.77	-7.22222222222
-60.3120696296	43.9922	-21.6666666667
-71.2607582694	30.34333	8.88888888889
-84.7861157548	39.23	-1.66666666667
-98.2825951786	46.1569	1.11111111111
-72.1308050771	46.54861	-3.33333333333
-66.9921840902	33.6301	6.66666666667
-77.5585398882	30.3208	10.5555555556
-77.0738009973	44.9047	-2.22222222222
-55.373841763	44.3155	-17.2222222222
-77.7464218263	40.89306	5.55555555556
-77.4946749443	30.1831	7.22222222222
-71.1064351776	44.9288	-5.55555555556
-65.4814013243	35.43194	2.22222222222
-60.0781890649	41.3336	-10.0
-93.9455942739	33.405	12.7777777778
-71.5877943833	35.135	5.0
-75.6812278791	45.8679	-4.44444444444
-67.8729173674	42.23472	-10.0
-81.8136111935	36.4701	9.44444444444
-81.5623561907	31.6219	11.6666666667
-76.8395237559	40.6954	5.0
-84.5091085025	35.8584	-7.77777777778
-87.8337350103	43.6615	-1.66666666667
-89.4912881442	31.9497	10.5555555556
-68.8601345299	34.1954	4.44444444444
-67.0150326664	31.3127	7.77777777778
-60.1251555826	39.8593	-5.55555555556
-87.4985432241	46.8847	-7.22222222222
-88.3904310492	40.5467	5.55555555556
-57.6895687615	42.15778	-11.6666666667
-77.7849629315	29.7089	8.88888888889
-79.0444351598	41.43333	7.22222222222
-88.9710546248	37.70639	-5.55555555556
-75.0512259916	48.71667	-3.88888888889
-57.6629041557	41.9381	-11.1111111111
-58.0170491533	41.15833	-6.66666666667
-56.5577153515	42.47	-12.2222222222
-68.568259836	42.1256	-9.44444444444
-62.3839912131	41.8	-15.5555555556
-82.1858525808	41.8705	5.55555555556
-97.0277720009	47.53028	-0.555555555556
-94.4520472457	35.4344	12.7777777778
-69.869089574	30.62639	8.88888888889
-80.4420619388	35.695	12.7777777778
-60.2789867953	42.2068	-15.0
-54.5973868488	44.7978	-16.1111111111
-82.7070857254	46.35833	-5.55555555556
-68.8194355036	33.56556	6.66666666667
-93.8997146502	37.3711	1.11111111111
-86.1123169326	45.8069	-2.22222222222
-79.9360611784	46.7825	-1.66666666667
-68.3050807325	42.74611	-8.33333333333
-64.9650631698	40.87306	-8.33333333333
-73.7554181803	31.15	9.44444444444
-93.463846325	44.8428	-7.22222222222
-64.8039648405	41.5175	-3.88888888889
-65.4155053958	28.47361	9.44444444444
-64.3592030244	37.7836	-3.88888888889
-64.4264000524	37.2958	-2.77777777778
-91.0088937488	33.6186	10.5555555556
-97.215312797	48.79389	-1.66666666667
-95.7658403772	39.2774	1.11111111111
-68.7176244694	39.13333	-6.11111111111
-70.5687796189	40.48333	-5.0
-56.4697880008	44.57611	-22.2222222222
-77.9353827248	30.7406	9.44444444444
-68.7750870518	36.1188	1.66666666667
-94.374457289	43.595	-7.22222222222
-92.2197889521	43.5666	-2.77777777778
-56.3364967061	42.3606	-10.5555555556
-87.3541529161	42.58444	-3.88888888889
-73.3616055157	36.36889	5.0
-74.5915253321	29.95056	12.2222222222
-74.6790084049	46.40472	-2.22222222222
-72.294545273	40.78333	-1.66666666667
-77.2908624712	25.9141	21.1111111111
-67.634252882	42.3075	-10.5555555556
-89.2527267948	45.9647	-3.33333333333
-72.3116975722	30.5372	9.44444444444
-58.033717507	44.4683	-18.3333333333
-62.4653099305	42.9408	-11.6666666667
-93.8993179735	34.20056	10.0
-63.0532958251	36.04667	1.66666666667
-70.9317387721	29.333	9.44444444444
-76.1826271901	36.7683	5.55555555556
-56.2626355101	42.58417	-12.2222222222
-68.5646104107	36.9647	0.555555555556
-60.8369521996	39.1666	-2.77777777778
-84.6675490981	44.38139	0.0
-90.2567154469	42.5416	2.22222222222
-76.0534930669	28.97306	11.6666666667
-88.1897919894	45.788	-2.77777777778
-69.7164801254	30.5485	8.33333333333
-88.2524669033	40.2816	-6.11111111111
-66.9959128509	31.1923	8.33333333333
-86.4498887789	40.2446	1.66666666667
-90.2448151468	38.5943	3.33333333333
-82.014408924	46.8946	-6.66666666667
-68.4787695792	34.3337	5.55555555556
-81.3207007632	38.5443	2.22222222222
-88.7310969735	34.6136	7.22222222222
-76.6102446406	40.8484	5.0
-81.0570694482	48.9676	-6.66666666667
-84.798285795	34.3557	3.88888888889
-64.3553155931	33.9419	5.55555555556
-85.3046594315	40.49278	-1.66666666667
-64.6054043665	40.91667	-7.77777777778
-81.8374911291	36.4486	10.0
-53.9617521526	46.8705	-18.8888888889
-96.8327419492	37.9917	6.11111111111
-89.7238200082	37.7086	5.55555555556
-74.2413471012	39.82333	4.44444444444
-81.7932220127	42.8374	1.11111111111
-79.5599323598	34.4272	10.5555555556
-58.9327137781	40.87639	-6.66666666667
-98.5635771312	41.78028	2.77777777778
-65.7581943712	34.67194	6.66666666667
-68.6429143853	30.77972	8.88888888889
-86.1791093503	37.30694	-1.11111111111
-75.8179147261	37.09111	6.11111111111
-71.0610553666	37.2252	0.555555555556
-67.594807354	35.03111	3.88888888889
-62.2409972071	38.13861	-1.11111111111
-63.5001600276	32.8986	8.33333333333
-72.7636709702	41.8833	-3.33333333333
-63.6498578694	39.29556	-8.33333333333
-69.3545047304	36.62389	0.555555555556
-64.9381764251	41.405	-7.22222222222
-76.4512724982	30.58917	11.6666666667
-97.9778126259	48.12028	-1.11111111111
-64.2260783339	35.2236	4.44444444444
-94.4751576285	34.21667	12.2222222222
-65.7537833266	39.99139	-8.33333333333
-70.2029564602	47.16861	-9.44444444444
-77.4715883621	39.5514	7.22222222222
-82.7134325521	32.3335	10.0
-93.3270008074	33.97528	8.88888888889
-75.7526852144	37.67028	6.11111111111
-87.0806681527	38.75	-4.44444444444
-56.7256365195	43.1952	-15.0
-83.0548918297	38.81	6.11111111111
-78.7151935236	28.45667	11.6666666667
-73.161696341	38.8169	2.77777777778
-84.4714242188	42.8977	0.0
-71.5265316384	38.57139	-0.555555555556
-83.8279194575	35.00278	-1.11111111111
-93.8466393117	34.0236	12.7777777778
-55.5294421536	41.6875	-7.22222222222
-62.4558610922	33.81167	5.55555555556
-64.6699595278	30.3361	8.88888888889
-77.3616295891	27.7742	15.0
-93.0440354715	33.12806	13.3333333333
-76.4783813819	32.03111	10.5555555556
-64.7296990344	38.3794	-2.77777777778
-67.3891781017	32.5161	7.77777777778
-78.6371830897	35.21	8.33333333333
-67.4995335513	35.9509	1.66666666667
-89.1532402859	48.6033	-11.1111111111
-65.9318514838	29.63333	8.33333333333
-64.2583122802	33.97056	6.11111111111
-82.2004423487	43.73306	1.11111111111
-67.1745522225	39.04306	-5.55555555556
-75.6969283417	30.35667	9.44444444444
-60.9703069625	40.21722	-5.0
-83.1566790633	41.15	5.0
-92.4040849331	32.6233	6.11111111111
-69.5853388183	34.4535	3.88888888889
-80.9372492932	45.03194	0.555555555556
-84.6775374166	39.4827	-2.22222222222
-85.4384426053	38.544	-1.11111111111
-81.9547487528	45.516	-2.77777777778
-64.8827368937	40.3667	-7.77777777778
-54.50385049	44.9281	-17.7777777778
-79.6153877582	44.0194	1.66666666667
-90.0900319101	43.4621	-2.77777777778
-82.7905464968	36.0609	3.88888888889
-77.0277865036	36.1181	6.11111111111
-64.2999395299	29.1828	10.5555555556
-92.6524045286	34.8536	8.88888888889
-76.8406344506	32.8519	11.1111111111
-62.9415599407	36.5728	0.0
-56.2663801379	43.27806	-14.4444444444
-66.8151155582	39.90611	-8.33333333333
-71.96001197	42.39778	-4.44444444444
-61.1152605513	38.8483	0.0
-68.9783283106	34.6525	3.88888888889
-79.3097880516	37.7686	7.22222222222
-58.1107045151	42.89139	-14.4444444444
-70.5017888629	39.83444	-2.77777777778
-83.0303772115	39.8328	7.77777777778
-74.8932138068	34.05	6.66666666667
-65.8562607776	42.40917	-6.66666666667
-93.1621578503	47.97417	-5.55555555556
-66.9819418986	41.3375	-7.22222222222
-76.9702683864	32.8978	10.5555555556
-83.6079860445	42.79722	3.33333333333
-67.7920429279	31.3167	10.5555555556
-81.3583850469	36.0167	6.66666666667
-81.5545019926	46.7994	-6.11111111111
-62.8908805293	42.49333	-13.8888888889
-73.1339289741	46.8369	-5.0
-89.2954092045	45.2575	-3.33333333333
-96.1275301651	45.6194	1.11111111111
-60.777926711	39.2814	-0.555555555556
-85.460466094	32.26222	8.33333333333
-73.927306115	38.70417	6.66666666667
-73.7545692922	31.1136	10.5555555556
-65.0856052763	33.46694	8.33333333333
-70.0105682751	41.91444	-7.22222222222
-92.0510426966	36.6206	7.22222222222
-85.4919780887	37.14306	-2.22222222222
-80.0707725756	29.3784	11.6666666667
-74.2999203783	41.5338	2.77777777778
-61.6541299407	42.57083	-12.2222222222
-74.3729088856	32.54278	8.88888888889
-77.1130640541	33.20611	9.44444444444
-68.6025882351	30.4	11.6666666667
-66.1107685291	42.2313	-6.11111111111
-86.9563655513	31.4583	13.3333333333
-62.5946979268	41.17833	-11.6666666667
-71.8709818581	41.61389	-2.77777777778
-88.9203672799	33.68833	13.3333333333
-75.8097590537	30.0675	10.5555555556
-58.2978089669	41.37139	-8.88888888889
-59.598686306	40.33	-7.22222222222
-92.6243991557	43.2044	0.555555555556
-81.8814429041	29.3483	13.8888888889
-88.9215811105	33.3471	13.3333333333
-84.0117552935	33.6476	3.88888888889
-82.257516188	30.38333	9.44444444444
-77.0411148397	36.1346	5.0
-64.0179817528	28.6159	9.44444444444
-85.9705446906	35.0461	0.0
-82.3678478371	37.8639	5.55555555556
-69.2963995317	34.6602	3.88888888889
-53.855442805	46.9601	-20.0
-83.2468040028	34.1373	9.44444444444
-62.250945858	37.9975	-2.22222222222
-95.3621028623	47.3977	-5.55555555556
-72.5821358588	44.86639	-3.33333333333
-60.4336906967	36.26056	1.66666666667
-68.0601963569	30.349	10.0
-90.9332078402	34.7675	11.6666666667
-85.5937891229	40.04417	0.0
-68.8485277706	33.17833	6.66666666667
-63.3514856116	38.8853	-9.44444444444
-91.8612725776	40.8288	1.11111111111
-73.6344317959	33.22083	6.66666666667
-61.0024774405	42.15944	-11.6666666667
-95.6231002442	47.03389	-5.55555555556
-84.3936200568	31.81111	9.44444444444
-91.1139337311	39.2952	4.44444444444
-61.8751661148	42.10944	-12.7777777778
-76.3164024304	38.32917	8.33333333333
-69.7659536397	42.595	-7.77777777778
-94.8179418062	47.3078	-5.55555555556
-63.9605905721	35.01694	3.88888888889
-63.6130542079	42.08	-10.0
-73.2229908201	31.39278	15.0
-75.1671428481	43.4075	-0.555555555556
-67.5372892368	31.95139	8.33333333333
-97.7574746027	44.1278	0.555555555556
-69.434681019	38.0441	-2.22222222222
-88.0864656504	41.27306	2.22222222222
-56.295028127	41.67639	-9.44444444444
-61.1262881628	35.0677	3.88888888889
-58.8425729715	40.6825	-5.55555555556
-68.4630849837	39.825	-6.66666666667
-94.9578100001	43.4711	-5.55555555556
-84.6836462374	32.6137	7.22222222222
-82.1255577269	39.7857	6.66666666667
-70.6642200257	32.3378	6.66666666667
-60.2369390683	37.2907	-0.555555555556
-87.259823204	37.601	2.77777777778
-69.9241006946	32.8369	6.66666666667
-73.8984835881	39.8668	3.88888888889
-66.1574177055	33.7837	6.11111111111
-76.8054174958	46.92528	-1.66666666667
-94.9797858877	36.78	11.1111111111
-62.5799336211	34.99139	3.88888888889
-74.1551333937	44.8321	-0.555555555556
-78.2167058193	34.21	8.88888888889
-66.378771221	41.01361	-8.88888888889
-67.0914643272	33.35528	5.55555555556
-67.3583404573	38.18472	-2.77777777778
-97.6007555838	48.52222	0.0
-62.2081603123	41.04667	-10.0
-56.9277274159	42.55194	-12.2222222222
-70.2009730768	43.77	-8.33333333333
-88.590832103	35.1441	1.66666666667
-63.5901262964	26.0719	15.5555555556
-63.2491430307	34.1852	5.55555555556
-85.8639735364	36.74361	0.0
-64.9450151309	26.585	13.3333333333
-75.8381849039	40.08028	4.44444444444
-66.4428662374	42.9666	-7.77777777778
-75.8952666768	38.95028	6.11111111111
-57.6230143498	40.84361	-6.11111111111
-63.767099626	27.49806	9.44444444444
-58.245574583	40.73417	-6.11111111111
-76.7600297512	43.5778	1.66666666667
-74.8628045732	35.333	8.88888888889
-81.6492839162	30.91194	13.8888888889
-77.2419839719	32.81917	10.5555555556
-67.0553270826	33.77917	5.55555555556
-93.5989464654	33.87194	13.3333333333
-54.1966085419	47.28556	-20.5555555556
-67.5987027189	40.9705	-10.0
-59.2024539138	41.20028	-8.33333333333
-74.7096080432	36.0097	3.33333333333
-60.6000727592	43.34972	-16.1111111111
-79.1519900722	36.2967	10.5555555556
-83.7320506398	44.33944	0.0
-79.9102930619	37.92722	6.11111111111
-88.9783217414	35.94611	-1.11111111111
-83.1504829737	31.83111	9.44444444444
-59.7864492411	38.68917	-2.77777777778
-93.2412313777	47.6216	-3.88888888889
-85.7473902631	44.51694	1.66666666667
-68.0723584636	39.57806	-5.0
-88.2076662402	47.51667	-5.0
-77.1011716875	47.9428	-4.44444444444
-58.4040548462	43.35	-13.8888888889
-75.1398197591	32.38472	9.44444444444
-84.5884438365	48.2138	-9.44444444444
-64.8599438522	28.06222	12.7777777778
-86.1105715552	39.1342	-2.22222222222
-63.6388381915	41.62639	-11.6666666667
-77.0297619534	32.66361	10.0
-80.6787430408	39.36722	7.22222222222
-72.1834758053	33.4825	7.22222222222
-75.2568631774	29.2733	14.4444444444
-65.3295614285	34.84611	5.55555555556
-71.6750632507	47.74722	-1.11111111111
-81.4412428697	32.67528	10.5555555556
-55.2136478565	45.46222	-21.1111111111
-85.6021113994	35.1663	-3.88888888889
-65.2735427491	29.6919	10.0
-77.2838809618	35.8517	10.0
-57.1606638901	41.3275	-7.77777777778
-90.6514087337	48.3042	-5.55555555556
-70.6725502358	30.4119	8.33333333333
-69.9234660119	44.4794	-8.33333333333
-65.1812519551	34.24861	5.55555555556
-77.9974229561	40.9611	5.55555555556
-77.6163991473	31.06667	10.0
-67.8506638062	42.8825	-8.88888888889
-68.063544308	41.52722	-9.44444444444
-63.4232047536	36.0969	2.77777777778
-65.2325977832	34.88472	5.0
-88.365440419	47.4733	-6.11111111111
-86.3120833036	35.5144	-1.66666666667
-80.5295529452	36.68167	8.33333333333
-66.5070326555	34.27194	5.0
-71.4705050255	33.4963	6.66666666667
-69.0567830224	31.41556	8.88888888889
-67.0579689492	39.36444	-4.44444444444
-70.8092132822	31.28194	8.88888888889
-78.5836317392	34.9894	7.77777777778
-78.8110623413	40.45	6.66666666667
-78.6801828407	29.3601	8.33333333333
-81.4414650087	46.01389	-2.77777777778
-57.63756445	41.73611	-9.44444444444
-61.6671330019	39.70778	-3.33333333333
-93.8808090401	33.92278	13.8888888889
-73.6540434904	47.38639	-4.44444444444
-56.7604647311	44.3675	-20.5555555556
-97.5416904277	45.54056	0.0
-94.9079794768	36.31889	10.0
-71.2675890416	35.94028	3.88888888889
-71.5774411222	32.33667	10.0
-64.5646022042	35.7425	3.33333333333
-79.2002418223	39.37556	6.11111111111
-63.9817413722	40.17639	-7.77777777778
-88.826696051	46.6056	-4.44444444444
-77.5238465466	31.13333	12.2222222222
-77.9256244788	44.3981	0.555555555556
-73.8294618475	34.29	6.66666666667
-75.5922453684	29.63806	12.2222222222
-58.4760913295	41.06694	-7.22222222222
-98.320438133	46.9727	-0.555555555556
-94.6161999853	45.82583	0.0
-77.4742619629	26.22806	20.5555555556
-73.9060997802	36.2668	4.44444444444
-59.9948869642	35.2326	5.55555555556
-78.0864372008	40.6005	6.11111111111
-68.8520502594	34.64389	5.0
-67.1762420652	44.3591	-12.2222222222
-65.4952850077	38.365	-1.66666666667
-69.2667995186	39.45194	-5.0
-53.7836443277	46.1236	-17.7777777778
-77.6380021588	38.06528	7.77777777778
-57.8253194515	41.26389	-6.66666666667
-87.0810806964	48.5428	-8.88888888889
-96.8803431497	37.6542	7.22222222222
-63.6595526472	25.99889	15.0
-57.8107772848	40.82167	-5.55555555556
-55.7568727557	41.66861	-8.33333333333
-72.5475377197	46.02611	-4.44444444444
-64.0203062781	41.77806	-12.7777777778
-61.456005811	38.9408	-3.33333333333
-62.6257735771	43.10833	-12.2222222222
-75.6541745302	29.98	11.1111111111
-79.2101587391	43.39056	7.22222222222
-77.2964159446	37.6475	8.88888888889
-88.9089033242	43.51639	1.11111111111
-81.3332595466	43.02056	1.66666666667
-90.3891261194	35.2577	6.11111111111
-62.7258233669	35.93333	1.66666666667
-57.2671081078	41.74194	-10.0
-59.9781472087	39.6728	-4.44444444444
-61.8019872027	34.2675	3.88888888889
-66.5002018833	39.42028	-7.22222222222
-80.6205664404	40.51	7.77777777778
-69.9058853019	45.81833	-8.88888888889
-68.4495741763	39.7318	-5.55555555556
-81.8754927541	31.7801	10.5555555556
-74.0976946119	48.5614	-5.0
-91.7777562715	36.58333	4.44444444444
-63.6445662026	36.13361	2.22222222222
-87.8407165197	35.0281	4.44444444444
-72.6259924315	41.63278	-3.33333333333
-91.6946763097	32.83417	11.1111111111
-61.0260876359	41.2433	-7.22222222222
-73.4195599772	40.09722	1.66666666667
-82.2204427864	48.1738	-6.66666666667
-57.9954540754	40.79389	-5.55555555556
-71.2724364305	44.35917	-5.55555555556
-81.1474879284	39.24472	7.77777777778
-55.3059862518	43.96361	-16.6666666667
-75.2810763213	38.83167	6.66666666667
-56.2864361103	43.99056	-20.0
-71.4634441808	32.3205	8.88888888889
-64.8118904404	30.495	8.88888888889
-71.9146162918	35.83111	3.33333333333
-79.1499987553	30.51083	7.77777777778
-84.8471563608	47.32583	-5.55555555556
-73.1121355578	38.59111	2.77777777778
-90.8043593242	42.72667	0.555555555556
-58.5195036243	40.63861	-5.55555555556
-66.0977892685	37.59139	-2.22222222222
-74.9736360349	37.1466	7.22222222222
-78.2794600685	46.9258	-2.77777777778
-62.5431299597	40.31611	-10.0
-67.0119385884	42.2667	-7.22222222222
-81.467915409	38.07	1.66666666667
-68.9717117437	40.41222	-7.22222222222
-67.1009448996	42.78028	-7.77777777778
-83.844199068	41.3167	2.22222222222
-91.3652680693	36.0719	10.0
-78.0796143621	34.5584	6.66666666667
-93.9241499331	33.938	13.3333333333
-80.7816965038	33.6656	9.44444444444
-79.8664047551	41.1213	4.44444444444
-62.7218566002	34.60806	4.44444444444
-75.7350489697	29.10972	10.5555555556
-73.9630070153	30.12472	11.1111111111
-57.3631911308	43.62639	-18.8888888889
-64.9040146303	28.82083	10.5555555556
-67.122294038	38.0408	-2.77777777778
-75.1737514814	31.23611	10.0
-72.97859039	30.205	10.0
-58.6131669197	40.77944	-5.55555555556
-93.7317617481	33.8116	12.2222222222
-88.7392129782	41.78722	1.66666666667
-65.5763815862	39.75556	-10.0
-82.2833001716	39.18944	5.55555555556
-73.1780394198	34.7273	6.11111111111
-90.6128517614	44.52278	-1.66666666667
-72.7946117504	33.6361	7.77777777778
-96.5702768637	42.14694	-2.77777777778
-86.2582146118	42.8154	2.22222222222
-76.7549522898	40.8508	2.77777777778
-71.5457069886	43.21194	-5.0
-60.5284488196	40.12028	-6.11111111111
-94.0672708757	40.0681	2.77777777778
-67.9615111349	38.22806	-1.66666666667
-66.7027211905	37.08722	0.0
-65.1973332273	41.34611	-6.11111111111
-78.9122148921	27.53333	15.0
-73.1075103078	34.91667	5.0
-72.3956343556	43.8788	-1.66666666667
-66.9740083652	39.10333	-3.88888888889
-75.5602970294	29.51889	11.6666666667
-96.6418611356	37.6927	6.11111111111
-87.6185775844	45.6983	-1.66666666667
-83.4147093037	35.65417	4.44444444444
-75.5364964292	39.00778	5.55555555556
-74.496513336	40.6306	3.33333333333
-56.426375706	42.71722	-12.2222222222
-92.8347171262	46.3747	-0.555555555556
-86.8387112509	47.0492	-6.11111111111
-69.5021636541	38.76417	-1.66666666667
-79.1535212441	40.78861	3.33333333333
-74.8698574844	38.95972	7.77777777778
-84.3468994785	39.22917	-1.11111111111
-62.8389000184	37.3208	-0.555555555556
-95.2901139803	36.98778	10.0
-81.0875342165	31.9475	12.2222222222
-67.5809236705	30.83556	8.88888888889
-79.6588476542	45.54639	-0.555555555556
-66.7049267128	43.53306	-9.44444444444
-71.7753113788	31.1827	9.44444444444
-95.6092165608	37.28472	8.88888888889
-75.1548379378	39.2972	6.66666666667
-79.804515261	40.20639	6.11111111111
-66.3661489694	32.6847	7.22222222222
-64.5194603992	28.4339	10.5555555556
-74.041207854	43.1544	-4.44444444444
-81.0022566659	32.03639	13.3333333333
-70.8065634821	37.77972	0.0
-60.9076399822	40.1962	-5.55555555556
-69.618516855	41.78611	-5.55555555556
-62.9653684744	34.79167	3.33333333333
-93.9526471851	45.51139	-5.55555555556
-70.4055075015	32.3347	7.22222222222
-71.3910903561	35.0564	6.11111111111
-65.4657563964	40.82028	-7.77777777778
-77.9500518281	26.18389	20.0
-71.5505543775	44.63806	-4.44444444444
-97.4810702989	42.3811	2.22222222222
-58.9183858167	41.50917	-8.88888888889
-68.5516787512	32.29972	7.22222222222
-63.4019349505	39.64278	-6.66666666667
-66.8212878472	39.59361	-6.66666666667
-77.7790921168	43.7743	2.22222222222
-76.7004489153	39.1346	6.11111111111
-97.0531196401	41.3325	0.555555555556
-56.6758377303	42.93333	-13.8888888889
-63.7192048848	25.7905	16.1111111111
-74.0601927995	45.06194	-1.66666666667
-67.747305733	40.23417	-8.88888888889
-59.5544171896	39.3667	-6.11111111111
-73.7153062354	42.11056	-2.77777777778
-75.0487665962	39.1208	7.77777777778
-69.7392493663	42.955	-6.66666666667
-68.4161502001	43.17111	-5.55555555556
-70.5423609527	35.593	3.33333333333
-75.6552772913	35.65667	7.77777777778
-63.9791074391	28.1011	10.0
-75.9897629931	34.8822	9.44444444444
-89.6621526531	38.41667	5.0
-71.8169862298	41.46528	-2.77777777778
-91.747347038	47.45694	-11.6666666667
-84.0022350534	46.4266	-3.33333333333
-54.497424328	45.6477	-17.7777777778
-73.0206381171	32.5155	8.33333333333
-57.778162529	41.50972	-9.44444444444
-97.6886829346	45.19472	1.66666666667
-65.8987924501	40.61611	-11.1111111111
-70.0099097919	30.68833	9.44444444444
-95.9564831849	37.6241	7.22222222222
-80.3455108373	48.2552	-3.88888888889
-57.5675430842	44.2035	-20.0
-61.8691842306	39.4019	-3.33333333333
-60.8189113446	34.73361	5.0
-96.6663598867	36.58806	8.88888888889
-69.4975146035	34.7441	5.0
-70.882312859	43.1405	-5.0
-90.5156659772	46.9208	-5.0
-73.9634592267	44.8831	-1.66666666667
-59.3791892374	44.93583	-20.5555555556
-71.60101165	29.9933	11.1111111111
-85.6019447952	38.50583	-0.555555555556
-70.0374550198	39.47806	-4.44444444444
-57.0606141004	41.07306	-5.55555555556
-91.9232096729	43.05	-1.66666666667
-57.6089085274	44.53444	-20.5555555556
-56.0226461247	41.39306	-7.22222222222
-94.6622620803	47.20778	-3.88888888889
-77.7964506879	32.78167	11.1111111111
-92.9329660038	32.81583	13.3333333333
-96.4462043348	39.10194	7.22222222222
-80.4773185613	47.64583	-4.44444444444
-60.6650880654	38.98333	0.0
-64.0368397617	32.48333	7.77777777778
-61.3923233384	34.7	3.33333333333
-69.0400353334	30.70444	10.5555555556
-64.9621991643	30.35028	8.88888888889
-71.4246492024	30.0494	10.5555555556
-93.1000144832	33.3	8.88888888889
-68.9897843328	30.50694	10.0
-94.1842666928	39.41667	4.44444444444
-77.3122830114	32.76667	11.6666666667
-77.1800548102	27.68333	16.1111111111
-60.519634664	36.95	1.66666666667
-60.6254203984	38.3	-2.77777777778
-93.3722140142	35.6875	6.66666666667
-64.790525435	30.23333	11.1111111111
-91.7777562715	32.81667	11.1111111111
-61.1146496693	34.68333	3.33333333333
-60.9956466682	34.9	3.33333333333
-92.9281186149	32.86667	12.7777777778
-95.1627331679	36.33333	10.5555555556
-70.264663483	32.55	7.22222222222
-69.2729718076	30.35	8.33333333333
-77.6031818807	27.5	14.4444444444
-64.5921870999	30.4	10.5555555556
-92.9149013483	32.56667	15.5555555556
-69.0349658055	30.71667	11.1111111111
-94.5016080289	34.11667	12.2222222222
-60.321296329	36.81667	-1.66666666667
-96.8272360771	37.40583	7.77777777778
-97.3180123869	48.35	-0.555555555556
-58.6836880981	40.77889	-6.11111111111
-61.3262132045	38.5	0.0
-90.9315179976	32.65	12.7777777778
-92.9810114821	32.7	15.0
-96.9643037337	37.72139	6.66666666667
-81.2288066458	31.92056	12.7777777778
-78.5009881217	41.62333	7.22222222222
-77.3005413819	41.9855	6.11111111111
-61.4328716276	37.70806	-1.66666666667
-64.1490119905	33.46167	6.11111111111
-88.8646104072	41.19611	2.22222222222
-75.1616369759	38.85	7.22222222222
-93.0995702053	33.21944	9.44444444444
-77.4317620244	35.3889	7.22222222222
-83.7578346234	48.09444	-9.44444444444
-97.5057435878	46.9733	-2.77777777778
-87.9399094879	31.42083	13.3333333333
-76.0818713159	41.3102	4.44444444444
-94.8190525009	48.4609	-10.0
-92.8324798698	44.02056	-2.22222222222
-93.2985749572	34.05611	10.5555555556
-63.6906282975	25.90694	16.1111111111
-66.8301020028	36.0236	2.77777777778
-69.7624232174	41.995	-7.77777777778
-57.3523935919	42.57	-13.8888888889
-60.4473522412	36.90333	1.66666666667
-57.0207639621	42.2706	-13.3333333333
-64.5258548271	28.54528	11.6666666667
-70.256944155	43.98444	-8.88888888889
-65.9102564059	40.07806	-8.33333333333
-73.3428189086	41.1077	-2.22222222222
-96.4863083461	39.49	8.33333333333
-71.9392975143	43.15611	-4.44444444444
-69.1539688066	37.75	-2.22222222222
-56.4658212341	42.19083	-10.0
-59.5997890672	38.30833	-2.77777777778
-94.5732240349	34.20083	13.3333333333
-78.1871930751	37.2839	7.77777777778
-68.7440669362	46.41667	-5.0
-65.6841507039	44.02194	-7.77777777778
-69.7225334114	47.46667	-6.11111111111
-87.6029564572	44.54444	-5.0
-92.0333509172	39.6013	-1.66666666667
-91.7087821321	46.14417	-0.555555555556
-72.612108748	29.56222	11.6666666667
-97.0114685897	47.90778	-1.66666666667
-70.4294667724	37.0563	0.0
-72.9367172007	34.175	7.22222222222
-58.2850280446	44.65	-17.2222222222
-63.5471265453	26.6847	12.2222222222
-66.881447831	33.875	5.55555555556
-94.2937732543	45.6983	-0.555555555556
-97.2724977058	45.5958	1.11111111111
-61.1329443973	42.6425	-14.4444444444
-82.1206627368	31.3825	11.1111111111
-88.417468531	36.92611	3.88888888889
-65.0481431316	26.91722	11.6666666667
-64.5976929721	40.47194	-8.88888888889
-60.6860246601	37.13194	-1.11111111111
-59.6848444788	39.8683	-4.44444444444
-80.6055799958	44.05111	3.33333333333
-88.8585888553	33.4277	14.4444444444
-71.1510216353	40.6675	-2.22222222222
-65.6004043253	27.91056	12.2222222222
-89.3086582053	42.9202	2.77777777778
-77.2296393939	26.16583	20.5555555556
-79.5618364078	44.3813	-0.555555555556
-63.6383621795	40.4846	-7.77777777778
-64.4758259655	39.2	-6.11111111111
-75.4223408171	46.90056	-5.0
-67.2705717773	45.5644	-13.8888888889
-93.6820264271	34.62944	7.77777777778
-63.5542111907	26.25	14.4444444444
-77.0361484478	36.73667	7.22222222222
-59.5103146775	40.08194	-5.55555555556
-69.1700500788	30.47806	10.5555555556
-73.927306115	31.05	10.0
-71.6594183229	36.7725	1.11111111111
-58.6162768647	41.6266	-9.44444444444
-75.7685522812	37.32778	5.55555555556
-70.2371103215	30.46361	7.77777777778
-95.7008647387	35.6697	7.22222222222
-89.1894409988	34.65167	6.11111111111
-94.5016080289	46.26667	0.0
-58.1442078267	42.42722	-16.1111111111
-92.4298530496	33.82806	12.7777777778
-76.3631230086	28.72472	12.2222222222
-66.1799965416	42.665	-6.66666666667
-82.9040753598	38.2901	6.11111111111
-87.867627065	39.60917	-2.77777777778
-92.9085069204	46.74389	-5.55555555556
-56.6712124804	41.7219	-8.88888888889
-77.4685260182	35.53417	8.33333333333
-69.7395032394	42.12083	-5.0
-55.7728984931	43.6497	-14.4444444444
-56.1134374809	41.90972	-9.44444444444
-69.6672208165	42.76111	-6.66666666667
-93.1703135227	33.95194	11.1111111111
-76.8505989685	32.68083	11.6666666667
-97.8638791527	43.23889	2.22222222222
-96.9903019226	40.1519	7.22222222222
-97.0260028229	40.5175	4.44444444444
-60.2684113953	40.36667	-6.11111111111
-96.1061889602	44.2558	-4.44444444444
-62.5018835195	35.8923	2.77777777778
-93.5081471756	42.59056	-0.555555555556
-70.6822291466	42.1927	-6.11111111111
-70.9910816019	45.6314	-7.22222222222
-61.342238942	37.505	-0.555555555556
-85.4597996772	39.52778	-4.44444444444
-86.0462226658	43.06417	2.77777777778
-76.9920776697	28.08361	13.8888888889
-86.5174824834	41.5944	2.22222222222
-59.8281002914	43.23389	-18.8888888889
-67.5628510814	34.34778	4.44444444444
-92.7555642634	33.0375	10.0
-95.0208022554	39.4838	5.0
-96.9592342058	47.49333	-0.555555555556
-63.4477193718	37.3169	0.0
-61.6250694078	43.1167	-12.2222222222
-82.9120088932	33.3075	8.88888888889
-86.5242180533	35.6575	-2.22222222222
-78.3905850709	38.87611	8.33333333333
-61.4594965657	39.645	-5.55555555556
-73.3785198089	43.9041	-2.77777777778
-64.8606023355	26.53611	13.8888888889
-82.9071853048	36.74139	5.55555555556
-73.8570070755	35.25778	5.55555555556
-76.14957609	36.03944	7.22222222222
-75.4322577338	44.54833	-1.66666666667
-61.7967193365	35.855	1.11111111111
-85.0474780792	41.8	3.88888888889
-88.7004259334	43.83389	1.11111111111
-61.4319910054	39.73333	-4.44444444444
-96.3884640787	38.5069	7.77777777778
-86.9795156018	32.85472	12.7777777778
-84.1659752493	35.61694	1.11111111111
-92.9676038107	32.7336	13.8888888889
-78.1325310299	29.5443	9.44444444444
-64.4282247651	32.13	8.33333333333
-95.0774476839	34.4258	10.5555555556
-69.6965352225	43.76944	-8.33333333333
-68.4793249266	41.7072	-10.0
-95.7112497339	35.23722	10.0
-59.9063328643	38.34056	-2.22222222222
-96.1748933595	37.8891	6.66666666667
-68.0214013786	38.1811	-1.66666666667
-88.7846165899	33.62278	13.3333333333
-92.8060294694	32.57222	12.2222222222
-97.0380617937	47.4444	-1.11111111111
-60.9804460182	40.82056	-6.66666666667
-71.7414034571	38.92861	-1.11111111111
-64.4548893708	28.77972	11.1111111111
-93.0773166441	47.68306	-2.22222222222
-97.0784434787	37.6197	8.88888888889
-74.0910304438	37.2397	4.44444444444
-75.8893165267	29.62222	11.1111111111
-97.6941650061	47.238	-1.66666666667
-84.8640547869	44.7694	2.77777777778
-74.4359011408	32.4472	10.5555555556
-97.1633322861	41.7806	-1.66666666667
-96.7288126617	37.3591	8.33333333333
-86.7763298778	34.51833	2.77777777778
-79.7280439326	31.35167	10.5555555556
-88.8312975004	40.7781	2.77777777778
-97.5833335445	44.905	2.22222222222
-58.8721095164	44.38528	-22.7777777778
-77.4709536794	38.8	7.77777777778
-96.4636105071	38.69556	7.22222222222
-93.9738059186	34.01583	12.2222222222
-59.2392496417	40.62389	-6.66666666667
-95.5582991434	34.8994	11.1111111111
-93.5096942146	33.68	13.3333333333
-80.0894639803	32.69333	11.6666666667
-96.4781923415	36.6636	8.33333333333
-91.1778938774	44.17083	-7.22222222222
-81.7045251092	41.0993	7.22222222222
-97.4722720104	45.77278	-0.555555555556
-81.4090723918	37.28333	4.44444444444
-65.5517717656	27.7629	13.8888888889
-71.1510216353	39.8447	-1.11111111111
-78.1395918746	33.9786	9.44444444444
-75.5285628958	43.16444	-0.555555555556
-72.7798077771	35.21194	5.0
-65.4981490133	27.40139	11.6666666667
-78.1230901252	29.3389	9.44444444444
-64.571663049	31.1522	10.5555555556
-74.6159130137	45.5433	-1.66666666667
-75.3077171265	39.7736	3.88888888889
-71.6981974341	38.7525	0.555555555556
-73.8259393587	44.93194	-2.22222222222
-97.4318823918	38.5038	6.66666666667
-71.9221055474	38.65722	0.0
-76.4626809193	42.3913	2.77777777778
-77.0261997969	36.1624	8.33333333333
-97.871320807	42.6003	-4.44444444444
-60.3772039389	43.1111	-15.0
-82.7767262816	37.26222	7.77777777778
-56.3448348497	41.87556	-9.44444444444
-82.1938337154	35.18222	8.88888888889
-69.5105255983	33.2119	6.66666666667
-85.1014737076	33.23667	8.88888888889
-66.226272842	41.56306	-5.55555555556
-58.7568511431	40.85	-5.55555555556
-60.9883795516	39.91806	-5.55555555556
-97.2461663084	47.2675	0.0
-76.6302212777	33.18028	9.44444444444
-66.9219961202	30.39306	8.33333333333
-63.8118368208	25.6475	14.4444444444
-68.2380820429	31.86056	7.22222222222
-66.4841126775	41.58861	-6.11111111111
-75.865285854	39.0725	6.66666666667
-82.6344145594	42.0613	5.0
-65.4836227136	27.9619	12.7777777778
-92.8939012854	38.0511	0.0
-76.3029630248	41.76361	2.22222222222
-65.3758059947	36.4731	0.0
-76.3739205476	32.71	10.5555555556
-92.1554797304	33.62667	10.5555555556
-97.1135017628	45.55111	1.66666666667
-59.3553886372	40.27694	-5.0
-76.0724304112	36.1994	8.88888888889
-70.427007377	34.2622	5.55555555556
-88.0266785427	32.1313	13.8888888889
-67.8971622455	44.74083	-8.33333333333
-95.1981960622	38.8983	3.33333333333
-72.2171933223	32.35	8.88888888889
-90.8285962687	42.48194	2.77777777778
-74.5810848021	33.4536	9.44444444444
-75.6878920471	32.35417	11.1111111111
-66.630414967	35.8181	2.22222222222
-97.3988868264	45.24861	1.11111111111
-69.7093161448	42.41667	-7.22222222222
-98.8161253	47.9375	-1.11111111111
-72.3474302066	39.93694	-1.11111111111
-97.7417900072	39.12583	3.88888888889
-72.9111553561	36.87806	1.11111111111
-75.8335596539	30.74389	12.2222222222
-56.5528679626	41.53333	-8.33333333333
-64.3072383807	34.98694	3.33333333333
-59.3758888875	39.94917	-4.44444444444
-96.7553899986	38.3775	5.55555555556
-76.8999772804	28.8614	11.1111111111
-86.8823298176	40.44278	-5.55555555556
-91.3909965181	36.21167	8.88888888889
-72.8047111384	38.13111	1.66666666667
-66.0678243128	30.7825	9.44444444444
-94.0037788078	34.20972	11.1111111111
-67.3149281626	34.12306	3.88888888889
-69.0263658553	41.4525	-8.33333333333
-63.660814079	27.653	10.0
-57.5322229935	43.34361	-16.6666666667
-65.4218998238	40.02278	-10.0
-79.7716783663	42.8783	7.22222222222
-97.3105151978	45.62083	1.11111111111
-59.8750112745	37.9372	-2.22222222222
-93.7835677212	34.7411	4.44444444444
-76.9845804806	37.16806	8.33333333333
-93.463370313	40.9017	3.33333333333
-85.6431515677	43.96583	1.11111111111
-56.9618892107	41.34972	-7.77777777778
-96.6214005529	36.93583	-2.22222222222
-74.8132199895	36.28333	4.44444444444
-66.2714463812	42.23333	-5.55555555556
-95.6330330281	46.5683	-4.44444444444
-64.0029001058	41.25444	-9.44444444444
-64.9694662809	39.94444	-7.22222222222