Extraction [ img/sample.png ] effectuee 2026-03-25 21:34:51.676945
Calibration: -1.0900552854193033*x + 932.6392459868115 [Largeur 700]

pixel, longueur d'onde, intensite, r, g, b
0, 932.6392459868115, 1.2832049999999988, 1.2833333333333334, 1.2833333333333334, 1.2833333333333334
1, 931.5491907013921, 1.2665399999999989, 1.2666666666666666, 1.2666666666666666, 1.2666666666666666
2, 930.4591354159729, 1.216544999999999, 1.2166666666666666, 1.2166666666666666, 1.2166666666666666
3, 929.3690801305536, 1.0165649999999986, 1.0166666666666666, 1.0166666666666666, 1.0166666666666666
4, 928.2790248451342, 1.0165649999999986, 1.0166666666666666, 1.0166666666666666, 1.0166666666666666
5, 927.188969559715, 0.9998999999999986, 1.0, 1.0, 1.0
6, 926.0989142742957, 0.9998999999999986, 1.0, 1.0, 1.0
7, 925.0088589888763, 0.9998999999999986, 1.0, 1.0, 1.0
8, 923.9188037034571, 1.4331899999999984, 1.4333333333333333, 1.4333333333333333, 1.4333333333333333
9, 922.8287484180378, 1.4331899999999984, 1.4333333333333333, 1.4333333333333333, 1.4333333333333333
10, 921.7386931326184, 1.4331899999999984, 1.4333333333333333, 1.4333333333333333, 1.4333333333333333
11, 920.6486378471991, 1.4331899999999984, 1.4333333333333333, 1.4333333333333333, 1.4333333333333333
12, 919.5585825617799, 1.4331899999999984, 1.4333333333333333, 1.4333333333333333, 1.4333333333333333
13, 918.4685272763605, 1.4331899999999984, 1.4333333333333333, 1.4333333333333333, 1.4333333333333333
14, 917.3784719909412, 1.4331899999999984, 1.4333333333333333, 1.4333333333333333, 1.4333333333333333
15, 916.288416705522, 1.4331899999999984, 1.4333333333333333, 1.4333333333333333, 1.4333333333333333
16, 915.1983614201026, 1.4331899999999984, 1.4333333333333333, 1.4333333333333333, 1.4333333333333333
17, 914.1083061346833, 1.4331899999999984, 1.4333333333333333, 1.4333333333333333, 1.4333333333333333
18, 913.0182508492641, 1.4331899999999984, 1.4333333333333333, 1.4333333333333333, 1.4333333333333333
19, 911.9281955638447, 1.4331899999999984, 1.4333333333333333, 1.4333333333333333, 1.4333333333333333
20, 910.8381402784254, 1.4331899999999984, 1.4333333333333333, 1.4333333333333333, 1.4333333333333333
21, 909.7480849930062, 1.4331899999999984, 1.4333333333333333, 1.4333333333333333, 1.4333333333333333
22, 908.6580297075868, 1.4331899999999984, 1.4333333333333333, 1.4333333333333333, 1.4333333333333333
23, 907.5679744221675, 1.4331899999999984, 1.4333333333333333, 1.4333333333333333, 1.4333333333333333
24, 906.4779191367483, 1.9997999999999971, 2.0, 2.0, 2.0
25, 905.3878638513289, 1.9997999999999971, 2.0, 2.0, 2.0
26, 904.2978085659096, 1.9997999999999971, 2.0, 2.0, 2.0
27, 903.2077532804904, 1.9997999999999971, 2.0, 2.0, 2.0
28, 902.117697995071, 1.9997999999999971, 2.0, 2.0, 2.0
29, 901.0276427096517, 1.9997999999999971, 2.0, 2.0, 2.0
30, 899.9375874242323, 1.9997999999999971, 2.0, 2.0, 2.0
31, 898.8475321388131, 1.9997999999999971, 2.0, 2.0, 2.0
32, 897.7574768533938, 1.9997999999999971, 2.0, 2.0, 2.0
33, 896.6674215679744, 1.9997999999999971, 2.0, 2.0, 2.0
34, 895.5773662825552, 1.9997999999999971, 2.0, 2.0, 2.0
35, 894.4873109971359, 1.9997999999999971, 2.0, 2.0, 2.0
36, 893.3972557117165, 1.9997999999999971, 2.0, 2.0, 2.0
37, 892.3072004262973, 1.9997999999999971, 2.0, 2.0, 2.0
38, 891.217145140878, 1.9997999999999971, 2.0, 2.0, 2.0
39, 890.1270898554586, 1.9997999999999971, 2.0, 2.0, 2.0
40, 889.0370345700394, 1.9997999999999971, 2.0, 2.0, 2.0
41, 887.94697928462, 1.9997999999999971, 2.0, 2.0, 2.0
42, 886.8569239992007, 1.9997999999999971, 2.0, 2.0, 2.0
43, 885.7668687137815, 1.9997999999999971, 2.0, 2.0, 2.0
44, 884.6768134283622, 1.9997999999999971, 2.0, 2.0, 2.0
45, 883.5867581429428, 1.9997999999999971, 2.0, 2.0, 2.0
46, 882.4967028575236, 1.9997999999999971, 2.0, 2.0, 2.0
47, 881.4066475721042, 1.9997999999999971, 2.0, 2.0, 2.0
48, 880.3165922866849, 1.9997999999999971, 2.0, 2.0, 2.0
49, 879.2265370012656, 1.9997999999999971, 2.0, 2.0, 2.0
50, 878.1364817158463, 1.9997999999999971, 2.0, 2.0, 2.0
51, 877.046426430427, 1.9997999999999971, 2.0, 2.0, 2.0
52, 875.9563711450077, 1.9997999999999971, 2.0, 2.0, 2.0
53, 874.8663158595884, 1.9997999999999971, 2.0, 2.0, 2.0
54, 873.7762605741691, 1.9997999999999971, 2.0, 2.0, 2.0
55, 872.6862052887498, 1.9997999999999971, 2.0, 2.0, 2.0
56, 871.5961500033305, 1.9997999999999971, 2.0, 2.0, 2.0
57, 870.5060947179112, 1.9997999999999971, 2.0, 2.0, 2.0
58, 869.4160394324919, 1.9997999999999971, 2.0, 2.0, 2.0
59, 868.3259841470726, 1.9997999999999971, 2.0, 2.0, 2.0
60, 867.2359288616533, 1.9997999999999971, 2.0, 2.0, 2.0
61, 866.145873576234, 1.9997999999999971, 2.0, 2.0, 2.0
62, 865.0558182908147, 1.9997999999999971, 2.0, 2.0, 2.0
63, 863.9657630053954, 1.9997999999999971, 2.0, 2.0, 2.0
64, 862.875707719976, 1.9997999999999971, 2.0, 2.0, 2.0
65, 861.7856524345568, 1.9997999999999971, 2.0, 2.0, 2.0
66, 860.6955971491375, 1.9997999999999971, 2.0, 2.0, 2.0
67, 859.6055418637181, 1.9997999999999971, 2.0, 2.0, 2.0
68, 858.5154865782988, 1.9997999999999971, 2.0, 2.0, 2.0
69, 857.4254312928796, 1.9997999999999971, 2.0, 2.0, 2.0
70, 856.3353760074602, 1.9997999999999971, 2.0, 2.0, 2.0
71, 855.245320722041, 1.9997999999999971, 2.0, 2.0, 2.0
72, 854.1552654366217, 1.9997999999999971, 2.0, 2.0, 2.0
73, 853.0652101512023, 1.9997999999999971, 2.0, 2.0, 2.0
74, 851.975154865783, 1.9997999999999971, 2.0, 2.0, 2.0
75, 850.8850995803638, 1.9997999999999971, 2.0, 2.0, 2.0
76, 849.7950442949444, 1.9997999999999971, 2.0, 2.0, 2.0
77, 848.7049890095251, 1.9997999999999971, 2.0, 2.0, 2.0
78, 847.6149337241059, 1.9997999999999971, 2.0, 2.0, 2.0
79, 846.5248784386865, 1.9997999999999971, 2.0, 2.0, 2.0
80, 845.4348231532672, 1.9997999999999971, 2.0, 2.0, 2.0
81, 844.344767867848, 1.9997999999999971, 2.0, 2.0, 2.0
82, 843.2547125824286, 1.9997999999999971, 2.0, 2.0, 2.0
83, 842.1646572970093, 1.9997999999999971, 2.0, 2.0, 2.0
84, 841.0746020115901, 1.9997999999999971, 2.0, 2.0, 2.0
85, 839.9845467261707, 1.9997999999999971, 2.0, 2.0, 2.0
86, 838.8944914407514, 1.9997999999999971, 2.0, 2.0, 2.0
87, 837.804436155332, 1.9997999999999971, 2.0, 2.0, 2.0
88, 836.7143808699128, 1.9997999999999971, 2.0, 2.0, 2.0
89, 835.6243255844935, 1.9997999999999971, 2.0, 2.0, 2.0
90, 834.5342702990743, 1.9997999999999971, 2.0, 2.0, 2.0
91, 833.4442150136549, 1.9997999999999971, 2.0, 2.0, 2.0
92, 832.3541597282356, 1.9997999999999971, 2.0, 2.0, 2.0
93, 831.2641044428162, 1.9997999999999971, 2.0, 2.0, 2.0
94, 830.174049157397, 1.9997999999999971, 2.0, 2.0, 2.0
95, 829.0839938719777, 1.9997999999999971, 2.0, 2.0, 2.0
96, 827.9939385865583, 1.9997999999999971, 2.0, 2.0, 2.0
97, 826.9038833011391, 1.9997999999999971, 2.0, 2.0, 2.0
98, 825.8138280157198, 1.9997999999999971, 2.0, 2.0, 2.0
99, 824.7237727303004, 1.9997999999999971, 2.0, 2.0, 2.0
100, 823.6337174448812, 1.9997999999999971, 2.0, 2.0, 2.0
101, 822.5436621594619, 1.9997999999999971, 2.0, 2.0, 2.0
102, 821.4536068740425, 1.667166666666668, 2.0, 1.4333333333333333, 2.0
103, 820.3635515886233, 1.667166666666668, 2.0, 1.4333333333333333, 2.0
104, 819.273496303204, 1.8116349999999974, 2.4833333333333334, 1.4333333333333333, 2.0
105, 818.1834410177846, 1.8215983333333305, 2.5166666666666666, 1.4333333333333333, 2.0
106, 817.0933857323653, 1.8215983333333305, 2.5166666666666666, 1.4333333333333333, 2.0
107, 816.003330446946, 1.8215983333333305, 2.5166666666666666, 1.4333333333333333, 2.0
108, 814.9132751615267, 1.8215983333333305, 2.5166666666666666, 1.4333333333333333, 2.0
109, 813.8232198761075, 1.8413449999999971, 2.55, 1.45, 2.0
110, 812.7331645906881, 2.146761666666666, 3.05, 1.6833333333333333, 2.1666666666666665
111, 811.6431093052688, 2.156725, 3.0833333333333335, 1.6833333333333333, 2.1666666666666665
112, 810.5530540198495, 2.2903033333333336, 3.466666666666667, 1.6833333333333333, 2.3333333333333335
113, 809.4629987344302, 2.3676466666666682, 3.7, 1.6833333333333333, 2.4
114, 808.3729434490109, 2.443090000000003, 3.933333333333333, 1.6833333333333333, 2.45
115, 807.2828881635916, 2.9927266666666648, 4.733333333333333, 2.066666666666667, 3.2
116, 806.1928328781723, 3.084296666666664, 5.033333333333333, 2.066666666666667, 3.216666666666667
117, 805.102777592753, 3.109024999999997, 5.083333333333333, 2.0833333333333335, 3.216666666666667
118, 804.0127223073337, 3.198334999999998, 5.316666666666666, 2.1166666666666667, 3.216666666666667
119, 802.9226670219144, 3.2033166666666646, 5.333333333333333, 2.1166666666666667, 3.216666666666667
120, 801.8326117364951, 3.2071166666666646, 5.333333333333333, 2.1166666666666667, 3.25
121, 800.7425564510758, 3.220879999999998, 5.366666666666666, 2.1166666666666667, 3.283333333333333
122, 799.6525011656565, 3.2446066666666646, 5.433333333333334, 2.1166666666666667, 3.316666666666667
123, 798.5624458802372, 3.8551266666666657, 6.233333333333333, 2.6166666666666667, 4.0
124, 797.4723905948179, 3.9841100000000003, 6.566666666666666, 2.6666666666666665, 4.0
125, 796.3823353093985, 4.063816666666668, 6.833333333333333, 2.6666666666666665, 4.0
126, 795.2922800239793, 4.587826666666669, 7.566666666666666, 3.05, 4.7
127, 794.20222473856, 4.604671666666669, 7.616666666666666, 3.05, 4.716666666666667
128, 793.1121694531407, 4.589726666666668, 7.566666666666666, 3.05, 4.716666666666667
129, 792.0221141677214, 4.360289999999998, 7.1, 2.9, 4.7
130, 790.932058882302, 4.366991666666665, 7.083333333333333, 2.9166666666666665, 4.716666666666667
131, 789.8420035968827, 4.318684999999994, 6.65, 3.0, 5.0
132, 788.7519483114635, 4.453189999999993, 7.1, 3.0, 5.0
133, 787.6618930260441, 4.732163333333328, 8.033333333333333, 3.0, 5.0
134, 786.5718377406249, 4.573708333333334, 8.583333333333334, 2.45, 5.0
135, 785.4817824552056, 4.539794999999997, 9.55, 1.9, 5.0
136, 784.3917271697862, 4.515845000000001, 10.55, 1.35, 5.0
137, 783.3016718843669, 4.446378333333334, 11.55, 0.9166666666666666, 4.0
138, 782.2116165989477, 4.456521666666669, 11.616666666666667, 0.9, 4.0
139, 781.1215613135283, 4.631458333333332, 12.583333333333334, 0.9, 3.0
140, 780.031506028109, 4.785889999999999, 13.1, 0.9, 3.0
141, 778.9414507426898, 4.800655, 13.116666666666667, 0.9166666666666666, 3.0
142, 777.8513954572704, 5.039896666666664, 13.033333333333333, 1.3666666666666667, 3.0
143, 776.7613401718511, 5.029933333333331, 13.0, 1.3666666666666667, 3.0
144, 775.6712848864317, 4.905211666666664, 12.55, 1.3833333333333333, 3.0
145, 774.5812296010125, 4.737971666666662, 12.116666666666667, 1.4, 2.5833333333333335
146, 773.4911743155932, 4.745854999999994, 12.116666666666667, 1.4166666666666667, 2.566666666666667
147, 772.401119030174, 5.151801666666669, 12.15, 2.1333333333333333, 2.35
148, 771.3110637447546, 5.326621666666671, 12.616666666666667, 2.2, 2.316666666666667
149, 770.2210084593353, 5.36901666666667, 12.666666666666666, 2.25, 2.3
150, 769.1309531739159, 5.7029683333333345, 13.15, 2.6666666666666665, 1.8166666666666667
151, 768.0408978884967, 5.910430000000002, 13.866666666666667, 2.716666666666667, 1.5
152, 766.9508426030774, 6.187711666666664, 14.883333333333333, 2.716666666666667, 1.2666666666666666
153, 765.8607873176582, 6.113843333333329, 15.9, 2.066666666666667, 1.3
154, 764.7707320322388, 6.502593333333329, 17.233333333333334, 2.05, 1.3
155, 763.6806767468195, 6.7167850000000024, 19.316666666666666, 1.2666666666666666, 1.75
156, 762.5906214614001, 7.162485000000001, 21.15, 0.95, 2.4833333333333334
157, 761.5005661759809, 8.069959999999996, 23.9, 0.95, 3.2333333333333334
158, 760.4105108905616, 9.357855000000004, 26.95, 1.4, 4.216666666666667
159, 759.3204556051422, 10.360333333333339, 29.333333333333332, 1.7, 5.216666666666667
160, 758.230400319723, 11.692956666666664, 32.266666666666666, 2.25, 6.383333333333334
161, 757.1403450343037, 13.200573333333331, 35.1, 3.1166666666666667, 7.716666666666667
162, 756.0502897488843, 14.293740000000005, 38.6, 3.2, 7.7
163, 754.960234463465, 15.775586666666658, 42.63333333333333, 3.9166666666666665, 6.433333333333334
164, 753.8701791780458, 17.08476, 47.233333333333334, 4.183333333333334, 4.483333333333333
165, 752.7801238926264, 18.117905000000007, 51.11666666666667, 4.166666666666667, 3.45
166, 751.6900686072072, 18.78822333333334, 55.6, 3.216666666666667, 2.466666666666667
167, 750.6000133217879, 19.804571666666675, 59.45, 3.1333333333333333, 1.7166666666666666
168, 749.5099580363685, 20.929066666666685, 63.166666666666664, 3.15, 1.75
169, 748.4199027509492, 22.122570000000007, 66.3, 3.4, 2.716666666666667
170, 747.32984746553, 23.249238333333356, 69.78333333333333, 3.4, 3.466666666666667
171, 746.2397921801106, 24.499058333333288, 73.58333333333333, 3.4, 4.466666666666667
172, 745.1497368946914, 25.87587666666665, 77.56666666666666, 3.4, 6.1
173, 744.059681609272, 27.250248333333328, 82.01666666666667, 3.433333333333333, 6.316666666666666
174, 742.9696263238527, 28.61593166666668, 86.18333333333334, 3.466666666666667, 7.2
175, 741.8795710384334, 30.07455666666669, 90.93333333333334, 3.5166666666666666, 7.283333333333333
176, 740.7895157530141, 31.333168333333337, 94.98333333333333, 3.55, 7.533333333333333
177, 739.6994604675948, 33.123285, 98.98333333333333, 4.433333333333334, 8.2
178, 738.6094051821755, 34.135101666666614, 102.31666666666666, 4.45, 8.25
179, 737.5193498967562, 35.502934999999965, 105.31666666666666, 5.116666666666666, 8.95
180, 736.4292946113369, 36.52806999999997, 107.8, 5.55, 9.2
181, 735.3392393259176, 37.166081666666635, 109.85, 5.583333333333333, 9.25
182, 734.2491840404982, 37.88702999999999, 111.86666666666666, 5.716666666666667, 9.6
183, 733.159128755079, 38.596481666666655, 113.85, 5.983333333333333, 9.25
184, 732.0690734696597, 39.82575833333331, 116.08333333333333, 6.95, 9.2
185, 730.9790181842404, 40.83652499999997, 118.75, 7.45, 8.5
186, 729.8889628988211, 41.949559999999984, 121.4, 8.0, 8.483333333333333
187, 728.7989076134018, 42.695315000000015, 123.68333333333334, 8.033333333333333, 8.866666666666667
188, 727.7088523279824, 43.37872000000004, 125.8, 8.0, 9.483333333333333
189, 726.6187970425632, 43.96999833333338, 127.85, 7.966666666666667, 9.466666666666667
190, 725.5287417571438, 44.071681666666706, 129.85, 7.283333333333333, 8.633333333333333
191, 724.4386864717246, 44.359321666666645, 131.61666666666667, 7.0, 7.983333333333333
192, 723.3486311863053, 44.93416999999998, 133.63333333333333, 7.033333333333333, 7.566666666666666
193, 722.258575900886, 46.03172333333335, 136.43333333333334, 7.5, 7.45
194, 721.1685206154666, 46.94420833333335, 138.58333333333334, 7.95, 7.5
195, 720.0784653300474, 48.118705000000006, 141.11666666666667, 8.466666666666667, 8.5
196, 718.988410044628, 49.44703333333333, 143.66666666666666, 9.133333333333333, 10.033333333333333
197, 717.8983547592087, 51.295178333333325, 147.55, 10.116666666666667, 11.0
198, 716.8082994737895, 53.67966833333332, 152.31666666666666, 11.583333333333334, 11.866666666666667
199, 715.7182441883701, 56.17945999999998, 157.9, 12.85, 12.633333333333333
200, 714.6281889029508, 60.216524999999976, 164.58333333333334, 16.133333333333333, 13.616666666666667
201, 713.5381336175315, 64.77044333333332, 172.06666666666666, 19.883333333333333, 14.633333333333333
202, 712.4480783321122, 69.54146499999999, 179.35, 24.05, 15.933333333333334
203, 711.3580230466929, 74.65363333333336, 186.16666666666666, 28.883333333333333, 18.016666666666666
204, 710.2679677612737, 79.89503333333336, 192.66666666666666, 34.03333333333333, 20.433333333333334
205, 709.1779124758543, 83.80489499999999, 198.21666666666667, 37.46666666666667, 22.5
206, 708.087857190435, 87.01687166666666, 202.45, 40.43333333333333, 24.3
207, 706.9978019050156, 89.81877166666665, 206.11666666666667, 43.1, 25.533333333333335
208, 705.9077466195964, 90.91309333333331, 209.06666666666666, 43.53333333333333, 25.166666666666668
209, 704.8176913341771, 91.06759999999998, 211.33333333333334, 42.833333333333336, 24.183333333333334
210, 703.7276360487579, 90.63495166666667, 212.65, 41.733333333333334, 22.6
211, 702.6375807633385, 89.57351166666669, 212.21666666666667, 40.45, 21.033333333333335
212, 701.5475254779192, 87.93695333333339, 210.96666666666667, 38.583333333333336, 19.566666666666666
213, 700.4574701924998, 85.26711833333334, 206.98333333333332, 36.4, 17.833333333333332
214, 699.3674149070806, 81.80224333333331, 200.56666666666666, 34.03333333333333, 16.45
215, 698.2773596216613, 77.41355499999999, 191.61666666666667, 31.366666666666667, 15.15
216, 697.1873043362419, 72.24321333333333, 180.53333333333333, 28.5, 13.616666666666667
217, 696.0972490508227, 65.96358333333336, 166.33333333333334, 25.35, 11.983333333333333
218, 695.0071937654034, 59.121156666666664, 150.26666666666668, 22.25, 10.05
219, 693.917138479984, 52.36465333333332, 134.3, 19.316666666666666, 7.75
220, 692.8270831945647, 45.651185000000005, 118.15, 16.55, 5.45
221, 691.7370279091455, 39.39897333333331, 102.93333333333334, 14.0, 3.6333333333333333
222, 690.6469726237261, 34.22905500000002, 90.78333333333333, 11.583333333333334, 2.5833333333333335
223, 689.5569173383069, 30.251011666666663, 82.55, 9.183333333333334, 1.6333333333333333
224, 688.4668620528876, 27.716519999999996, 76.8, 7.8, 1.6
225, 687.3768067674682, 27.510233333333325, 75.5, 8.016666666666667, 2.0833333333333335
226, 686.2867514820489, 28.213353333333338, 76.63333333333334, 8.55, 2.533333333333333
227, 685.1966961966297, 29.000260000000022, 77.73333333333333, 9.233333333333333, 3.033333333333333
228, 684.1066409112103, 29.911193333333365, 78.9, 10.116666666666667, 3.4166666666666665
229, 683.0165856257911, 31.036468333333367, 80.65, 11.116666666666667, 3.55
230, 681.9265303403718, 31.954796666666695, 81.36666666666666, 12.3, 3.6333333333333333
231, 680.8364750549524, 32.90679333333336, 82.06666666666666, 13.633333333333333, 3.283333333333333
232, 679.7464197695331, 33.8627416666667, 82.75, 14.933333333333334, 3.183333333333333
233, 678.6563644841139, 35.08795666666668, 83.76666666666667, 16.6, 2.683333333333333
234, 677.5663091986945, 36.19166166666666, 84.88333333333334, 17.966666666666665, 2.4
235, 676.4762539132753, 37.50205166666665, 86.48333333333333, 19.416666666666668, 2.2333333333333334
236, 675.386198627856, 38.65316166666664, 88.38333333333334, 20.416666666666668, 2.2
237, 674.2961433424366, 39.86461666666663, 90.33333333333333, 21.516666666666666, 2.05
238, 673.2060880570173, 41.057456666666624, 92.1, 22.733333333333334, 1.6166666666666667
239, 672.1160327715979, 42.498010000000015, 93.9, 24.3, 1.4666666666666666
240, 671.0259774861787, 43.78790666666668, 95.43333333333334, 25.716666666666665, 1.4666666666666666
241, 669.9359222007595, 45.60376333333334, 97.2, 27.816666666666666, 1.95
242, 668.8458669153401, 47.11333333333335, 98.5, 29.716666666666665, 2.0
243, 667.7558116299208, 48.653926666666685, 99.9, 31.683333333333334, 1.7166666666666666
244, 666.6657563445015, 49.33402666666666, 101.06666666666666, 32.4, 0.9333333333333333
245, 665.5757010590821, 50.648578333333326, 102.88333333333334, 33.75, 0.75
246, 664.4856457736629, 52.94914333333334, 105.06666666666666, 36.583333333333336, 0.6166666666666667
247, 663.3955904882436, 55.547036666666685, 107.96666666666667, 39.5, 0.7833333333333333
248, 662.3055352028243, 58.190429999999985, 110.53333333333333, 42.68333333333333, 0.85
249, 661.215479917405, 60.925925, 113.41666666666667, 45.71666666666667, 1.6666666666666667
250, 660.1254246319857, 63.72525333333332, 116.3, 48.81666666666667, 2.7
251, 659.0353693465663, 66.61661499999998, 119.51666666666667, 51.916666666666664, 3.6666666666666665
252, 657.945314061147, 70.56039333333335, 123.06666666666666, 56.63333333333333, 4.666666666666667
253, 656.8552587757277, 73.81969000000004, 125.93333333333334, 60.483333333333334, 5.916666666666667
254, 655.7652034903085, 76.69938666666667, 128.3, 63.983333333333334, 6.95
255, 654.6751482048892, 79.23019666666666, 130.36666666666667, 67.1, 7.683333333333334
256, 653.5850929194698, 81.69997000000002, 132.3, 70.2, 8.316666666666666
257, 652.4950376340505, 84.15871999999997, 133.96666666666667, 73.31666666666666, 9.466666666666667
258, 651.4049823486312, 86.36055833333333, 135.41666666666666, 76.08333333333333, 10.733333333333333
259, 650.3149270632119, 88.40848500000003, 136.48333333333332, 78.88333333333334, 11.483333333333333
260, 649.2248717777927, 90.20957000000001, 137.63333333333333, 81.23333333333333, 12.166666666666666
261, 648.1348164923734, 91.54929666666673, 138.03333333333333, 83.26666666666667, 12.4
262, 647.044761206954, 92.50477833333339, 137.71666666666667, 85.13333333333334, 12.0
263, 645.9547059215347, 92.96934666666667, 136.86666666666667, 86.5, 11.266666666666667
264, 644.8646506361154, 92.78122833333333, 135.88333333333333, 86.8, 10.65
265, 643.7745953506961, 91.89854499999998, 134.55, 86.15, 9.75
266, 642.6845400652768, 90.70646499999997, 132.68333333333334, 85.28333333333333, 8.65
267, 641.5944847798576, 89.31530000000001, 130.33333333333334, 84.33333333333333, 7.5
268, 640.5044294944382, 87.86163333333337, 127.83333333333333, 83.35, 6.366666666666666
269, 639.4143742090189, 86.09710500000004, 124.78333333333333, 82.13333333333334, 5.15
270, 638.3243189235995, 83.74435000000003, 120.16666666666667, 80.56666666666666, 4.683333333333334
271, 637.2342636381802, 80.74533833333331, 113.95, 78.61666666666666, 4.716666666666667
272, 636.144208352761, 77.35103499999997, 107.15, 76.3, 4.7
273, 635.0541530673418, 73.77690499999996, 100.11666666666666, 73.76666666666667, 4.833333333333333
274, 633.9640977819224, 69.89598499999998, 92.15, 71.05, 5.666666666666667
275, 632.8740424965031, 65.76966833333333, 84.31666666666666, 67.98333333333333, 5.8
276, 631.7839872110837, 61.30940999999997, 76.23333333333333, 64.53333333333333, 5.633333333333334
277, 630.6939319256644, 56.4074633333333, 68.03333333333333, 60.4, 5.416666666666667
278, 629.6038766402452, 51.68625999999998, 59.9, 56.45, 5.666666666666667
279, 628.513821354826, 47.391235, 52.65, 52.65, 6.566666666666666
280, 627.4237660694066, 43.15905333333332, 45.8, 48.86666666666667, 6.883333333333334
281, 626.3337107839873, 39.09891833333332, 39.15, 45.31666666666667, 6.983333333333333
282, 625.2436554985679, 35.52125499999997, 33.78333333333333, 41.88333333333333, 7.35
283, 624.1536002131486, 31.982888333333314, 28.783333333333335, 38.45, 7.1
284, 623.0635449277294, 28.765326666666635, 24.4, 35.333333333333336, 6.416666666666667
285, 621.97348964231, 25.691441666666684, 20.75, 32.13333333333333, 5.5
286, 620.8834343568908, 22.680371666666677, 17.45, 28.933333333333334, 4.216666666666667
287, 619.7933790714715, 20.337191666666683, 15.25, 26.233333333333334, 3.3333333333333335
288, 618.7033237860521, 18.129541666666682, 13.083333333333334, 23.766666666666666, 2.35
289, 617.6132685006328, 16.401736666666675, 11.466666666666667, 21.75, 1.8166666666666667
290, 616.5232132152136, 14.91153166666666, 10.016666666666667, 20.05, 1.3
291, 615.4331579297942, 14.007556666666654, 8.933333333333334, 19.116666666666667, 1.0166666666666666
292, 614.343102644375, 13.233121666666657, 7.283333333333333, 18.666666666666668, 0.8666666666666667
293, 613.2530473589557, 12.801488333333326, 6.116666666666666, 18.483333333333334, 1.0833333333333333
294, 612.1629920735363, 12.408269999999993, 4.966666666666667, 18.366666666666667, 1.25
295, 611.072936788117, 11.846218333333326, 3.65, 18.066666666666666, 1.3166666666666667
296, 609.9828815026976, 11.617751666666662, 2.816666666666667, 18.05, 1.5833333333333333
297, 608.8928262172784, 11.343810000000001, 2.066666666666667, 17.916666666666668, 1.8333333333333333
298, 607.8027709318592, 11.137920000000003, 1.6333333333333333, 17.783333333333335, 1.85
299, 606.7127156464398, 11.163650000000002, 1.6666666666666667, 17.816666666666666, 1.8166666666666667
300, 605.6226603610205, 11.258195000000002, 1.7166666666666666, 17.916666666666668, 2.0
301, 604.5326050756012, 11.699245, 2.216666666666667, 18.416666666666668, 1.9833333333333334
302, 603.4425497901818, 11.808178333333327, 2.55, 18.516666666666666, 1.55
303, 602.3524945047626, 12.057188333333324, 3.6166666666666667, 18.433333333333334, 1.3666666666666667
304, 601.2624392193433, 12.489670000000013, 4.633333333333334, 18.733333333333334, 0.95
305, 600.172383933924, 13.133570000000002, 4.3, 20.0, 0.95
306, 599.0823286485047, 14.014990000000001, 3.7666666666666666, 21.766666666666666, 0.9833333333333333
307, 597.9922733630854, 14.980603333333331, 3.1333333333333333, 23.65, 1.4166666666666667
308, 596.902218077666, 16.58292500000001, 2.9166666666666665, 26.266666666666666, 2.566666666666667
309, 595.8121627922468, 18.17423166666669, 2.5166666666666666, 29.0, 3.5
310, 594.7221075068275, 19.992695000000015, 2.55, 32.0, 3.9166666666666665
311, 593.6320522214082, 21.76188000000002, 3.033333333333333, 34.583333333333336, 4.866666666666666
312, 592.5419969359889, 23.371118333333335, 2.816666666666667, 37.38333333333333, 5.133333333333334
313, 591.4519416505696, 25.56265833333332, 2.5833333333333335, 41.2, 5.316666666666666
314, 590.3618863651502, 27.943959999999983, 2.566666666666667, 45.21666666666667, 5.566666666666666
315, 589.2718310797309, 30.43690999999995, 2.2333333333333334, 49.63333333333333, 5.566666666666666
316, 588.1817757943116, 32.92071833333337, 1.8166666666666667, 54.083333333333336, 5.533333333333333
317, 587.0917205088924, 35.78941666666666, 1.6666666666666667, 59.05, 5.516666666666667
318, 586.0016652234731, 38.72731833333334, 1.65, 64.06666666666666, 5.5
319, 584.9116099380537, 42.451866666666724, 1.6666666666666667, 70.4, 5.516666666666667
320, 583.8215546526344, 45.99797500000004, 1.9166666666666667, 76.21666666666667, 6.016666666666667
321, 582.7314993672151, 49.347854999999996, 1.95, 81.9, 6.05
322, 581.6414440817958, 52.9346933333333, 2.2333333333333334, 87.85, 6.133333333333334
323, 580.5513887963765, 56.32172499999998, 2.4166666666666665, 93.41666666666667, 6.7
324, 579.4613335109573, 59.74571166666662, 2.3833333333333333, 99.26666666666667, 6.7
325, 578.3712782255379, 62.97005499999996, 2.6166666666666667, 104.66666666666667, 6.566666666666666
326, 577.2812229401186, 66.10588166666666, 2.5166666666666666, 110.05, 6.616666666666666
327, 576.1911676546993, 68.80086833333334, 2.15, 114.86666666666666, 6.416666666666667
328, 575.10111236928, 71.70302833333332, 2.05, 119.91666666666667, 6.133333333333334
329, 574.0110570838607, 74.68050333333335, 1.8, 125.21666666666667, 5.616666666666666
330, 572.9210017984415, 77.8018783333333, 1.2166666666666666, 130.98333333333332, 4.833333333333333
331, 571.8309465130221, 80.91213166666667, 0.85, 136.53333333333333, 4.5
332, 570.7408912276028, 83.13747, 0.4666666666666667, 140.61666666666667, 4.0
333, 569.6508359421834, 85.0826833333333, 0.0, 144.21666666666667, 3.75
334, 568.5607806567641, 87.35431666666666, 0.0, 148.08333333333334, 3.7666666666666666
335, 567.4707253713449, 90.01966666666664, 0.0, 152.53333333333333, 4.233333333333333
336, 566.3806700859257, 93.37131, 0.9, 157.5, 5.7
337, 565.2906148005063, 96.80837999999999, 2.033333333333333, 162.38333333333333, 7.733333333333333
338, 564.200559515087, 100.75795, 4.0, 167.45, 11.133333333333333
339, 563.1105042296676, 105.21636333333336, 5.2, 174.01666666666668, 13.283333333333333
340, 562.0204489442483, 110.84008333333337, 4.833333333333333, 183.8, 13.2
341, 560.9303936588291, 117.45318833333336, 3.45, 196.11666666666667, 11.416666666666666
342, 559.8403383734097, 124.2273966666667, 3.033333333333333, 208.06666666666666, 10.4
343, 558.7502830879905, 130.98267000000007, 2.966666666666667, 219.56666666666666, 10.616666666666667
344, 557.6602278025712, 137.46435500000004, 2.95, 230.3, 12.25
345, 556.5701725171518, 143.14872166666657, 3.283333333333333, 239.16666666666666, 15.583333333333334
346, 555.4801172317325, 147.7864733333333, 5.1, 245.21666666666667, 20.35
347, 554.3900619463133, 151.47730333333328, 7.133333333333334, 249.65, 24.566666666666666
348, 553.3000066608939, 153.83010666666672, 8.1, 252.58333333333334, 27.566666666666666
349, 552.2099513754747, 154.80821166666672, 8.216666666666667, 253.75, 29.833333333333332
350, 551.1198960900554, 155.14743499999997, 8.15, 254.2, 30.666666666666668
351, 550.029840804636, 155.0667766666665, 6.733333333333333, 254.91666666666666, 29.983333333333334
352, 548.9397855192167, 154.3138283333333, 4.883333333333334, 255.0, 27.8
353, 547.8497302337973, 153.90602500000008, 4.25, 255.0, 25.883333333333333
354, 546.7596749483781, 153.8262249999999, 4.25, 255.0, 25.183333333333334
355, 545.6696196629589, 153.79764999999998, 4.333333333333333, 254.98333333333332, 24.8
356, 544.5795643775396, 153.67081333333323, 4.366666666666666, 254.98333333333332, 23.6
357, 543.4895090921202, 152.76952500000013, 3.0833333333333335, 254.48333333333332, 21.633333333333333
358, 542.3994538067009, 151.03642499999978, 3.0833333333333335, 251.78333333333333, 20.333333333333332
359, 541.3093985212815, 147.24810666666662, 3.1, 245.58333333333334, 18.983333333333334
360, 540.2193432358623, 141.72095000000004, 3.5, 236.2, 17.766666666666666
361, 539.129287950443, 134.50155666666666, 3.6, 224.08333333333334, 16.566666666666666
362, 538.0392326650237, 124.931725, 3.0833333333333335, 208.38333333333333, 14.816666666666666
363, 536.9491773796044, 113.76453999999998, 2.2666666666666666, 190.16666666666666, 12.8
364, 535.8591220941851, 103.42667666666664, 1.9, 173.03333333333333, 11.3
365, 534.7690668087657, 93.48209833333337, 1.85, 156.36666666666667, 10.016666666666667
366, 533.6790115233465, 84.06111833333328, 2.15, 140.31666666666666, 9.233333333333333
367, 532.5889562379272, 75.52137666666665, 2.4, 125.68333333333334, 9.016666666666667
368, 531.4989009525079, 68.43390666666667, 3.2666666666666666, 113.1, 9.366666666666667
369, 530.4088456670886, 61.52261333333331, 3.533333333333333, 101.2, 9.316666666666666
370, 529.3187903816693, 55.38821833333334, 3.15, 91.21666666666667, 7.916666666666667
371, 528.2287350962499, 50.31124333333335, 2.566666666666667, 83.13333333333334, 6.533333333333333
372, 527.1386798108306, 45.98067833333335, 2.216666666666667, 76.18333333333334, 5.25
373, 526.0486245254114, 42.63489000000003, 1.6, 71.05, 3.95
374, 524.9585692399921, 40.30438166666665, 1.35, 67.33333333333333, 3.3
375, 523.8685139545728, 38.60688333333332, 1.3333333333333333, 64.45, 3.3
376, 522.7784586691535, 37.61656166666664, 1.8833333333333333, 62.46666666666667, 3.3833333333333333
377, 521.6884033837341, 36.873696666666646, 2.3666666666666667, 60.9, 3.6666666666666665
378, 520.5983480983148, 36.046686666666645, 2.966666666666667, 59.15, 3.85
379, 519.5082928128955, 35.34336166666665, 3.3833333333333333, 57.61666666666667, 4.483333333333333
380, 518.4182375274762, 34.45048333333334, 3.6666666666666665, 55.88333333333333, 4.833333333333333
381, 517.328182242057, 33.24449333333333, 3.566666666666667, 53.983333333333334, 4.3
382, 516.2381269566376, 32.03002500000001, 3.4166666666666665, 52.016666666666666, 4.166666666666667
383, 515.1480716712183, 30.499308333333342, 2.9166666666666665, 49.78333333333333, 3.55
384, 514.058016385799, 28.784658333333354, 1.9166666666666667, 47.53333333333333, 2.716666666666667
385, 512.9679611003797, 26.792090000000016, 1.1, 44.6, 2.4833333333333334
386, 511.8779058149604, 25.08426833333335, 0.9833333333333333, 41.75, 2.4833333333333334
387, 510.7878505295411, 23.69228666666667, 1.1333333333333333, 39.266666666666666, 2.6666666666666665
388, 509.69779524412183, 22.03790166666664, 1.15, 36.43333333333333, 2.7
389, 508.6077399587025, 20.76825166666665, 1.15, 34.28333333333333, 2.6333333333333333
390, 507.5176846732832, 19.49575499999998, 1.1166666666666667, 32.21666666666667, 2.2
391, 506.4276293878639, 18.03803833333333, 1.1166666666666667, 29.733333333333334, 2.2
392, 505.3375741024446, 16.706296666666677, 1.2, 27.383333333333333, 2.4
393, 504.2475188170253, 15.336574999999998, 1.25, 24.95, 2.783333333333333
394, 503.15746353160597, 14.197624999999992, 1.25, 23.0, 2.8333333333333335
395, 502.0674082461867, 13.103791666666659, 1.25, 21.133333333333333, 2.85
396, 500.9773529607674, 12.132518333333332, 1.15, 19.516666666666666, 2.9166666666666665
397, 499.88729767534807, 11.733736666666656, 1.1333333333333333, 18.816666666666666, 3.066666666666667
398, 498.7972423899288, 11.81769666666667, 1.2, 18.783333333333335, 3.8
399, 497.70718710450944, 11.808348333333338, 1.1833333333333333, 18.75, 3.933333333333333
400, 496.61713181909016, 11.900400000000001, 1.3333333333333333, 18.733333333333334, 4.433333333333334
401, 495.5270765336709, 12.161131666666671, 1.5166666666666666, 19.0, 4.866666666666666
402, 494.43702124825154, 12.18557666666667, 1.5666666666666667, 19.0, 4.95
403, 493.34696596283226, 12.268126666666653, 1.5666666666666667, 19.05, 5.416666666666667
404, 492.256910677413, 12.504824999999979, 1.4166666666666667, 19.516666666666666, 5.483333333333333
405, 491.16685539199364, 12.748226666666678, 1.4, 19.933333333333334, 5.516666666666667
406, 490.07680010657435, 13.011933333333324, 1.3333333333333333, 20.3, 6.116666666666666
407, 488.98674482115507, 13.282604999999986, 1.2833333333333334, 20.783333333333335, 6.133333333333334
408, 487.89668953573573, 13.55463833333332, 1.2833333333333334, 21.25, 6.116666666666666
409, 486.80663425031645, 13.673225000000008, 1.0833333333333333, 21.683333333333334, 5.45
410, 485.7165789648971, 13.75937500000001, 1.0833333333333333, 21.833333333333332, 5.433333333333334
411, 484.6265236794778, 13.93209000000001, 1.1, 22.2, 5.016666666666667
412, 483.53646839405855, 14.138800000000005, 1.3333333333333333, 22.433333333333334, 5.016666666666667
413, 482.4464131086392, 14.072243333333343, 1.9, 21.966666666666665, 5.35
414, 481.3563578232199, 14.345299999999984, 2.6666666666666665, 21.866666666666667, 6.25
415, 480.26630253780064, 14.39968000000001, 3.2, 21.5, 7.216666666666667
416, 479.1762472523813, 14.467645000000008, 3.216666666666667, 21.516666666666666, 7.683333333333334
417, 478.086191966962, 14.710880000000008, 2.533333333333333, 22.133333333333333, 8.433333333333334
418, 476.99613668154274, 15.525873333333333, 2.433333333333333, 23.55, 8.55
419, 475.9060813961234, 16.23202166666667, 0.6166666666666667, 25.5, 9.466666666666667
420, 474.8160261107041, 16.880585000000004, 0.31666666666666665, 26.566666666666666, 10.45
421, 473.7259708252848, 17.491821666666674, 0.2833333333333333, 27.566666666666666, 10.75
422, 472.6359155398655, 18.065766666666676, 0.0, 28.533333333333335, 11.55
423, 471.5458602544462, 18.743400000000005, 0.0, 29.5, 12.516666666666667
424, 470.4558049690269, 19.40611666666667, 0.0, 30.483333333333334, 13.266666666666667
425, 469.3657496836076, 20.040816666666657, 0.0, 31.383333333333333, 14.2
426, 468.2756943981883, 20.165816666666657, 0.0, 31.583333333333332, 14.266666666666667
427, 467.18563911276897, 20.624500000000005, 0.0, 32.3, 14.6
428, 466.0955838273497, 20.985549999999986, 0.0, 32.75, 15.45
429, 465.00552854193035, 21.190633333333313, 0.0, 32.96666666666667, 16.133333333333333
430, 463.91547325651106, 21.77554666666666, 0.7, 33.38333333333333, 17.283333333333335
431, 462.8254179710918, 22.58451666666669, 0.8333333333333334, 34.36666666666667, 18.966666666666665
432, 461.73536268567244, 23.944306666666662, 1.2666666666666666, 36.1, 20.833333333333332
433, 460.64530740025316, 25.308181666666663, 1.85, 37.78333333333333, 22.6
434, 459.5552521148339, 26.565643333333337, 1.9, 39.56666666666667, 24.316666666666666
435, 458.46519682941454, 27.90265999999999, 2.2333333333333334, 41.38333333333333, 25.816666666666666
436, 457.37514154399526, 29.260211666666667, 2.05, 43.43333333333333, 27.65
437, 456.285086258576, 30.74428500000001, 1.9833333333333334, 45.733333333333334, 29.0
438, 455.19503097315663, 32.21887333333336, 1.4333333333333333, 48.15, 30.933333333333334
439, 454.10497568773735, 33.92777333333332, 1.1, 50.81666666666667, 33.06666666666667
440, 453.014920402318, 35.481041666666655, 1.0833333333333333, 53.06666666666667, 35.15
441, 451.92486511689873, 37.03284166666667, 0.75, 55.43333333333333, 37.45
442, 450.83480983147945, 39.13813000000002, 0.8666666666666667, 58.416666666666664, 40.25
443, 449.7447545460601, 41.33361333333335, 1.8666666666666667, 61.233333333333334, 42.38333333333333
444, 448.6546992606408, 43.73046166666664, 2.716666666666667, 64.45, 44.61666666666667
445, 447.56464397522154, 46.56331499999997, 2.683333333333333, 68.83333333333333, 46.983333333333334
446, 446.4745886898022, 49.30238833333335, 2.45, 73.11666666666666, 49.56666666666667
447, 445.3845334043829, 52.06416833333334, 1.9833333333333334, 77.25, 53.733333333333334
448, 444.29447811896364, 54.80458999999999, 1.4333333333333333, 81.03333333333333, 59.733333333333334
449, 443.2044228335443, 57.43870666666668, 0.7666666666666667, 84.75, 65.45
450, 442.114367548125, 60.06083999999997, 0.43333333333333335, 88.38333333333334, 70.61666666666666
451, 441.0243122627057, 62.49353, 0.5333333333333333, 91.58333333333333, 75.21666666666667
452, 439.9342569772864, 65.05505666666666, 1.4333333333333333, 94.66666666666667, 79.45
453, 438.8442016918671, 67.51700000000001, 1.5, 98.05, 83.45
454, 437.7541464064478, 70.03944666666666, 2.2, 101.23333333333333, 87.35
455, 436.6640911210285, 72.1714333333333, 2.5, 104.01666666666667, 90.93333333333334
456, 435.5740358356092, 74.01554000000003, 2.433333333333333, 106.48333333333333, 94.58333333333333
457, 434.48398055018987, 75.45555333333328, 1.8, 108.66666666666667, 97.63333333333334
458, 433.3939252647706, 76.90178166666665, 1.5166666666666666, 110.65, 100.85
459, 432.30386997935125, 78.41818666666671, 1.3, 112.68333333333334, 104.25
460, 431.21381469393197, 79.7508383333333, 0.6166666666666667, 114.68333333333334, 107.43333333333334
461, 430.1237594085127, 81.31323166666668, 0.5166666666666667, 116.7, 111.01666666666667
462, 429.03370412309334, 82.77491499999996, 0.18333333333333332, 118.68333333333334, 114.5
463, 427.94364883767406, 84.4346033333333, 0.13333333333333333, 120.85, 118.03333333333333
464, 426.8535935522548, 86.07025500000005, 0.11666666666666667, 122.91666666666667, 121.78333333333333
465, 425.76353826683544, 87.40475999999992, 0.23333333333333334, 124.48333333333333, 125.11666666666666
466, 424.67348298141616, 88.51517333333332, 0.26666666666666666, 125.73333333333333, 128.33333333333334
467, 423.5834276959969, 89.54965499999999, 0.2833333333333333, 126.83333333333333, 131.7
468, 422.49337241057754, 90.55807999999998, 0.7, 127.75, 134.73333333333332
469, 421.40331712515825, 91.19879833333339, 0.85, 128.26666666666668, 137.3
470, 420.31326183973897, 92.1353883333334, 1.7833333333333334, 128.95, 139.55
471, 419.22320655431963, 92.80850666666666, 2.7666666666666666, 129.35, 140.81666666666666
472, 418.1331512689003, 93.31813833333334, 4.116666666666666, 129.33333333333334, 141.83333333333334
473, 417.04309598348107, 93.73042333333333, 5.1, 129.36666666666667, 142.7
474, 415.9530406980617, 92.9739516666667, 5.983333333333333, 127.56666666666666, 143.01666666666668
475, 414.8629854126424, 91.90639166666668, 6.416666666666667, 125.55, 142.9
476, 413.77293012722316, 90.17567999999997, 6.2, 123.0, 141.41666666666666
477, 412.6828748418038, 88.14348333333336, 5.5, 120.26666666666667, 139.5
478, 411.5928195563845, 85.93612999999999, 3.8666666666666667, 117.71666666666667, 137.55
479, 410.50276427096526, 83.77515666666667, 2.7666666666666666, 115.0, 135.46666666666667
480, 409.4127089855459, 81.6533183333333, 1.8166666666666667, 112.28333333333333, 133.33333333333334
481, 408.3226537001266, 79.91236499999998, 1.35, 109.95, 131.3
482, 407.23259841470735, 77.20489166666671, 0.75, 106.08333333333333, 129.03333333333333
483, 406.142543129288, 73.5508816666667, 0.85, 100.28333333333333, 126.58333333333333
484, 405.0524878438687, 69.49922833333335, 1.3833333333333333, 93.65, 123.8
485, 403.96243255844934, 65.28087500000001, 1.5833333333333333, 86.98333333333333, 120.6
486, 402.8723772730301, 60.86716499999999, 1.6833333333333333, 80.08333333333333, 117.15
487, 401.78232198761077, 56.399251666666665, 1.65, 73.23333333333333, 113.31666666666666
488, 400.69226670219143, 52.12556666666665, 1.5, 66.78333333333333, 109.43333333333334
489, 399.6022114167722, 48.05774333333334, 1.0666666666666667, 60.88333333333333, 105.26666666666667
490, 398.51215613135287, 44.22530833333334, 0.75, 55.266666666666666, 101.4
491, 397.4221008459335, 40.76728166666668, 0.6833333333333333, 50.06666666666667, 98.01666666666667
492, 396.3320455605143, 37.49757499999998, 0.4166666666666667, 45.266666666666666, 94.75
493, 395.24199027509496, 34.832889999999956, 0.43333333333333335, 41.233333333333334, 92.1
494, 394.1519349896756, 32.45003833333331, 0.7833333333333333, 37.3, 90.53333333333333
495, 393.0618797042564, 30.322448333333316, 0.85, 33.916666666666664, 89.11666666666666
496, 391.97182441883706, 28.577353333333324, 0.8, 31.166666666666668, 88.1
497, 390.8817691334177, 27.08541333333333, 0.5333333333333333, 28.9, 87.38333333333334
498, 389.7917138479985, 25.448415, 0.18333333333333332, 26.383333333333333, 86.9
499, 388.70165856257915, 24.01054833333332, 0.18333333333333332, 23.95, 86.81666666666666
500, 387.6116032771598, 22.732164999999988, 0.18333333333333332, 21.733333333333334, 87.01666666666667
501, 386.5215479917406, 21.789081666666664, 0.18333333333333332, 20.016666666666666, 87.58333333333333
502, 385.43149270632125, 21.23532000000002, 0.13333333333333333, 18.833333333333332, 88.95
503, 384.3414374209019, 20.377763333333345, 0.03333333333333333, 17.2, 90.1
504, 383.2513821354826, 19.627409999999994, 0.06666666666666667, 15.616666666666667, 91.58333333333333
505, 382.16132685006335, 19.034240000000004, 0.7666666666666667, 14.016666666666667, 92.78333333333333
506, 381.071271564644, 18.188729999999982, 1.0333333333333334, 12.233333333333333, 93.85
507, 379.98121627922467, 17.303008333333334, 1.25, 10.416666666666666, 94.86666666666666
508, 378.89116099380544, 16.48646833333333, 1.4833333333333334, 8.8, 95.41666666666667
509, 377.8011057083861, 15.527563333333324, 1.5333333333333334, 6.95, 96.4
510, 376.71105042296676, 15.004029999999998, 1.5333333333333334, 5.883333333333334, 97.3
511, 375.62099513754754, 14.34799833333334, 1.35, 4.716666666666667, 98.03333333333333
512, 374.5309398521282, 13.864931666666665, 1.35, 3.683333333333333, 99.11666666666666
513, 373.44088456670886, 13.538600000000011, 1.5, 2.75, 100.66666666666667
514, 372.35082928128963, 13.241386666666664, 1.3, 2.0833333333333335, 102.01666666666667
515, 371.2607739958703, 13.375211666666665, 1.55, 1.9833333333333334, 103.05
516, 370.17071871045096, 13.168571666666672, 1.45, 1.5333333333333334, 103.81666666666666
517, 369.08066342503173, 13.232681666666673, 1.5166666666666666, 1.45, 104.63333333333334
518, 367.9906081396124, 13.38687833333334, 2.05, 1.3666666666666667, 105.01666666666667
519, 366.90055285419305, 13.346486666666658, 2.6333333333333333, 0.9166666666666666, 105.45
520, 365.8104975687738, 13.402723333333324, 2.933333333333333, 0.85, 105.5
521, 364.7204422833545, 13.37622333333333, 3.2666666666666666, 0.5833333333333334, 105.76666666666667
522, 363.63038699793515, 13.322303333333336, 3.8, 0.21666666666666667, 105.78333333333333
523, 362.5403317125158, 13.34692833333334, 3.8833333333333333, 0.2, 105.86666666666666
524, 361.4502764270966, 13.580956666666664, 4.766666666666667, 0.0, 106.63333333333334
525, 360.36022114167724, 13.609919999999997, 4.8, 0.0, 106.8
526, 359.2701658562579, 13.649819999999984, 4.8, 0.0, 107.15
527, 358.1801105708387, 13.77301833333333, 4.983333333333333, 0.0, 107.75
528, 357.09005528541934, 13.815999999999994, 5.0, 0.0, 108.08333333333333
529, 356.0, 14.034104999999998, 5.45, 0.0, 108.81666666666666
530, 354.9099447145808, 14.168750000000008, 5.5, 0.0, 109.86666666666666
531, 353.81988942916144, 14.240231666666675, 5.516666666666667, 0.0, 110.45
532, 352.7298341437421, 14.498393333333347, 5.733333333333333, 0.2, 111.11666666666666
533, 351.63977885832287, 14.620739999999993, 5.766666666666667, 0.21666666666666667, 112.01666666666667
534, 350.54972357290353, 14.680821666666667, 5.783333333333333, 0.21666666666666667, 112.5
535, 349.4596682874842, 14.873045000000008, 6.216666666666667, 0.21666666666666667, 113.05
536, 348.36961300206497, 14.924345000000011, 6.216666666666667, 0.21666666666666667, 113.5
537, 347.2795577166456, 15.388543333333338, 6.4, 0.7166666666666667, 114.51666666666667
538, 346.1895024312263, 15.705069999999985, 6.966666666666667, 0.7666666666666667, 115.55
539, 345.09944714580706, 15.755651666666658, 6.983333333333333, 0.7666666666666667, 115.95
540, 344.0093918603877, 15.99031833333334, 7.483333333333333, 0.75, 116.78333333333333
541, 342.9193365749684, 16.069551666666687, 7.483333333333333, 0.7166666666666667, 117.65
542, 341.82928128954904, 16.159031666666657, 7.516666666666667, 0.7, 118.43333333333334
543, 340.7392260041298, 15.851658333333338, 7.583333333333333, 0.0, 119.16666666666667
544, 339.6491707187105, 15.882058333333337, 7.583333333333333, 0.0, 119.43333333333334
545, 338.55911543329114, 15.973258333333348, 7.583333333333333, 0.0, 120.23333333333333
546, 337.4690601478719, 16.00935833333335, 7.583333333333333, 0.0, 120.55
547, 336.3790048624526, 16.032158333333353, 7.583333333333333, 0.0, 120.75
548, 335.28894957703324, 16.12525833333332, 7.583333333333333, 0.0, 121.56666666666666
549, 334.198894291614, 16.14235833333332, 7.583333333333333, 0.0, 121.71666666666667
550, 333.10883900619467, 16.153758333333318, 7.583333333333333, 0.0, 121.81666666666666
551, 332.01878372077533, 16.21645833333333, 7.583333333333333, 0.0, 122.36666666666666
552, 330.9287284353561, 16.22405833333333, 7.583333333333333, 0.0, 122.43333333333334
553, 329.83867314993677, 16.23355833333333, 7.583333333333333, 0.0, 122.51666666666667
554, 328.7486178645174, 16.24305833333333, 7.583333333333333, 0.0, 122.6
555, 327.6585625790982, 16.249939999999995, 7.6, 0.0, 122.61666666666666
556, 326.56850729367886, 16.358284999999984, 7.816666666666666, 0.21666666666666667, 121.88333333333334
557, 325.4784520082595, 16.40358333333332, 8.0, 0.21666666666666667, 121.8
558, 324.3883967228403, 16.401683333333317, 8.0, 0.21666666666666667, 121.78333333333333
559, 323.29834143742096, 16.39598333333332, 8.0, 0.21666666666666667, 121.73333333333333
560, 322.2082861520016, 16.394083333333317, 8.0, 0.21666666666666667, 121.71666666666667
561, 321.1182308665824, 16.39626666666665, 8.0, 0.23333333333333334, 121.65
562, 320.02817558116305, 16.42589999999998, 8.0, 0.3, 121.56666666666666
563, 318.9381202957437, 16.422099999999983, 8.0, 0.3, 121.53333333333333
564, 317.8480650103244, 16.445749999999983, 8.0, 0.35, 121.48333333333333
565, 316.75800972490515, 16.443849999999983, 8.0, 0.35, 121.46666666666667
566, 315.6679544394858, 16.441949999999984, 8.0, 0.35, 121.45
567, 314.5778991540665, 16.38106666666665, 8.0, 0.23333333333333334, 121.51666666666667
568, 313.48784386864725, 16.378883333333317, 8.0, 0.21666666666666667, 121.58333333333333
569, 312.3977885832279, 16.386483333333317, 8.0, 0.21666666666666667, 121.65
570, 311.30773329780857, 16.342699999999986, 8.0, 0.1, 121.86666666666666
571, 310.21767801238934, 16.359516666666654, 8.0, 0.08333333333333333, 122.1
572, 309.12762272697, 16.469433333333335, 8.0, 0.06666666666666667, 123.15
573, 308.03756744155066, 16.62600000000003, 8.0, 0.0, 124.86666666666666
574, 306.94751215613144, 16.751399999999986, 8.0, 0.0, 125.96666666666667
575, 305.8574568707121, 16.956600000000023, 8.0, 0.0, 127.76666666666667
576, 304.76740158529276, 17.165599999999998, 8.0, 0.0, 129.6
577, 303.67734629987353, 17.306200000000015, 8.0, 0.0, 130.83333333333334
578, 302.5872910144542, 17.446799999999975, 8.0, 0.0, 132.06666666666666
579, 301.49723572903486, 17.659600000000005, 8.0, 0.0, 133.93333333333334
580, 300.40718044361563, 17.805900000000022, 8.0, 0.0, 135.21666666666667
581, 299.3171251581963, 18.31, 9.0, 0.0, 137.01666666666668
582, 298.22706987277695, 18.543699999999983, 9.0, 0.0, 139.06666666666666
583, 297.1370145873576, 19.208816666666685, 10.0, 0.08333333333333333, 141.85
584, 296.0469593019384, 19.79441666666667, 11.0, 0.18333333333333332, 143.85
585, 294.95690401651905, 20.87763333333333, 12.0, 1.1666666666666667, 145.66666666666666
586, 293.8668487310997, 21.996124999999996, 12.75, 2.25, 147.93333333333334
587, 292.7767934456805, 22.847595, 13.716666666666667, 2.816666666666667, 149.95
588, 291.68673816026114, 23.426748333333364, 14.683333333333334, 2.9, 152.06666666666666
589, 290.5966828748418, 23.597800000000014, 15.0, 2.7, 153.76666666666668
590, 289.5066275894226, 23.823616666666663, 15.0, 2.683333333333333, 155.83333333333334
591, 288.41657230400324, 23.337688333333315, 14.283333333333333, 1.9, 157.48333333333332
592, 287.3265170185839, 22.992586666666675, 13.966666666666667, 1.25, 158.63333333333333
593, 286.2364617331647, 22.963021666666673, 13.95, 1.0333333333333334, 159.53333333333333
594, 285.14640644774533, 22.959320000000027, 14.133333333333333, 0.8333333333333334, 160.05
595, 284.056351162326, 22.838326666666653, 14.066666666666666, 0.7, 159.85
596, 282.96629587690677, 22.408949999999987, 13.833333333333334, 0.3333333333333333, 158.58333333333334
597, 281.87624059148743, 21.76443333333334, 13.166666666666666, 0.18333333333333332, 155.45
598, 280.7861853060681, 21.139218333333304, 12.816666666666666, 0.18333333333333332, 150.88333333333333
599, 279.69613002064887, 20.01681500000001, 11.683333333333334, 0.13333333333333333, 144.26666666666668
600, 278.6060747352295, 18.765655000000002, 10.616666666666667, 0.16666666666666666, 135.91666666666666
601, 277.5160194498102, 17.432691666666678, 9.583333333333334, 0.16666666666666666, 126.93333333333334
602, 276.42596416439085, 15.77167833333333, 8.05, 0.16666666666666666, 116.38333333333334
603, 275.3359088789716, 14.365796666666663, 7.033333333333333, 0.16666666666666666, 106.71666666666667
604, 274.2458535935523, 13.183866666666672, 6.0, 0.3333333333333333, 98.2
605, 273.15579830813294, 11.684988333333331, 4.45, 0.21666666666666667, 89.71666666666667
606, 272.0657430227137, 10.741708333333344, 4.25, 0.21666666666666667, 81.96666666666667
607, 270.9756877372944, 9.810166666666671, 3.5, 0.18333333333333332, 75.93333333333334
608, 269.88563245187504, 9.099926666666672, 3.066666666666667, 0.0, 71.78333333333333
609, 268.7955771664558, 8.784989999999997, 3.1, 0.0, 68.93333333333334
610, 267.7055218810365, 8.865946666666671, 3.8666666666666667, 0.0, 67.63333333333334
611, 266.61546659561714, 8.761910000000011, 3.9, 0.0, 66.63333333333334
612, 265.5254113101979, 8.698028333333333, 3.8833333333333333, 0.0, 66.11666666666666
613, 264.43535602477857, 8.481615000000009, 3.35, 0.0, 65.61666666666666
614, 263.34530073935923, 8.34245166666667, 3.316666666666667, 0.0, 64.48333333333333
615, 262.25524545394, 8.287968333333323, 3.316666666666667, 0.48333333333333334, 61.516666666666666
616, 261.16519016852067, 8.016834999999995, 3.316666666666667, 0.5166666666666667, 58.96666666666667
617, 260.0751348831013, 7.783135000000006, 3.316666666666667, 0.5166666666666667, 56.916666666666664
618, 258.9850795976821, 7.651089999999994, 3.433333333333333, 0.5333333333333333, 55.36666666666667
619, 257.89502431226276, 7.531389999999999, 3.433333333333333, 0.5333333333333333, 54.31666666666667
620, 256.8049690268434, 7.395771666666657, 3.45, 0.5333333333333333, 53.083333333333336
621, 255.71491374142408, 7.387748333333323, 3.85, 0.5166666666666667, 52.05
622, 254.62485845600486, 7.281811666666656, 3.8833333333333333, 0.5166666666666667, 51.03333333333333
623, 253.53480317058552, 7.141173333333338, 4.1, 0.6166666666666667, 48.71666666666667
624, 252.44474788516618, 6.807973333333335, 4.6, 0.16666666666666666, 46.8
625, 251.35469259974695, 6.488338333333336, 4.616666666666666, 0.18333333333333332, 43.86666666666667
626, 250.26463731432762, 6.269680000000003, 5.2, 0.2, 40.333333333333336
627, 249.17458202890828, 5.946245000000002, 5.216666666666667, 0.21666666666666667, 37.36666666666667
628, 248.08452674348905, 5.666046666666662, 5.2, 0.23333333333333334, 34.86666666666667
629, 246.9944714580697, 5.5979400000000075, 4.766666666666667, 0.7166666666666667, 32.916666666666664
630, 245.90441617265037, 5.379440000000004, 4.766666666666667, 0.7166666666666667, 31.0
631, 244.81436088723115, 5.277406666666663, 4.766666666666667, 0.75, 29.933333333333334
632, 243.7243056018118, 5.131389999999999, 4.766666666666667, 0.7666666666666667, 28.566666666666666
633, 242.63425031639247, 5.000290000000001, 4.766666666666667, 0.7666666666666667, 27.416666666666668
634, 241.54419503097324, 4.715846666666672, 4.533333333333333, 0.7666666666666667, 25.533333333333335
635, 240.4541397455539, 4.505201666666668, 4.483333333333333, 0.7666666666666667, 23.816666666666666
636, 239.36408446013456, 4.296201666666665, 4.483333333333333, 0.7666666666666667, 21.983333333333334
637, 238.27402917471534, 3.8402733333333376, 3.6, 0.7666666666666667, 20.3
638, 237.183973889296, 3.586391666666666, 3.5833333333333335, 0.7666666666666667, 18.116666666666667
639, 236.09391860387666, 3.8426250000000044, 3.5833333333333335, 1.5333333333333334, 16.416666666666668
640, 235.00386331845732, 3.725675000000002, 3.5833333333333335, 1.5833333333333333, 15.133333333333333
641, 233.9138080330381, 3.5489749999999973, 3.5833333333333335, 1.5833333333333333, 13.583333333333334
642, 232.82375274761876, 2.9044349999999994, 2.816666666666667, 1.0666666666666667, 12.6
643, 231.73369746219942, 2.675839999999999, 2.7666666666666666, 1.0166666666666666, 10.983333333333333
644, 230.6436421767802, 2.4811416666666655, 2.75, 1.0333333333333334, 9.233333333333333
645, 229.55358689136085, 2.2219616666666657, 2.216666666666667, 1.2, 7.5
646, 228.4635316059415, 2.1041616666666636, 2.216666666666667, 1.2, 6.466666666666667
647, 227.3734763205223, 2.2611650000000014, 2.183333333333333, 1.6333333333333333, 5.7
648, 226.28342103510295, 2.0504833333333345, 2.0, 1.5166666666666666, 4.933333333333334
649, 225.1933657496836, 2.0466833333333345, 2.0, 1.5166666666666666, 4.9
650, 224.10331046426438, 1.8447750000000012, 1.75, 1.3, 4.9
651, 223.01325517884504, 1.815245000000001, 1.7166666666666666, 1.2666666666666666, 4.9
652, 221.9231998934257, 1.815245000000001, 1.7166666666666666, 1.2666666666666666, 4.9
653, 220.83314460800648, 1.8342450000000012, 1.7166666666666666, 1.2666666666666666, 5.066666666666666
654, 219.74308932258714, 1.8361450000000012, 1.7166666666666666, 1.2666666666666666, 5.083333333333333
655, 218.6530340371678, 1.8361450000000012, 1.7166666666666666, 1.2666666666666666, 5.083333333333333
656, 217.56297875174857, 1.8380450000000013, 1.7166666666666666, 1.2666666666666666, 5.1
657, 216.47292346632923, 1.8361450000000012, 1.7166666666666666, 1.2666666666666666, 5.083333333333333
658, 215.3828681809099, 1.8326283333333344, 1.7166666666666666, 1.2833333333333334, 4.966666666666667
659, 214.29281289549067, 1.7436116666666654, 1.7166666666666666, 1.3, 4.1
660, 213.20275761007133, 1.7137783333333318, 1.7166666666666666, 1.3333333333333333, 3.6666666666666665
661, 212.112702324652, 1.759724999999998, 1.75, 1.55, 2.8666666666666667
662, 211.02264703923265, 1.7103249999999977, 1.75, 1.55, 2.433333333333333
663, 209.93259175381343, 1.7999716666666643, 1.7833333333333334, 1.7666666666666666, 2.0166666666666666
664, 208.8425364683941, 1.9997999999999971, 2.0, 2.0, 2.0
665, 207.75248118297475, 1.9997999999999971, 2.0, 2.0, 2.0
666, 206.66242589755552, 1.9997999999999971, 2.0, 2.0, 2.0
667, 205.57237061213618, 1.9997999999999971, 2.0, 2.0, 2.0
668, 204.48231532671684, 1.9997999999999971, 2.0, 2.0, 2.0
669, 203.39226004129762, 1.9997999999999971, 2.0, 2.0, 2.0
670, 202.30220475587828, 1.9997999999999971, 2.0, 2.0, 2.0
671, 201.21214947045894, 1.9997999999999971, 2.0, 2.0, 2.0
672, 200.1220941850397, 1.9997999999999971, 2.0, 2.0, 2.0
673, 199.03203889962037, 1.9997999999999971, 2.0, 2.0, 2.0
674, 197.94198361420104, 1.9997999999999971, 2.0, 2.0, 2.0
675, 196.8519283287818, 1.9997999999999971, 2.0, 2.0, 2.0
676, 195.76187304336247, 1.9997999999999971, 2.0, 2.0, 2.0
677, 194.67181775794313, 1.9997999999999971, 2.0, 2.0, 2.0
678, 193.5817624725239, 1.9997999999999971, 2.0, 2.0, 2.0
679, 192.49170718710457, 1.9997999999999971, 2.0, 2.0, 2.0
680, 191.40165190168523, 1.9997999999999971, 2.0, 2.0, 2.0
681, 190.3115966162659, 1.9997999999999971, 2.0, 2.0, 2.0
682, 189.22154133084666, 1.9997999999999971, 2.0, 2.0, 2.0
683, 188.13148604542732, 1.9997999999999971, 2.0, 2.0, 2.0
684, 187.04143076000798, 1.9997999999999971, 2.0, 2.0, 2.0
685, 185.95137547458876, 1.9997999999999971, 2.0, 2.0, 2.0
686, 184.86132018916942, 1.9997999999999971, 2.0, 2.0, 2.0
687, 183.77126490375008, 1.9997999999999971, 2.0, 2.0, 2.0
688, 182.68120961833085, 1.9997999999999971, 2.0, 2.0, 2.0
689, 181.59115433291151, 1.9997999999999971, 2.0, 2.0, 2.0
690, 180.50109904749218, 1.9997999999999971, 2.0, 2.0, 2.0
691, 179.41104376207295, 1.9997999999999971, 2.0, 2.0, 2.0
692, 178.3209884766536, 1.9997999999999971, 2.0, 2.0, 2.0
693, 177.23093319123427, 1.9997999999999971, 2.0, 2.0, 2.0
694, 176.14087790581505, 1.9997999999999971, 2.0, 2.0, 2.0
695, 175.0508226203957, 1.9997999999999971, 2.0, 2.0, 2.0
696, 173.96076733497637, 1.9997999999999971, 2.0, 2.0, 2.0
697, 172.87071204955714, 1.9997999999999971, 2.0, 2.0, 2.0
698, 171.7806567641378, 1.9997999999999971, 2.0, 2.0, 2.0
699, 170.69060147871846, 1.9997999999999971, 2.0, 2.0, 2.0
