Extraction [ img/BLANCs2.png ] effectuee 2026-04-16 16:41:47.102345
Calibration: -0.6036*x + 675.3 [Largeur 500]

pixel, longueur d'onde, intensite, r, g, b
0, 675.3, 12.939492, 28.48, 5.98, 8.04
1, 674.6963999999999, 13.893633999999999, 29.46, 6.92, 9.0
2, 674.0928, 14.363645999999994, 29.94, 7.62, 8.26
3, 673.4892, 14.403641999999998, 29.98, 7.66, 8.3
4, 672.8856, 14.692497999999992, 31.42, 7.38, 8.5
5, 672.2819999999999, 15.092458000000008, 31.82, 7.78, 8.9
6, 671.6784, 15.028411999999996, 32.68, 7.4, 8.04
7, 671.0748, 14.912338, 32.62, 7.26, 7.9
8, 670.4712, 15.337825999999998, 33.74, 7.5, 7.46
9, 669.8675999999999, 15.817778000000002, 34.22, 7.98, 7.94
10, 669.264, 15.944982000000005, 34.58, 8.06, 7.7
11, 668.6604, 17.040312000000004, 35.68, 9.16, 8.76
12, 668.0568, 16.363506, 35.74, 8.26, 7.3
13, 667.4531999999999, 16.323510000000006, 35.7, 8.22, 7.26
14, 666.8496, 16.734821999999998, 36.98, 8.3, 7.1
15, 666.246, 18.054689999999997, 38.3, 9.62, 8.42
16, 665.6424, 17.596224, 38.96, 8.6, 7.92
17, 665.0387999999999, 17.716211999999995, 39.08, 8.72, 8.04
18, 664.4352, 17.572598000000003, 39.22, 8.54, 7.34
19, 663.8316, 18.532501999999994, 40.18, 9.5, 8.3
20, 663.228, 19.420896000000003, 41.84, 10.04, 8.96
21, 662.6243999999999, 19.015389999999993, 41.5, 9.6, 8.56
22, 662.0208, 19.033360000000002, 42.6, 9.02, 8.82
23, 661.4172, 19.138466000000005, 42.74, 9.12, 8.86
24, 660.8136, 19.962180000000004, 44.2, 9.64, 9.58
25, 660.2099999999999, 20.806995999999994, 45.04, 10.5, 10.36
26, 659.6064, 22.133830000000007, 46.5, 11.78, 11.58
27, 659.0028, 22.09383400000001, 46.46, 11.74, 11.54
28, 658.3992, 21.936296, 47.04, 11.32, 10.8
29, 657.7955999999999, 22.145736000000003, 47.24, 11.54, 10.98
30, 657.192, 23.013706, 48.54, 12.38, 10.86
31, 656.5884, 23.204566, 48.74, 12.58, 10.98
32, 655.9848, 23.560318000000006, 49.82, 12.64, 10.96
33, 655.3811999999999, 24.948879999999996, 51.4, 14.1, 11.48
34, 654.7776, 25.400194000000006, 52.46, 14.5, 10.6
35, 654.174, 26.032810000000005, 53.1, 15.38, 9.94
36, 653.5704, 26.128716, 53.44, 15.58, 8.86
37, 652.9667999999999, 26.55383, 53.7, 16.3, 8.2
38, 652.3632, 27.014502000000004, 54.58, 16.66, 8.08
39, 651.7596, 26.941765999999998, 54.54, 16.84, 6.62
40, 651.156, 26.94233999999999, 55.4, 16.64, 5.4
41, 650.5523999999999, 27.337591999999994, 55.88, 17.1, 5.24
42, 649.9488, 27.624295999999994, 56.84, 17.22, 4.62
43, 649.3452, 28.813637999999983, 58.02, 18.42, 5.78
44, 648.7416, 29.42277, 59.1, 18.9, 5.82
45, 648.1379999999999, 29.659388000000007, 59.32, 19.16, 5.98
46, 647.5344, 30.401540000000004, 60.4, 19.82, 6.26
47, 646.9308, 30.628515999999994, 60.64, 20.1, 6.18
48, 646.3272, 30.754609999999992, 61.1, 20.1, 6.08
49, 645.7235999999999, 31.980102000000002, 62.38, 21.4, 6.78
50, 645.12, 32.62544600000001, 63.94, 21.74, 6.6
51, 644.5164, 32.94973400000001, 64.26, 22.18, 6.34
52, 643.9128, 33.84447199999999, 65.28, 23.08, 6.88
53, 643.3091999999999, 34.12688200000001, 65.58, 23.42, 6.82
54, 642.7056, 35.31848600000001, 67.34, 24.48, 7.2
55, 642.102, 35.59263800000001, 67.62, 24.82, 7.12
56, 641.4984, 35.470814, 67.86, 24.7, 6.04
57, 640.8947999999999, 36.254376, 68.64, 25.56, 6.44
58, 640.2912, 37.050430000000006, 69.9, 26.36, 6.0
59, 639.6876, 37.896946, 70.74, 27.32, 6.28
60, 639.084, 38.69444000000002, 71.8, 28.1, 6.48
61, 638.4803999999999, 38.98054800000001, 72.12, 28.44, 6.4
62, 637.8768, 39.1333, 72.8, 28.42, 6.06
63, 637.2732, 39.68948800000001, 73.32, 29.06, 6.28
64, 636.6696, 40.155854000000005, 74.06, 29.4, 6.68
65, 636.0659999999999, 40.545218, 74.42, 29.88, 6.68
66, 635.4624, 41.17431800000002, 75.02, 30.72, 6.3
67, 634.8588, 41.407612000000015, 75.28, 31.02, 6.12
68, 634.2552, 42.014862000000015, 76.38, 31.44, 6.4
69, 633.6515999999999, 43.223621999999985, 77.58, 32.76, 7.06
70, 633.048, 43.93070999999999, 78.5, 33.5, 7.04
71, 632.4444, 45.286512, 79.88, 34.94, 7.9
72, 631.8408, 45.360721999999996, 80.38, 34.94, 7.24
73, 631.2371999999999, 46.42863400000001, 81.46, 36.12, 7.7
74, 630.6336, 46.15883999999999, 81.6, 35.76, 6.82
75, 630.03, 46.56453799999999, 82.02, 36.28, 6.6
76, 629.4264, 46.75435600000001, 82.44, 36.44, 6.34
77, 628.8227999999999, 47.113956, 82.84, 36.88, 6.18
78, 628.2192, 47.23900399999999, 83.16, 37.0, 5.82
79, 627.6156, 47.52825399999999, 83.46, 37.34, 5.82
80, 627.012, 47.51808999999999, 83.5, 37.38, 5.42
81, 626.4083999999999, 48.52338799999998, 84.52, 38.48, 5.9
82, 625.8048, 50.17744000000002, 86.6, 40.06, 6.82
83, 625.2012, 50.660757999999994, 87.02, 40.72, 6.56
84, 624.5975999999999, 50.68033800000001, 87.42, 40.74, 5.58
85, 623.9939999999999, 51.72591400000002, 88.46, 41.98, 5.64
86, 623.3904, 52.654770000000006, 89.5, 43.06, 5.5
87, 622.7868, 52.54085999999998, 89.4, 43.08, 4.66
88, 622.1831999999999, 52.742082, 89.38, 43.6, 3.8
89, 621.5795999999999, 53.36600000000001, 90.0, 44.32, 3.94
90, 620.976, 54.842285999999994, 91.34, 46.04, 4.52
91, 620.3724, 55.238830000000014, 91.7, 46.54, 4.48
92, 619.7687999999999, 56.55771599999999, 92.64, 48.18, 5.14
93, 619.1651999999999, 55.94166599999997, 91.94, 47.72, 3.94
94, 618.5616, 56.29722999999999, 91.7, 48.58, 3.26
95, 617.958, 57.554151999999995, 92.88, 50.0, 3.88
96, 617.3543999999999, 57.40196399999999, 92.16, 50.22, 3.3
97, 616.7507999999999, 57.623118, 92.22, 50.64, 2.92
98, 616.1472, 59.437116, 94.04, 52.52, 4.38
99, 615.5436, 60.48284, 95.0, 53.7, 4.96
100, 614.9399999999999, 60.50582799999998, 94.72, 53.94, 4.66
101, 614.3363999999999, 60.93057000000001, 95.1, 54.54, 4.3
102, 613.7328, 61.677090000000014, 95.3, 55.64, 4.66
103, 613.1292, 62.206904000000016, 95.76, 56.32, 4.6
104, 612.5255999999999, 63.02796400000001, 96.36, 57.32, 5.08
105, 611.9219999999999, 64.15833200000002, 97.48, 58.52, 5.88
106, 611.3184, 64.594684, 97.36, 59.34, 5.8
107, 610.7148, 65.797864, 98.56, 60.6, 6.72
108, 610.1111999999999, 65.58121600000001, 98.04, 60.62, 6.08
109, 609.5075999999999, 66.13842199999998, 98.38, 61.4, 6.06
110, 608.904, 67.45161399999999, 99.46, 63.06, 6.2
111, 608.3004, 69.450002, 101.18, 65.34, 7.48
112, 607.6967999999999, 69.46476200000001, 100.58, 65.76, 7.02
113, 607.0931999999999, 69.566608, 100.52, 66.1, 6.32
114, 606.4896, 69.97103799999998, 100.22, 67.0, 6.02
115, 605.886, 70.39358999999999, 100.5, 67.62, 5.8
116, 605.2823999999999, 70.50590399999999, 100.16, 68.0, 5.72
117, 604.6787999999999, 71.655962, 101.18, 69.3, 6.44
118, 604.0752, 72.732154, 101.26, 70.98, 7.02
119, 603.4716, 74.09306799999999, 102.32, 72.58, 7.94
120, 602.8679999999999, 74.54124800000001, 101.92, 73.52, 8.08
121, 602.2643999999999, 75.042676, 101.84, 74.38, 8.26
122, 601.6608, 75.38464, 101.4, 75.14, 8.5
123, 601.0572, 75.58045999999999, 101.0, 75.72, 8.28
124, 600.4535999999999, 76.327622, 100.78, 77.0, 8.82
125, 599.8499999999999, 76.52159199999998, 100.28, 77.62, 8.64
126, 599.2464, 77.188636, 99.84, 78.86, 9.26
127, 598.6428, 78.41368999999999, 100.5, 80.44, 10.14
128, 598.0391999999999, 79.08943000000001, 100.7, 81.4, 10.6
129, 597.4355999999999, 80.12106800000001, 100.92, 82.96, 11.04
130, 596.832, 81.09493399999998, 101.06, 84.54, 11.08
131, 596.2284, 82.048894, 101.26, 86.04, 11.2
132, 595.6247999999999, 82.54789, 100.9, 87.12, 10.96
133, 595.0211999999999, 83.66845799999999, 101.22, 88.8, 11.3
134, 594.4176, 84.56643400000003, 101.86, 90.0, 11.32
135, 593.814, 84.54354, 100.8, 90.66, 10.5
136, 593.2103999999999, 85.66361200000001, 101.28, 92.18, 11.24
137, 592.6067999999999, 85.878662, 101.18, 92.64, 11.02
138, 592.0032, 86.01402000000002, 100.4, 93.26, 11.06
139, 591.3996, 86.55495, 99.9, 94.44, 11.04
140, 590.7959999999999, 86.91463600000003, 99.84, 95.06, 11.16
141, 590.1923999999999, 87.11917, 97.9, 96.54, 10.42
142, 589.5888, 87.99945799999998, 98.22, 97.9, 10.3
143, 588.9852, 89.03186999999998, 97.9, 99.88, 10.0
144, 588.3815999999999, 90.29944399999998, 98.16, 101.74, 10.86
145, 587.7779999999999, 90.78013999999999, 97.6, 102.98, 10.16
146, 587.1744, 91.45350600000005, 96.74, 104.6, 9.98
147, 586.5708, 92.16582199999999, 95.78, 106.38, 9.58
148, 585.9671999999999, 92.67806600000002, 95.34, 107.5, 9.46
149, 585.3635999999999, 93.20749999999997, 93.6, 109.42, 8.78
150, 584.76, 93.56281199999998, 92.28, 110.88, 7.84
151, 584.1564, 93.75455999999998, 90.2, 112.46, 6.84
152, 583.5527999999999, 94.57096600000001, 89.74, 114.12, 6.66
153, 582.9491999999999, 95.21539400000003, 88.66, 115.76, 6.7
154, 582.3456, 95.22339799999997, 87.42, 116.44, 6.52
155, 581.742, 95.37726599999996, 85.54, 117.64, 6.62
156, 581.1383999999999, 95.28268200000001, 83.98, 118.18, 7.1
157, 580.5347999999999, 95.80997400000003, 82.06, 119.92, 7.8
158, 579.9312, 96.98918599999993, 81.14, 122.04, 9.64
159, 579.3276, 96.78570599999998, 78.54, 123.06, 9.42
160, 578.7239999999999, 96.73761999999996, 77.2, 123.54, 10.04
161, 578.1203999999999, 96.68786799999997, 75.12, 124.46, 10.32
162, 577.5168, 97.082748, 73.52, 125.66, 11.8
163, 576.9132, 97.09458800000002, 71.32, 126.68, 12.42
164, 576.3095999999999, 97.35682000000004, 70.4, 127.3, 13.94
165, 575.7059999999999, 97.19049200000003, 67.88, 128.16, 14.66
166, 575.1024, 96.91748399999997, 65.36, 128.78, 15.68
167, 574.4988, 97.14630399999999, 62.96, 130.12, 17.08
168, 573.8951999999999, 97.28961599999998, 61.04, 131.0, 18.84
169, 573.2915999999999, 97.52715999999997, 58.8, 132.32, 20.0
170, 572.688, 97.584998, 57.42, 132.76, 21.86
171, 572.0844, 98.60079999999999, 56.2, 134.7, 23.98
172, 571.4807999999999, 97.35507200000002, 53.68, 133.76, 24.5
173, 570.8771999999999, 98.24728400000004, 52.76, 135.36, 26.5
174, 570.2736, 98.42430799999998, 51.72, 135.76, 28.72
175, 569.67, 98.24944999999998, 50.1, 136.12, 29.58
176, 569.0663999999999, 98.16235, 49.1, 136.24, 30.82
177, 568.4627999999999, 98.28534400000001, 48.16, 136.8, 31.48
178, 567.8592, 98.58394200000002, 47.38, 137.5, 32.54
179, 567.2556, 98.32044600000003, 46.54, 137.44, 32.74
180, 566.6519999999999, 98.93879400000002, 45.86, 138.56, 34.18
181, 566.0483999999999, 98.712582, 44.98, 138.58, 34.4
182, 565.4448, 98.78894599999995, 43.94, 138.96, 35.84
183, 564.8412, 98.88171600000001, 43.44, 139.26, 36.42
184, 564.2375999999999, 98.86955599999999, 42.24, 139.66, 37.4
185, 563.6339999999999, 99.25400600000003, 42.14, 140.16, 38.46
186, 563.0304, 99.36158799999997, 41.32, 140.52, 39.7
187, 562.4268, 99.17167200000002, 40.28, 140.66, 40.04
188, 561.8231999999999, 98.34220599999998, 38.34, 140.06, 40.94
189, 561.2195999999999, 97.14295599999997, 35.64, 139.52, 40.28
190, 560.616, 98.83512599999996, 36.74, 141.26, 43.28
191, 560.0124, 98.92499399999997, 35.46, 141.96, 43.82
192, 559.4087999999999, 98.718618, 34.22, 142.1, 44.54
193, 558.8052, 98.25131000000005, 32.3, 142.2, 44.96
194, 558.2016, 98.47289199999999, 31.48, 142.56, 47.2
195, 557.598, 98.154816, 29.84, 142.76, 47.68
196, 556.9943999999999, 98.39285799999999, 29.22, 143.12, 49.54
197, 556.3907999999999, 97.57671400000002, 27.06, 142.88, 49.28
198, 555.7872, 97.47931399999997, 25.86, 142.96, 51.16
199, 555.1836, 98.44811000000001, 25.7, 144.42, 52.56
200, 554.5799999999999, 97.87152800000001, 23.92, 144.08, 53.92
201, 553.9764, 97.66660600000002, 22.94, 144.16, 54.28
202, 553.3728, 97.46469200000003, 21.88, 144.08, 55.7
203, 552.7692, 97.59316999999999, 21.3, 144.4, 56.7
204, 552.1655999999999, 97.13065999999999, 20.0, 143.94, 58.42
205, 551.5619999999999, 97.23889199999999, 19.48, 144.16, 59.6
206, 550.9584, 96.746368, 18.12, 143.66, 61.42
207, 550.3548, 96.419114, 17.26, 143.42, 62.04
208, 549.7511999999999, 96.65518200000001, 16.58, 143.78, 64.04
209, 549.1476, 97.24392199999998, 16.58, 144.48, 65.6
210, 548.544, 95.679618, 14.42, 142.88, 65.78
211, 547.9404, 95.752232, 13.88, 143.1, 66.7
212, 547.3367999999999, 95.29890999999998, 12.7, 142.68, 67.98
213, 546.7331999999999, 95.634114, 12.06, 143.34, 69.2
214, 546.1296, 95.33583799999998, 10.62, 143.2, 71.08
215, 545.526, 95.05698999999996, 9.3, 143.3, 71.58
216, 544.9223999999999, 94.54974, 7.8, 142.92, 73.02
217, 544.3188, 94.10009800000002, 6.42, 142.88, 72.9
218, 543.7152, 94.13465599999998, 5.84, 143.04, 73.9
219, 543.1116, 93.98739400000002, 5.26, 143.1, 73.82
220, 542.5079999999999, 93.805576, 4.04, 143.26, 74.6
221, 541.9043999999999, 93.11442199999998, 2.98, 142.7, 74.2
222, 541.3008, 93.06044600000001, 2.14, 142.76, 75.62
223, 540.6972, 93.59025000000001, 2.5, 143.32, 76.44
224, 540.0935999999999, 93.32191000000003, 1.5, 143.24, 77.12
225, 539.49, 93.38633800000004, 1.42, 143.34, 77.38
226, 538.8864, 93.34115400000002, 0.86, 143.42, 78.04
227, 538.2828, 93.18354000000004, 0.6, 143.28, 78.06
228, 537.6791999999999, 93.23408999999998, 0.7, 143.02, 79.58
229, 537.0755999999999, 93.47942199999996, 0.98, 143.14, 80.38
230, 536.472, 93.423788, 0.92, 142.8, 81.8
231, 535.8684, 93.28200199999999, 0.78, 142.42, 82.88
232, 535.2647999999999, 93.31341599999998, 0.84, 142.14, 84.44
233, 534.6612, 93.47693200000002, 1.08, 142.04, 85.76
234, 534.0576, 93.12114, 1.0, 141.16, 87.38
235, 533.454, 92.83613599999998, 0.84, 140.62, 88.08
236, 532.8503999999999, 92.37474400000002, 0.96, 139.4, 90.0
237, 532.2467999999999, 91.81660799999996, 0.52, 138.58, 90.48
238, 531.6432, 91.62662599999996, 1.14, 137.56, 92.44
239, 531.0396, 91.70639399999996, 1.26, 137.46, 93.34
240, 530.4359999999999, 91.21176000000001, 1.0, 136.54, 94.42
241, 529.8324, 91.27023600000003, 1.04, 136.46, 95.24
242, 529.2288, 91.37162399999995, 0.96, 136.32, 97.06
243, 528.6252, 91.281732, 0.88, 136.06, 97.82
244, 528.0215999999999, 90.776348, 0.92, 135.0, 98.74
245, 527.4179999999999, 90.24422200000001, 0.58, 134.22, 98.98
246, 526.8144, 90.22276, 1.0, 133.62, 100.78
247, 526.2108, 90.16389200000003, 0.88, 133.34, 102.02
248, 525.6071999999999, 89.76320600000001, 0.94, 132.32, 103.6
249, 525.0036, 89.435858, 0.62, 131.7, 104.76
250, 524.4, 89.317608, 1.12, 130.84, 106.84
251, 523.7964, 88.79816600000002, 0.74, 129.9, 108.12
252, 523.1927999999999, 88.23847799999997, 1.02, 128.4, 110.2
253, 522.5891999999999, 87.961656, 0.84, 127.62, 112.26
254, 521.9856, 87.48546599999997, 1.14, 126.12, 115.02
255, 521.382, 86.88982199999995, 0.78, 125.04, 116.3
256, 520.7783999999999, 86.334112, 0.88, 123.72, 117.96
257, 520.1748, 86.032706, 0.54, 123.1, 119.4
258, 519.5712, 85.520386, 0.94, 121.74, 120.86
259, 518.9676, 85.076376, 0.64, 120.88, 122.18
260, 518.3639999999999, 84.46166, 0.8, 119.46, 123.68
261, 517.7603999999999, 84.38412399999999, 0.96, 119.06, 124.64
262, 517.1568, 83.17332600000002, 0.74, 117.02, 125.1
263, 516.5532, 83.43874600000001, 0.94, 117.18, 126.08
264, 515.9495999999999, 82.89284400000003, 0.96, 116.1, 126.8
265, 515.346, 82.64907000000001, 0.7, 115.72, 127.3
266, 514.7424, 82.39392, 1.2, 114.72, 128.9
267, 514.1388, 81.81362999999999, 0.7, 113.92, 129.24
268, 513.5351999999999, 81.05523399999997, 1.06, 112.2, 130.5
269, 512.9315999999999, 80.373722, 0.78, 111.1, 130.92
270, 512.328, 79.628364, 1.56, 109.2, 132.12
271, 511.72439999999995, 78.235084, 0.76, 107.16, 132.5
272, 511.1207999999999, 77.12272599999997, 0.74, 104.98, 134.02
273, 510.51719999999995, 76.21963000000001, 0.5, 103.42, 134.76
274, 509.9136, 75.576468, 0.72, 101.82, 136.78
275, 509.30999999999995, 74.80109599999997, 0.64, 100.4, 137.5
276, 508.7063999999999, 73.65487999999999, 0.8, 98.16, 138.56
277, 508.10279999999995, 72.713114, 0.46, 96.62, 139.12
278, 507.4992, 72.00759, 0.9, 94.86, 140.84
279, 506.89559999999994, 71.03525599999999, 0.64, 93.2, 141.54
280, 506.2919999999999, 69.78664800000001, 0.92, 90.74, 142.52
281, 505.68839999999994, 69.04088799999998, 0.52, 89.58, 143.0
282, 505.0848, 68.65607999999996, 1.4, 88.22, 144.32
283, 504.48119999999994, 67.51396799999998, 0.72, 86.64, 144.22
284, 503.8775999999999, 66.13471400000002, 1.26, 83.86, 145.02
285, 503.27399999999994, 64.67106399999999, 0.76, 81.66, 144.82
286, 502.6704, 63.480229999999985, 1.3, 79.1, 146.14
287, 502.06679999999994, 61.94912999999996, 0.5, 77.0, 145.62
288, 501.4631999999999, 61.33833199999998, 1.08, 75.4, 146.98
289, 500.85959999999994, 60.57113400000001, 0.86, 74.24, 146.8
290, 500.256, 60.10725800000002, 1.22, 73.08, 147.76
291, 499.65239999999994, 59.79517600000001, 1.04, 72.64, 147.76
292, 499.0487999999999, 59.414989999999996, 1.5, 71.56, 148.78
293, 498.44519999999994, 58.533844000000016, 0.76, 70.56, 148.14
294, 497.84159999999997, 57.64452600000001, 1.14, 68.7, 148.92
295, 497.23799999999994, 57.100974000000015, 0.66, 68.1, 148.5
296, 496.6343999999999, 56.357628, 1.12, 66.58, 148.6
297, 496.03079999999994, 56.044718, 1.02, 66.16, 148.28
298, 495.42719999999997, 54.99560600000001, 1.14, 64.3, 148.34
299, 494.82359999999994, 54.128606, 0.54, 63.28, 147.56
300, 494.2199999999999, 53.656625999999996, 1.34, 61.82, 148.84
301, 493.61639999999994, 53.14792599999999, 1.34, 61.0, 148.6
302, 493.01279999999997, 51.96830800000001, 1.72, 58.56, 149.82
303, 492.40919999999994, 51.222215999999996, 1.24, 57.58, 149.58
304, 491.8055999999999, 50.15356000000001, 1.2, 55.64, 150.3
305, 491.20199999999994, 49.570503999999964, 0.96, 54.8, 150.14
306, 490.59839999999997, 48.94824400000002, 1.16, 53.44, 151.16
307, 489.99479999999994, 48.07175199999997, 0.68, 52.3, 150.6
308, 489.3911999999999, 46.81825200000001, 0.88, 50.02, 150.82
309, 488.78759999999994, 46.55429999999999, 0.8, 49.58, 150.98
310, 488.18399999999997, 45.87047600000002, 1.44, 47.86, 152.16
311, 487.58039999999994, 45.061122, 0.78, 46.86, 151.94
312, 486.9767999999999, 44.577861999999975, 1.18, 45.6, 153.14
313, 486.37319999999994, 43.917466, 0.74, 44.8, 152.62
314, 485.76959999999997, 43.718279999999986, 1.2, 44.04, 153.58
315, 485.16599999999994, 43.20122799999999, 0.92, 43.36, 153.28
316, 484.5623999999999, 42.149643999999995, 0.96, 41.42, 153.94
317, 483.95879999999994, 41.18770399999998, 0.36, 40.18, 153.46
318, 483.35519999999997, 40.37499000000002, 1.1, 38.24, 154.38
319, 482.75159999999994, 39.60301400000001, 0.66, 37.18, 154.22
320, 482.1479999999999, 38.826967999999994, 1.12, 35.48, 154.96
321, 481.54439999999994, 37.87898399999999, 0.76, 34.06, 154.9
322, 480.94079999999997, 36.813593999999995, 1.46, 31.64, 156.18
323, 480.33719999999994, 35.46759, 0.7, 29.8, 155.84
324, 479.7335999999999, 34.412641999999984, 0.98, 27.6, 157.18
325, 479.12999999999994, 33.539068, 0.52, 26.28, 157.52
326, 478.52639999999997, 32.515958, 1.62, 23.74, 158.74
327, 477.92279999999994, 31.689030000000006, 1.3, 22.3, 159.74
328, 477.3191999999999, 30.556829999999994, 1.9, 19.72, 161.52
329, 476.71559999999994, 28.975185999999997, 0.94, 17.46, 161.8
330, 476.11199999999997, 27.772641999999987, 1.18, 15.06, 162.98
331, 475.50839999999994, 26.909999999999997, 1.2, 13.32, 164.32
332, 474.9047999999999, 24.83201800000001, 1.02, 9.86, 164.38
333, 474.30119999999994, 23.55345, 0.9, 7.44, 165.94
334, 473.69759999999997, 21.241221999999993, 0.58, 3.66, 165.96
335, 473.09399999999994, 20.074614, 0.26, 1.82, 166.04
336, 472.4903999999999, 20.069691999999996, 1.48, 0.6, 169.08
337, 471.88679999999994, 19.977032000000005, 1.48, 0.38, 169.4
338, 471.28319999999997, 20.163619999999995, 1.6, 0.26, 171.34
339, 470.67959999999994, 20.17064199999999, 1.58, 0.22, 171.66
340, 470.0759999999999, 20.256007999999998, 1.12, 0.32, 173.1
341, 469.47239999999994, 20.383325999999993, 1.34, 0.32, 173.64
342, 468.86879999999996, 20.462393999999996, 0.46, 0.46, 175.92
343, 468.26519999999994, 20.811479999999992, 0.8, 0.8, 176.34
344, 467.6615999999999, 20.554166, 0.54, 0.16, 178.06
345, 467.05799999999994, 20.789241999999994, 0.78, 0.38, 178.36
346, 466.45439999999996, 20.754997999999997, 0.62, 0.24, 179.2
347, 465.85079999999994, 20.841581999999995, 0.78, 0.24, 179.54
348, 465.2471999999999, 21.043207999999996, 0.72, 0.28, 181.26
349, 464.64359999999994, 21.163933999999998, 0.86, 0.36, 181.54
350, 464.03999999999996, 21.38286800000001, 0.52, 0.44, 183.94
351, 463.43639999999994, 21.475304000000015, 0.56, 0.48, 184.44
352, 462.8327999999999, 21.529178, 0.62, 0.18, 186.3
353, 462.22919999999993, 21.628055999999997, 0.64, 0.28, 186.6
354, 461.62559999999996, 21.819270000000003, 0.7, 0.28, 188.12
355, 461.02199999999993, 21.964646, 0.94, 0.32, 188.56
356, 460.4183999999999, 22.124338, 1.02, 0.26, 190.06
357, 459.81479999999993, 22.19634600000001, 1.14, 0.24, 190.48
358, 459.21119999999996, 22.552866000000005, 1.34, 0.26, 192.98
359, 458.60759999999993, 22.536964, 1.36, 0.18, 193.2
360, 458.0039999999999, 22.796143999999995, 1.16, 0.3, 195.38
361, 457.40039999999993, 23.023916000000007, 1.44, 0.46, 195.82
362, 456.79679999999996, 22.995118, 1.22, 0.22, 197.38
363, 456.19319999999993, 23.21592600000001, 1.54, 0.34, 197.86
364, 455.5895999999999, 23.366767999999993, 1.32, 0.34, 199.76
365, 454.98599999999993, 23.463798, 1.42, 0.4, 200.04
366, 454.38239999999996, 23.64915600000001, 1.24, 0.52, 201.52
367, 453.77879999999993, 23.86771600000001, 1.44, 0.74, 201.78
368, 453.1751999999999, 23.815134000000008, 1.46, 0.38, 203.12
369, 452.57159999999993, 23.702416000000007, 1.24, 0.3, 203.12
370, 451.96799999999996, 24.318886000000006, 1.74, 0.68, 205.26
371, 451.36439999999993, 24.15594200000001, 1.58, 0.48, 205.28
372, 450.7607999999999, 23.98322199999999, 1.38, 0.14, 206.04
373, 450.15719999999993, 23.99690199999999, 1.38, 0.14, 206.16
374, 449.55359999999996, 24.34640999999999, 1.7, 0.32, 207.46
375, 448.94999999999993, 24.497795999999994, 1.84, 0.46, 207.7
376, 448.3463999999999, 24.512359999999997, 1.6, 0.44, 208.56
377, 447.74279999999993, 24.57907, 1.7, 0.46, 208.78
378, 447.13919999999996, 24.541626, 1.54, 0.4, 209.18
379, 446.53559999999993, 24.64007399999999, 1.66, 0.46, 209.42
380, 445.9319999999999, 24.618839999999995, 1.6, 0.4, 209.7
381, 445.32839999999993, 24.638837999999996, 1.62, 0.42, 209.72
382, 444.72479999999996, 24.708714000000008, 1.66, 0.34, 210.64
383, 444.12119999999993, 24.697836, 1.64, 0.32, 210.7
384, 443.51759999999996, 24.65638799999999, 1.52, 0.26, 210.96
385, 442.914, 24.93047399999999, 1.86, 0.48, 211.34
386, 442.31039999999996, 25.00637, 1.9, 0.62, 211.18
387, 441.70679999999993, 24.82793000000001, 1.7, 0.48, 210.86
388, 441.10319999999996, 24.806208, 1.72, 0.46, 210.72
389, 440.4996, 24.413245999999994, 1.34, 0.12, 210.02
390, 439.89599999999996, 24.437837999999985, 1.42, 0.16, 209.82
391, 439.29239999999993, 24.64201399999999, 1.66, 0.44, 209.54
392, 438.68879999999996, 24.422035999999984, 1.44, 0.22, 209.32
393, 438.0852, 24.394277999999982, 1.42, 0.28, 208.82
394, 437.48159999999996, 24.533527999999986, 1.72, 0.38, 208.74
395, 436.87799999999993, 24.30243199999999, 1.48, 0.26, 207.96
396, 436.27439999999996, 24.207228000000015, 1.52, 0.26, 207.02
397, 435.6708, 24.145270000000004, 1.5, 0.32, 206.22
398, 435.06719999999996, 24.01376800000001, 1.52, 0.28, 205.22
399, 434.46359999999993, 23.981855999999997, 1.44, 0.48, 204.12
400, 433.85999999999996, 23.647754, 1.26, 0.22, 203.0
401, 433.2564, 23.497522000000004, 1.18, 0.3, 201.48
402, 432.65279999999996, 23.264644000000004, 0.96, 0.26, 200.22
403, 432.0491999999999, 23.113002000000005, 0.78, 0.54, 197.92
404, 431.44559999999996, 22.900185999999998, 1.14, 0.2, 196.86
405, 430.842, 22.482783999999995, 0.76, 0.3, 193.68
406, 430.23839999999996, 22.626730000000013, 1.3, 0.48, 192.6
407, 429.6347999999999, 22.242631999999993, 0.88, 0.56, 189.92
408, 429.03119999999996, 21.941935999999995, 0.84, 0.34, 188.52
409, 428.4276, 21.54427400000001, 0.46, 0.26, 186.44
410, 427.82399999999996, 21.524481999999992, 0.98, 0.28, 184.8
411, 427.2203999999999, 21.205825999999988, 0.74, 0.24, 182.84
412, 426.61679999999996, 21.159717999999987, 1.22, 0.22, 181.28
413, 426.0132, 20.862578, 1.02, 0.34, 178.58
414, 425.40959999999995, 20.492991999999994, 0.88, 0.24, 176.22
415, 424.8059999999999, 20.163376000000003, 0.64, 0.36, 173.34
416, 424.20239999999995, 20.04516, 1.0, 0.22, 172.08
417, 423.5988, 19.879906000000005, 0.94, 0.54, 169.14
418, 422.99519999999995, 19.387159999999998, 1.0, 0.14, 166.72
419, 422.3915999999999, 18.977675999999995, 0.64, 0.22, 163.66
420, 421.78799999999995, 18.789175999999998, 0.84, 0.1, 162.1
421, 421.1844, 18.463632000000008, 0.68, 0.26, 158.84
422, 420.58079999999995, 18.237394, 1.06, 0.12, 156.58
423, 419.9771999999999, 17.736153999999996, 0.66, 0.2, 152.82
424, 419.37359999999995, 17.741884000000002, 1.36, 0.3, 150.52
425, 418.7699999999999, 17.201444000000002, 0.96, 0.22, 147.24
426, 418.16639999999995, 17.148494, 1.26, 0.28, 145.68
427, 417.5627999999999, 16.812776, 1.04, 0.36, 142.9
428, 416.95919999999995, 16.659157999999998, 1.42, 0.2, 141.38
429, 416.3555999999999, 16.406292, 1.28, 0.26, 139.22
430, 415.75199999999995, 16.240624000000004, 1.36, 0.24, 137.66
431, 415.1483999999999, 15.985808000000002, 1.12, 0.2, 136.26
432, 414.54479999999995, 15.799436000000004, 1.04, 0.3, 134.32
433, 413.9411999999999, 15.804527999999998, 1.12, 0.4, 133.64
434, 413.33759999999995, 15.485128000000001, 1.12, 0.12, 132.28
435, 412.7339999999999, 15.394541999999992, 1.18, 0.04, 131.74
436, 412.13039999999995, 15.41603199999999, 1.08, 0.38, 130.44
437, 411.5267999999999, 15.405411999999997, 1.08, 0.56, 129.42
438, 410.92319999999995, 15.076154000000006, 1.06, 0.32, 127.82
439, 410.3195999999999, 14.681352000000004, 0.68, 0.14, 126.28
440, 409.71599999999995, 14.59025399999999, 0.86, 0.2, 124.7
441, 409.1123999999999, 14.615375999999992, 0.84, 0.42, 123.84
442, 408.50879999999995, 14.432725999999995, 0.74, 0.42, 122.5
443, 407.9051999999999, 14.122237999999998, 0.62, 0.36, 120.4
444, 407.30159999999995, 13.792710000000007, 0.9, 0.06, 118.32
445, 406.6979999999999, 13.395148000000011, 0.52, 0.12, 115.52
446, 406.09439999999995, 13.335481999999999, 0.78, 0.22, 113.8
447, 405.4907999999999, 13.114420000000003, 0.6, 0.44, 111.2
448, 404.88719999999995, 12.939606000000001, 1.34, 0.08, 109.58
449, 404.2835999999999, 12.964090000000008, 1.3, 0.48, 107.84
450, 403.67999999999995, 12.92595600000001, 1.64, 0.44, 106.82
451, 403.0763999999999, 12.577559999999997, 1.4, 0.26, 105.32
452, 402.47279999999995, 12.344036, 1.24, 0.2, 104.0
453, 401.8691999999999, 12.146842000000003, 0.98, 0.28, 102.54
454, 401.26559999999995, 12.06711, 1.1, 0.32, 101.32
455, 400.6619999999999, 12.224607999999998, 1.32, 0.62, 100.58
456, 400.05839999999995, 11.906961999999996, 0.98, 0.52, 99.2
457, 399.4547999999999, 11.854213999999999, 0.86, 0.6, 98.64
458, 398.85119999999995, 11.743448, 0.92, 0.54, 97.82
459, 398.2475999999999, 11.865193999999999, 1.06, 0.68, 97.8
460, 397.64399999999995, 11.682908, 0.92, 0.6, 96.98
461, 397.0403999999999, 11.598696000000004, 0.84, 0.54, 96.76
462, 396.43679999999995, 11.498438000000004, 1.22, 0.3, 96.12
463, 395.8331999999999, 11.325975999999999, 1.04, 0.16, 95.8
464, 395.22959999999995, 11.339110000000005, 1.1, 0.28, 95.14
465, 394.6259999999999, 11.320994000000015, 1.06, 0.32, 94.88
466, 394.02239999999995, 11.055360000000006, 1.0, 0.1, 93.84
467, 393.4187999999999, 11.256144000000004, 1.16, 0.38, 93.74
468, 392.81519999999995, 11.050228000000002, 0.92, 0.4, 92.46
469, 392.2115999999999, 11.087422000000002, 0.98, 0.46, 92.32
470, 391.60799999999995, 10.966795999999999, 0.84, 0.52, 91.32
471, 391.0043999999999, 10.839694, 0.66, 0.5, 90.78
472, 390.40079999999995, 10.880007999999998, 0.92, 0.58, 90.04
473, 389.7971999999999, 10.626700000000003, 0.6, 0.56, 88.76
474, 389.19359999999995, 10.563882, 0.78, 0.54, 87.84
475, 388.5899999999999, 10.275321999999996, 0.58, 0.36, 86.76
476, 387.98639999999995, 10.203239999999992, 1.2, 0.24, 85.12
477, 387.3827999999999, 10.202999999999992, 1.2, 0.36, 84.5
478, 386.77919999999995, 10.291856000000005, 2.04, 0.34, 83.18
479, 386.1755999999999, 10.361932000000007, 2.08, 0.54, 82.66
480, 385.57199999999995, 10.124860000000005, 2.0, 0.34, 81.82
481, 384.9683999999999, 9.835378000000002, 1.62, 0.32, 80.38
482, 384.36479999999995, 9.902379999999999, 1.8, 0.56, 79.26
483, 383.7611999999999, 9.619149999999998, 1.5, 0.44, 78.18
484, 383.15759999999995, 9.457518, 1.42, 0.52, 76.56
485, 382.5539999999999, 9.432562000000003, 1.38, 0.56, 76.24
486, 381.95039999999995, 9.1005, 1.2, 0.42, 74.52
487, 381.3467999999999, 8.929273999999998, 1.06, 0.32, 73.9
488, 380.74319999999994, 9.083535999999999, 1.04, 0.76, 73.04
489, 380.1395999999999, 9.068596, 1.04, 0.82, 72.6
490, 379.53599999999994, 8.843948000000001, 1.32, 0.52, 71.44
491, 378.9323999999999, 8.930508000000001, 1.52, 0.62, 71.16
492, 378.32879999999994, 8.429218000000002, 1.22, 0.28, 69.3
493, 377.7251999999999, 8.195354000000004, 1.06, 0.2, 68.08
494, 377.12159999999994, 8.189668000000005, 1.12, 0.42, 66.74
495, 376.5179999999999, 7.823984000000004, 0.76, 0.26, 65.3
496, 375.91439999999994, 7.794692, 0.68, 0.48, 64.12
497, 375.3107999999999, 7.770880000000005, 0.6, 0.62, 63.4
498, 374.70719999999994, 7.428802000000003, 0.38, 0.46, 61.8
499, 374.1035999999999, 7.542788000000001, 0.52, 0.68, 61.3
