Extraction [ img/dil.png ] effectuee 2026-03-26 16:58:28.093969
Calibration: -0.6036*x + 675.3 [Largeur 500]

pixel, longueur d'onde, intensite, r, g, b
0, 675.3, 16.928243333333334, 34.56666666666667, 9.133333333333333, 10.833333333333334
1, 674.6963999999999, 17.414593333333332, 36.06666666666667, 9.133333333333333, 11.166666666666666
2, 674.0928, 17.21663, 37.03333333333333, 8.433333333333334, 10.5
3, 673.4892, 17.37748, 37.53333333333333, 8.433333333333334, 10.6
4, 672.8856, 18.169513333333335, 39.86666666666667, 8.633333333333333, 10.4
5, 672.2819999999999, 18.61986333333333, 41.03333333333333, 8.8, 10.433333333333334
6, 671.6784, 18.774556666666665, 42.1, 8.533333333333333, 10.366666666666667
7, 671.0748, 19.085226666666664, 44.06666666666667, 8.1, 10.166666666666666
8, 670.4712, 19.75506666666667, 45.333333333333336, 8.466666666666667, 10.833333333333334
9, 669.8675999999999, 19.66963, 46.7, 7.8, 9.933333333333334
10, 669.264, 20.685816666666668, 48.5, 8.433333333333334, 10.866666666666667
11, 668.6604, 21.101499999999998, 50.0, 8.3, 11.266666666666667
12, 668.0568, 20.69461666666666, 50.833333333333336, 7.266666666666667, 10.833333333333334
13, 667.4531999999999, 20.60259333333333, 51.4, 6.866666666666666, 10.6
14, 666.8496, 21.32565333333333, 54.46666666666667, 6.433333333333334, 11.133333333333333
15, 666.246, 20.67189666666667, 54.36666666666667, 5.5, 10.466666666666667
16, 665.6424, 21.267426666666672, 56.06666666666667, 5.5, 11.233333333333333
17, 665.0387999999999, 22.145416666666666, 57.833333333333336, 5.966666666666667, 11.9
18, 664.4352, 22.192516666666673, 58.5, 5.733333333333333, 11.766666666666667
19, 663.8316, 22.87684666666667, 60.53333333333333, 5.766666666666667, 12.266666666666667
20, 663.228, 22.118583333333337, 60.5, 4.666666666666667, 11.366666666666667
21, 662.6243999999999, 22.57412, 62.13333333333333, 4.533333333333333, 11.766666666666667
22, 662.0208, 23.614546666666666, 64.2, 5.033333333333333, 12.9
23, 661.4172, 24.19816333333333, 65.7, 5.166666666666667, 13.4
24, 660.8136, 23.549649999999993, 66.16666666666667, 3.966666666666667, 12.666666666666666
25, 660.2099999999999, 24.139739999999996, 68.26666666666667, 3.7666666666666666, 13.366666666666667
26, 659.6064, 24.214166666666664, 69.66666666666667, 3.2, 13.266666666666667
27, 659.0028, 24.238569999999996, 70.96666666666667, 2.566666666666667, 13.333333333333334
28, 658.3992, 24.588879999999996, 72.53333333333333, 2.3333333333333335, 13.5
29, 657.7955999999999, 25.23192333333333, 74.76666666666667, 2.2333333333333334, 13.8
30, 657.192, 25.791970000000003, 76.63333333333334, 2.1333333333333333, 14.333333333333334
31, 656.5884, 26.059756666666665, 78.1, 1.9333333333333333, 13.866666666666667
32, 655.9848, 26.430146666666666, 79.86666666666666, 1.6, 14.2
33, 655.3811999999999, 26.809990000000003, 81.76666666666667, 1.2666666666666666, 14.266666666666667
34, 654.7776, 27.121793333333333, 83.73333333333333, 0.9, 13.733333333333333
35, 654.174, 27.38967333333333, 84.93333333333334, 0.7, 13.966666666666667
36, 653.5704, 28.115913333333335, 86.86666666666666, 0.9333333333333333, 14.066666666666666
37, 652.9667999999999, 28.573713333333327, 88.2, 1.0666666666666667, 13.9
38, 652.3632, 29.07322333333334, 90.1, 1.0666666666666667, 13.3
39, 651.7596, 29.264956666666663, 91.76666666666667, 0.7, 12.5
40, 651.156, 29.779093333333332, 93.06666666666666, 0.9333333333333333, 12.4
41, 650.5523999999999, 30.505643333333328, 95.56666666666666, 0.8333333333333334, 12.733333333333333
42, 649.9488, 30.882040000000003, 96.93333333333334, 0.7333333333333333, 12.966666666666667
43, 649.3452, 31.252126666666676, 98.73333333333333, 0.4666666666666667, 12.866666666666667
44, 648.7416, 31.976006666666663, 100.93333333333334, 0.5666666666666667, 12.933333333333334
45, 648.1379999999999, 32.67343333333334, 102.66666666666667, 0.8333333333333334, 13.133333333333333
46, 647.5344, 33.313296666666666, 104.7, 0.9333333333333333, 12.9
47, 646.9308, 33.62047666666667, 105.9, 1.0333333333333334, 11.933333333333334
48, 646.3272, 33.91707666666667, 107.56666666666666, 0.8, 11.366666666666667
49, 645.7235999999999, 34.45150666666666, 109.6, 0.7333333333333333, 11.066666666666666
50, 645.12, 34.95882333333334, 111.43333333333334, 0.8, 10.366666666666667
51, 644.5164, 34.985040000000005, 112.93333333333334, 0.3333333333333333, 9.066666666666666
52, 643.9128, 36.22679, 115.43333333333334, 1.0333333333333334, 9.8
53, 643.3091999999999, 37.0445, 118.0, 1.1, 9.9
54, 642.7056, 37.213886666666674, 119.46666666666667, 0.7, 9.6
55, 642.102, 37.48233666666666, 120.96666666666667, 0.4, 9.566666666666666
56, 641.4984, 38.58645666666667, 123.43333333333334, 0.9666666666666667, 9.866666666666667
57, 640.8947999999999, 38.75368333333335, 124.5, 0.7666666666666667, 9.566666666666666
58, 640.2912, 39.36694666666667, 126.53333333333333, 0.8666666666666667, 9.1
59, 639.6876, 40.05252333333335, 128.76666666666668, 1.0333333333333334, 8.4
60, 639.084, 40.19156666666667, 130.33333333333334, 0.6666666666666666, 7.4
61, 638.4803999999999, 40.486576666666664, 131.9, 0.5333333333333333, 6.566666666666666
62, 637.8768, 41.30219, 134.76666666666668, 0.5666666666666667, 6.033333333333333
63, 637.2732, 42.04949333333334, 137.06666666666666, 0.7333333333333333, 5.7
64, 636.6696, 42.538893333333334, 139.4, 0.5666666666666667, 4.733333333333333
65, 636.0659999999999, 43.25415333333334, 141.8, 0.6666666666666666, 4.2
66, 635.4624, 43.834390000000006, 143.76666666666668, 0.6666666666666666, 4.133333333333334
67, 634.8588, 44.10495333333335, 145.13333333333333, 0.6, 3.2666666666666666
68, 634.2552, 45.24887333333334, 147.93333333333334, 1.0, 3.9
69, 633.6515999999999, 45.68515666666666, 149.1, 1.2333333333333334, 3.466666666666667
70, 633.048, 45.828300000000006, 150.33333333333334, 0.9333333333333333, 3.033333333333333
71, 632.4444, 46.338076666666666, 152.23333333333332, 0.8666666666666667, 2.8666666666666667
72, 631.8408, 47.12795333333333, 154.46666666666667, 1.1333333333333333, 2.566666666666667
73, 631.2371999999999, 47.34787666666667, 156.23333333333332, 0.6666666666666666, 2.2666666666666666
74, 630.6336, 47.27317333333334, 157.26666666666668, 0.23333333333333334, 1.1333333333333333
75, 630.03, 47.77005666666667, 159.1, 0.13333333333333333, 1.2
76, 629.4264, 48.72544666666667, 161.2, 0.6333333333333333, 1.5
77, 628.8227999999999, 49.520403333333334, 162.96666666666667, 1.1333333333333333, 1.2666666666666666
78, 628.2192, 49.82018000000001, 164.53333333333333, 0.8333333333333334, 1.3333333333333333
79, 627.6156, 50.162940000000006, 165.6, 0.9, 1.2
80, 627.012, 50.56419666666667, 167.03333333333333, 0.8666666666666667, 1.1333333333333333
81, 626.4083999999999, 50.783753333333316, 168.13333333333333, 0.7, 1.0333333333333334
82, 625.8048, 51.201133333333345, 169.33333333333334, 0.8, 1.0333333333333334
83, 625.2012, 52.17439666666666, 172.03333333333333, 0.9666666666666667, 1.6333333333333333
84, 624.5975999999999, 52.42333000000001, 173.03333333333333, 0.9333333333333333, 1.3666666666666667
85, 623.9939999999999, 52.81313666666666, 174.96666666666667, 0.6, 1.4333333333333333
86, 623.3904, 53.37924666666666, 176.53333333333333, 0.7666666666666667, 1.4333333333333333
87, 622.7868, 53.913309999999996, 177.9, 1.0, 1.3333333333333333
88, 622.1831999999999, 54.49626333333334, 179.36666666666667, 1.2333333333333334, 1.4
89, 621.5795999999999, 54.366389999999996, 179.76666666666668, 0.8666666666666667, 1.1
90, 620.976, 54.67310333333334, 181.3, 0.6666666666666666, 0.8
91, 620.3724, 55.12217, 182.63333333333333, 0.7333333333333333, 0.9
92, 619.7687999999999, 55.62125666666667, 183.76666666666668, 1.0, 0.9333333333333333
93, 619.1651999999999, 56.07283999999997, 185.26666666666668, 0.9666666666666667, 1.1333333333333333
94, 618.5616, 56.51481333333332, 186.2, 1.1666666666666667, 1.5333333333333334
95, 617.958, 56.87036, 187.73333333333332, 0.9333333333333333, 1.8333333333333333
96, 617.3543999999999, 57.15261999999999, 188.46666666666667, 1.0666666666666667, 1.7
97, 616.7507999999999, 57.24250333333331, 189.3, 0.8666666666666667, 1.3333333333333333
98, 616.1472, 57.37619333333332, 190.4, 0.5666666666666667, 1.1666666666666667
99, 615.5436, 57.98215, 191.5, 1.0, 1.3666666666666667
100, 614.9399999999999, 58.02159666666667, 192.36666666666667, 0.6, 1.5
101, 614.3363999999999, 58.16724666666667, 192.86666666666667, 0.6, 1.4666666666666666
102, 613.7328, 58.67881333333332, 194.2, 0.7666666666666667, 1.6
103, 613.1292, 59.14544333333332, 195.56666666666666, 0.8333333333333334, 1.7666666666666666
104, 612.5255999999999, 59.413016666666664, 196.5, 0.8333333333333334, 1.6666666666666667
105, 611.9219999999999, 59.87204666666667, 197.86666666666667, 0.9, 1.7666666666666666
106, 611.3184, 59.86501666666667, 198.16666666666666, 0.8, 1.4333333333333333
107, 610.7148, 60.14542666666668, 199.06666666666666, 0.8, 1.5333333333333334
108, 610.1111999999999, 60.59305333333334, 200.13333333333333, 1.0, 1.6333333333333333
109, 609.5075999999999, 60.84506333333333, 200.7, 1.1666666666666667, 1.5
110, 608.904, 61.05938333333334, 201.83333333333334, 1.0, 1.2666666666666666
111, 608.3004, 61.37297, 202.63333333333333, 1.1333333333333333, 1.2333333333333334
112, 607.6967999999999, 61.34360000000001, 203.33333333333334, 0.7333333333333333, 1.2
113, 607.0931999999999, 61.4494, 204.0, 0.6, 1.0666666666666667
114, 606.4896, 61.948073333333326, 205.26666666666668, 0.7333333333333333, 1.4333333333333333
115, 605.886, 62.76207000000001, 206.96666666666667, 1.0666666666666667, 2.4
116, 605.2823999999999, 62.41793666666664, 206.63333333333333, 0.7666666666666667, 1.8
117, 604.6787999999999, 62.91538000000001, 207.86666666666667, 0.9666666666666667, 1.9
118, 604.0752, 63.300970000000014, 208.3, 1.5, 1.4
119, 603.4716, 63.57223666666667, 208.3, 2.033333333333333, 1.0333333333333334
120, 602.8679999999999, 64.28496, 208.73333333333332, 3.033333333333333, 1.0
121, 602.2643999999999, 66.38537333333333, 209.6, 6.066666666666666, 1.5333333333333334
122, 601.6608, 68.49591000000001, 211.23333333333332, 8.733333333333333, 2.033333333333333
123, 601.0572, 69.99751666666666, 211.5, 11.233333333333333, 1.6333333333333333
124, 600.4535999999999, 71.52429, 212.1, 13.6, 1.2666666666666666
125, 599.8499999999999, 73.35154666666666, 213.2, 16.133333333333333, 1.3666666666666667
126, 599.2464, 75.44297666666668, 213.9, 19.333333333333332, 1.4
127, 598.6428, 77.63480666666666, 215.6, 22.033333333333335, 2.2666666666666666
128, 598.0391999999999, 79.27923666666669, 215.63333333333333, 24.966666666666665, 1.5
129, 597.4355999999999, 81.01364000000002, 215.93333333333334, 27.833333333333332, 1.1666666666666667
130, 596.832, 83.13855, 216.5, 31.1, 1.5
131, 596.2284, 85.28256666666665, 216.66666666666666, 34.7, 1.3333333333333333
132, 595.6247999999999, 86.78031999999999, 217.13333333333333, 37.03333333333333, 1.2333333333333334
133, 595.0211999999999, 88.68142333333336, 217.1, 40.36666666666667, 0.8333333333333334
134, 594.4176, 90.42547666666664, 217.9, 42.833333333333336, 1.3333333333333333
135, 593.814, 92.37480000000001, 218.66666666666666, 45.666666666666664, 1.8333333333333333
136, 593.2103999999999, 94.77333999999999, 219.26666666666668, 49.46666666666667, 1.7333333333333334
137, 592.6067999999999, 96.59098666666667, 219.8, 52.233333333333334, 2.033333333333333
138, 592.0032, 97.65550333333334, 219.63333333333333, 54.3, 1.1666666666666667
139, 591.3996, 98.83145333333331, 219.8, 56.166666666666664, 1.4333333333333333
140, 590.7959999999999, 100.60709333333332, 220.4, 58.86666666666667, 1.5333333333333334
141, 590.1923999999999, 102.51261333333332, 221.2, 61.666666666666664, 1.7333333333333334
142, 589.5888, 104.55489333333331, 222.06666666666666, 64.63333333333334, 2.1
143, 588.9852, 105.92019999999998, 221.33333333333334, 67.53333333333333, 1.0666666666666667
144, 588.3815999999999, 107.17518666666663, 221.13333333333333, 69.76666666666667, 1.1
145, 587.7779999999999, 108.73040333333334, 220.96666666666667, 72.53333333333333, 0.9333333333333333
146, 587.1744, 110.50244, 220.6, 75.7, 1.1333333333333333
147, 586.5708, 112.74361333333334, 220.86666666666667, 79.23333333333333, 1.9
148, 585.9671999999999, 114.7966733333333, 220.6, 82.86666666666666, 1.9
149, 585.3635999999999, 116.24403333333335, 220.0, 85.56666666666666, 2.2666666666666666
150, 584.76, 117.82538666666665, 219.13333333333333, 88.76666666666667, 1.9333333333333333
151, 584.1564, 119.17188666666662, 218.46666666666667, 91.4, 1.9333333333333333
152, 583.5527999999999, 119.90842666666666, 217.06666666666666, 93.4, 1.7666666666666666
153, 582.9491999999999, 120.85954000000002, 215.93333333333334, 95.73333333333333, 1.0666666666666667
154, 582.3456, 122.65536, 217.06666666666666, 98.06666666666666, 1.8333333333333333
155, 581.742, 124.18366666666667, 216.33333333333334, 101.16666666666667, 1.2
156, 581.1383999999999, 125.65408, 214.86666666666667, 104.36666666666666, 1.4666666666666666
157, 580.5347999999999, 127.18421333333332, 213.2, 107.66666666666667, 2.2666666666666666
158, 579.9312, 128.68744333333336, 211.56666666666666, 111.03333333333333, 2.4
159, 579.3276, 128.78967999999998, 208.53333333333333, 112.93333333333334, 1.4666666666666666
160, 578.7239999999999, 129.88139333333334, 206.06666666666666, 116.13333333333334, 1.0333333333333334
161, 578.1203999999999, 131.42082666666664, 204.4, 119.53333333333333, 1.4
162, 577.5168, 133.30598666666663, 202.13333333333333, 123.86666666666666, 1.5666666666666667
163, 576.9132, 135.45988666666665, 198.8, 129.23333333333332, 1.5666666666666667
164, 576.3095999999999, 137.36829666666662, 196.03333333333333, 133.66666666666666, 2.7333333333333334
165, 575.7059999999999, 138.25421333333333, 190.86666666666667, 138.03333333333333, 1.5666666666666667
166, 575.1024, 139.31863, 185.36666666666667, 142.66666666666666, 1.4666666666666666
167, 574.4988, 140.3547466666667, 179.86666666666667, 147.2, 1.6333333333333333
168, 573.8951999999999, 141.13254666666666, 174.53333333333333, 151.26666666666668, 1.5
169, 573.2915999999999, 141.66353333333336, 170.0, 154.46666666666667, 1.5666666666666667
170, 572.688, 141.57643666666664, 163.63333333333333, 157.56666666666666, 1.5333333333333334
171, 572.0844, 141.74652999999998, 157.7, 160.8, 1.9333333333333333
172, 571.4807999999999, 141.47213666666667, 150.96666666666667, 163.8, 1.7333333333333334
173, 570.8771999999999, 141.10504333333336, 143.56666666666666, 167.03333333333333, 1.2666666666666666
174, 570.2736, 141.04685, 136.83333333333334, 170.23333333333332, 1.9333333333333333
175, 569.67, 140.2353666666667, 128.66666666666666, 173.1, 1.4666666666666666
176, 569.0663999999999, 138.51728999999997, 120.1, 174.6, 1.1333333333333333
177, 568.4627999999999, 137.50248333333332, 111.83333333333333, 177.1, 1.0333333333333334
178, 567.8592, 136.38024333333334, 103.9, 179.26666666666668, 0.8333333333333334
179, 567.2556, 135.05961666666667, 96.16666666666667, 181.0, 0.6
180, 566.6519999999999, 134.1851633333333, 88.03333333333333, 183.6, 0.8666666666666667
181, 566.0483999999999, 133.2074266666667, 79.4, 186.23333333333332, 1.3666666666666667
182, 565.4448, 131.40619666666666, 70.03333333333333, 187.96666666666667, 1.2
183, 564.8412, 129.2442333333333, 60.0, 189.36666666666667, 1.3333333333333333
184, 564.2375999999999, 127.39543666666665, 50.3, 191.03333333333333, 1.9666666666666666
185, 563.6339999999999, 125.34927666666668, 39.56666666666667, 193.0, 2.033333333333333
186, 563.0304, 123.20045666666665, 28.433333333333334, 195.06666666666666, 1.7333333333333334
187, 562.4268, 120.52555999999998, 18.4, 195.8, 0.8
188, 561.8231999999999, 117.89802000000002, 9.8, 195.8, 0.3
189, 561.2195999999999, 116.81518666666669, 4.133333333333334, 196.86666666666667, 0.16666666666666666
190, 560.616, 117.50405666666663, 1.7666666666666666, 199.2, 0.4
191, 560.0124, 119.09567333333332, 1.9333333333333333, 201.6, 1.5666666666666667
192, 559.4087999999999, 119.6064033333333, 1.3, 202.76666666666668, 1.7
193, 558.8052, 120.13218666666668, 1.1333333333333333, 203.76666666666668, 1.6
194, 558.2016, 120.8391033333333, 1.3, 204.86666666666667, 1.7
195, 557.598, 121.5568533333333, 1.4666666666666666, 205.93333333333334, 2.066666666666667
196, 556.9943999999999, 121.66999333333334, 1.0666666666666667, 206.43333333333334, 1.5333333333333334
197, 556.3907999999999, 122.58829, 1.4333333333333333, 207.73333333333332, 1.9333333333333333
198, 555.7872, 122.69069666666664, 1.3666666666666667, 208.0, 1.6333333333333333
199, 555.1836, 122.83603666666666, 1.3, 208.33333333333334, 1.3666666666666667
200, 554.5799999999999, 122.9237533333333, 1.1333333333333333, 208.6, 1.2
201, 553.9764, 122.87650666666666, 0.9333333333333333, 208.66666666666666, 0.9666666666666667
202, 553.3728, 123.47798999999999, 1.1, 209.6, 1.0
203, 552.7692, 124.19666666666663, 1.3333333333333333, 210.66666666666666, 1.2
204, 552.1655999999999, 124.28530666666664, 0.9333333333333333, 211.06666666666666, 0.9666666666666667
205, 551.5619999999999, 124.41703333333331, 0.6666666666666666, 211.43333333333334, 0.9333333333333333
206, 550.9584, 125.09637000000001, 0.9666666666666667, 212.36666666666667, 1.3
207, 550.3548, 125.16287666666668, 0.9, 212.53333333333333, 1.2
208, 549.7511999999999, 125.65548666666669, 1.1333333333333333, 213.26666666666668, 1.1333333333333333
209, 549.1476, 125.83682333333333, 1.1, 213.56666666666666, 1.2666666666666666
210, 548.544, 126.13176000000003, 1.0666666666666667, 214.06666666666666, 1.3666666666666667
211, 547.9404, 126.44626333333333, 1.0333333333333334, 214.6, 1.4666666666666666
212, 547.3367999999999, 126.80857999999998, 1.2, 215.1, 1.6333333333333333
213, 546.7331999999999, 126.83898333333333, 1.5, 214.96666666666667, 1.8
214, 546.1296, 127.27104, 1.6, 215.6, 2.066666666666667
215, 545.526, 127.30986666666666, 1.3333333333333333, 215.86666666666667, 1.7333333333333334
216, 544.9223999999999, 127.3600933333333, 1.0666666666666667, 216.13333333333333, 1.5
217, 544.3188, 127.60428999999998, 1.1, 216.5, 1.6666666666666667
218, 543.7152, 127.79199666666668, 1.0333333333333334, 216.86666666666667, 1.6
219, 543.1116, 128.00394333333335, 1.2333333333333334, 217.1, 1.7333333333333334
220, 542.5079999999999, 128.07065666666668, 1.1, 217.33333333333334, 1.4666666666666666
221, 541.9043999999999, 128.08247, 0.9666666666666667, 217.46666666666667, 1.2333333333333334
222, 541.3008, 128.14533, 1.0333333333333334, 217.53333333333333, 1.2666666666666666
223, 540.6972, 128.24624666666665, 1.2, 217.63333333333333, 1.2
224, 540.0935999999999, 127.95043666666666, 0.9666666666666667, 217.3, 0.9333333333333333
225, 539.49, 128.14568999999997, 1.1, 217.5, 1.2666666666666666
226, 538.8864, 128.35075333333336, 1.1333333333333333, 217.8, 1.4333333333333333
227, 538.2828, 128.33411333333336, 0.8666666666666667, 217.93333333333334, 1.3
228, 537.6791999999999, 128.45475, 1.1666666666666667, 217.96666666666667, 1.4
229, 537.0755999999999, 128.41782666666666, 1.0666666666666667, 218.0, 1.1666666666666667
230, 536.472, 128.26817333333332, 0.9333333333333333, 217.8, 1.2333333333333334
231, 535.8684, 128.21563666666668, 0.9666666666666667, 217.7, 1.2
232, 535.2647999999999, 128.56655333333333, 1.1333333333333333, 218.2, 1.2666666666666666
233, 534.6612, 128.73515333333333, 1.4666666666666666, 218.23333333333332, 1.7
234, 534.0576, 128.50277, 1.3, 218.0, 1.3
235, 533.454, 128.38449666666665, 1.0333333333333334, 217.96666666666667, 1.1333333333333333
236, 532.8503999999999, 128.65858333333333, 1.1666666666666667, 218.33333333333334, 1.3
237, 532.2467999999999, 128.60892, 1.1333333333333333, 218.23333333333332, 1.4666666666666666
238, 531.6432, 128.19457666666668, 0.9, 217.63333333333333, 1.5333333333333334
239, 531.0396, 128.15631333333334, 0.8666666666666667, 217.53333333333333, 1.8
240, 530.4359999999999, 128.17664333333335, 1.2333333333333334, 217.2, 2.7333333333333334
241, 529.8324, 127.93310666666669, 0.9333333333333333, 216.86666666666667, 3.1
242, 529.2288, 128.11334999999997, 0.8333333333333334, 216.93333333333334, 4.6
243, 528.6252, 128.53373, 1.0333333333333334, 217.13333333333333, 6.733333333333333
244, 528.0215999999999, 128.78659, 1.1, 217.2, 8.433333333333334
245, 527.4179999999999, 129.21676666666664, 1.3333333333333333, 217.16666666666666, 11.766666666666667
246, 526.8144, 129.14684333333332, 1.2333333333333334, 216.6, 14.333333333333334
247, 526.2108, 129.43460666666667, 1.2666666666666666, 216.4, 17.8
248, 525.6071999999999, 129.69160666666667, 0.9333333333333333, 216.36666666666667, 21.1
249, 525.0036, 129.87142, 0.8, 216.1, 24.4
250, 524.4, 130.5047533333333, 1.1333333333333333, 216.2, 28.566666666666666
251, 523.7964, 130.55079333333336, 1.0666666666666667, 215.83333333333334, 31.033333333333335
252, 523.1927999999999, 130.48185, 0.8333333333333334, 215.43333333333334, 33.1
253, 522.5891999999999, 130.76212333333328, 0.7666666666666667, 215.43333333333334, 35.733333333333334
254, 521.9856, 131.20833, 1.0333333333333334, 215.53333333333333, 38.43333333333333
255, 521.382, 130.83227333333335, 0.6, 214.66666666666666, 40.733333333333334
256, 520.7783999999999, 131.09837000000002, 0.6333333333333333, 214.53333333333333, 43.666666666666664
257, 520.1748, 131.51745333333335, 1.1333333333333333, 214.3, 47.233333333333334
258, 519.5712, 131.54946666666666, 1.0, 213.83333333333334, 50.266666666666666
259, 518.9676, 131.51168333333328, 0.8333333333333334, 213.2, 53.63333333333333
260, 518.3639999999999, 131.75306, 1.0666666666666667, 212.56666666666666, 58.4
261, 517.7603999999999, 132.12294666666668, 1.2, 212.53333333333333, 61.46666666666667
262, 517.1568, 131.79546000000002, 0.7333333333333333, 211.53333333333333, 64.96666666666667
263, 516.5532, 132.0888766666667, 0.9, 211.33333333333334, 68.13333333333334
264, 515.9495999999999, 132.48141333333328, 1.2, 211.26666666666668, 71.13333333333334
265, 515.346, 132.44754, 0.9333333333333333, 210.83333333333334, 73.76666666666667
266, 514.7424, 132.48720999999998, 0.9, 210.4, 76.43333333333334
267, 514.1388, 133.02872, 1.1333333333333333, 210.43333333333334, 80.4
268, 513.5351999999999, 133.21018, 1.2, 210.1, 83.53333333333333
269, 512.9315999999999, 133.44278, 1.2, 209.7, 87.63333333333334
270, 512.328, 133.88942666666665, 1.4, 209.43333333333334, 92.4
271, 511.72439999999995, 133.67647000000002, 1.3, 208.5, 95.6
272, 511.1207999999999, 133.74381666666662, 1.1666666666666667, 208.1, 98.6
273, 510.51719999999995, 133.9127433333333, 1.2333333333333334, 207.7, 101.96666666666667
274, 509.9136, 133.58346333333336, 1.0333333333333334, 206.6, 105.26666666666667
275, 509.30999999999995, 133.21561666666668, 0.8333333333333334, 205.46666666666667, 108.4
276, 508.7063999999999, 133.39938333333333, 0.8333333333333334, 205.1, 111.9
277, 508.10279999999995, 133.27151999999998, 0.8, 204.2, 115.5
278, 507.4992, 133.89258666666663, 1.4666666666666666, 204.2, 119.2
279, 506.89559999999994, 133.49074666666664, 1.2, 203.13333333333333, 121.86666666666666
280, 506.2919999999999, 133.1126866666667, 0.8, 202.23333333333332, 124.23333333333333
281, 505.68839999999994, 133.40353333333334, 1.0, 201.96666666666667, 127.63333333333334
282, 505.0848, 133.52815, 1.5, 201.4, 130.33333333333334
283, 504.48119999999994, 133.19245333333336, 0.8, 200.66666666666666, 133.0
284, 503.8775999999999, 132.72974666666667, 0.8666666666666667, 199.1, 136.83333333333334
285, 503.27399999999994, 132.44792, 0.8, 198.0, 140.2
286, 502.6704, 132.53381333333334, 0.8666666666666667, 197.63333333333333, 142.66666666666666
287, 502.06679999999994, 132.6856, 1.6666666666666667, 196.96666666666667, 145.33333333333334
288, 501.4631999999999, 131.68603000000002, 0.7, 195.4, 147.16666666666666
289, 500.85959999999994, 131.39734333333334, 1.2333333333333334, 194.3, 148.9
290, 500.256, 131.20571000000004, 1.2333333333333334, 193.53333333333333, 151.16666666666666
291, 499.65239999999994, 130.99409333333332, 1.0666666666666667, 192.73333333333332, 153.86666666666667
292, 499.0487999999999, 130.8290066666667, 1.2666666666666666, 191.8, 156.7
293, 498.44519999999994, 130.0870433333333, 0.9, 190.36666666666667, 158.53333333333333
294, 497.84159999999997, 129.59703666666667, 1.3, 188.93333333333334, 160.56666666666666
295, 497.23799999999994, 129.08730333333332, 0.9666666666666667, 187.83333333333334, 162.63333333333333
296, 496.6343999999999, 128.38956, 0.7333333333333333, 186.43333333333334, 164.33333333333334
297, 496.03079999999994, 127.81553666666667, 0.9666666666666667, 185.0, 166.06666666666666
298, 495.42719999999997, 127.61080666666668, 1.2666666666666666, 184.0, 168.63333333333333
299, 494.82359999999994, 126.86796999999997, 1.9666666666666666, 181.86666666666667, 171.26666666666668
300, 494.2199999999999, 125.68404, 1.2666666666666666, 179.96666666666667, 172.5
301, 493.61639999999994, 124.69177333333337, 0.9333333333333333, 178.2, 173.76666666666668
302, 493.01279999999997, 124.18302666666665, 1.0666666666666667, 177.0, 175.13333333333333
303, 492.40919999999994, 123.81961666666663, 0.8333333333333334, 176.26666666666668, 176.33333333333334
304, 491.8055999999999, 123.5294366666667, 1.3, 175.13333333333333, 178.4
305, 491.20199999999994, 122.98264333333331, 0.9, 174.36666666666667, 178.6
306, 490.59839999999997, 122.60490666666668, 0.9333333333333333, 173.46666666666667, 179.83333333333334
307, 489.99479999999994, 122.18690333333333, 0.9666666666666667, 172.43333333333334, 181.4
308, 489.3911999999999, 121.47216333333334, 0.7, 171.06666666666666, 182.86666666666667
309, 488.78759999999994, 120.83882333333335, 1.4333333333333333, 169.2, 185.0
310, 488.18399999999997, 119.74230666666668, 0.6, 167.63333333333333, 185.63333333333333
311, 487.58039999999994, 119.28588999999998, 0.7666666666666667, 166.46666666666667, 187.2
312, 486.9767999999999, 118.57552, 0.8, 165.0, 188.43333333333334
313, 486.37319999999994, 117.86340666666669, 0.6, 163.73333333333332, 189.23333333333332
314, 485.76959999999997, 117.70409000000001, 1.4333333333333333, 162.73333333333332, 190.8
315, 485.16599999999994, 116.39763333333333, 0.6666666666666666, 160.83333333333334, 191.13333333333333
316, 484.5623999999999, 115.53396333333333, 0.7, 159.06666666666666, 192.56666666666666
317, 483.95879999999994, 114.88737666666671, 0.5666666666666667, 157.8, 193.76666666666668
318, 483.35519999999997, 113.98483666666665, 0.6333333333333333, 156.06666666666666, 194.6
319, 482.75159999999994, 112.79198, 1.2, 153.5, 195.86666666666667
320, 482.1479999999999, 112.00220666666668, 0.9333333333333333, 151.96666666666667, 197.53333333333333
321, 481.54439999999994, 110.97985333333331, 1.4666666666666666, 149.73333333333332, 198.66666666666666
322, 480.94079999999997, 109.49524333333329, 1.2333333333333334, 147.2, 199.3
323, 480.33719999999994, 108.00847666666667, 0.9, 144.73333333333332, 199.83333333333334
324, 479.7335999999999, 106.4555666666667, 1.0, 141.93333333333334, 200.36666666666667
325, 479.12999999999994, 104.85262999999996, 0.7, 139.2, 201.16666666666666
326, 478.52639999999997, 103.49563666666663, 0.9666666666666667, 136.5, 202.46666666666667
327, 477.92279999999994, 102.11676666666668, 1.0, 133.93333333333334, 203.5
328, 477.3191999999999, 100.95117333333334, 1.6, 131.26666666666668, 205.43333333333334
329, 476.71559999999994, 99.44755333333333, 1.8, 128.26666666666668, 207.16666666666666
330, 476.11199999999997, 96.89911000000001, 0.9, 124.5, 206.56666666666666
331, 475.50839999999994, 95.30849666666667, 0.36666666666666664, 121.9, 207.4
332, 474.9047999999999, 93.50234999999999, 0.16666666666666666, 118.86666666666666, 207.7
333, 474.30119999999994, 91.93331666666664, 0.5, 115.93333333333334, 208.16666666666666
334, 473.69759999999997, 90.33089666666666, 0.7, 112.93333333333334, 209.03333333333333
335, 473.09399999999994, 88.41673333333333, 0.6666666666666666, 109.33333333333333, 210.86666666666667
336, 472.4903999999999, 86.11950333333333, 0.9666666666666667, 104.83333333333333, 213.1
337, 471.88679999999994, 84.26389333333334, 1.4, 101.16666666666667, 214.56666666666666
338, 471.28319999999997, 82.15068999999998, 1.1, 97.7, 214.66666666666666
339, 470.67959999999994, 79.63146333333331, 0.7, 93.56666666666666, 214.9
340, 470.0759999999999, 76.92020333333333, 0.3, 88.86666666666666, 216.36666666666667
341, 469.47239999999994, 74.28572, 0.13333333333333333, 84.13333333333334, 218.06666666666666
342, 468.86879999999996, 71.72031666666668, 0.16666666666666666, 79.5, 219.33333333333334
343, 468.26519999999994, 69.35057333333333, 0.9333333333333333, 74.6, 221.76666666666668
344, 467.6615999999999, 66.33529, 1.1, 69.1, 223.2
345, 467.05799999999994, 63.061323333333334, 0.7666666666666667, 63.43333333333333, 224.53333333333333
346, 466.45439999999996, 59.904956666666656, 1.1, 57.43333333333333, 226.86666666666667
347, 465.85079999999994, 55.55616333333333, 0.7, 50.06666666666667, 227.7
348, 465.2471999999999, 51.66670000000001, 1.3333333333333333, 42.833333333333336, 229.16666666666666
349, 464.64359999999994, 46.904743333333336, 1.2333333333333334, 34.5, 230.56666666666666
350, 464.03999999999996, 41.79125000000001, 1.1666666666666667, 25.466666666666665, 232.4
351, 463.43639999999994, 36.27215000000001, 1.1666666666666667, 15.766666666666667, 233.93333333333334
352, 462.8327999999999, 30.271349999999998, 0.16666666666666666, 6.266666666666667, 232.83333333333334
353, 462.22919999999993, 28.082423333333335, 0.1, 2.066666666666667, 235.43333333333334
354, 461.62559999999996, 28.03705, 0.8333333333333334, 1.0333333333333334, 238.43333333333334
355, 461.02199999999993, 28.244769999999995, 1.3, 0.8, 240.23333333333332
356, 460.4183999999999, 28.218003333333336, 1.3, 0.5666666666666667, 241.2
357, 459.81479999999993, 28.376430000000006, 1.3666666666666667, 0.6666666666666666, 241.9
358, 459.21119999999996, 29.00100666666666, 1.9333333333333333, 1.0666666666666667, 243.83333333333334
359, 458.60759999999993, 28.99694333333333, 1.9, 0.9666666666666667, 244.4
360, 458.0039999999999, 28.664816666666674, 1.5, 0.5333333333333333, 244.76666666666668
361, 457.40039999999993, 28.553880000000003, 1.2, 0.4, 245.26666666666668
362, 456.79679999999996, 28.74620333333333, 1.3, 0.5666666666666667, 245.83333333333334
363, 456.19319999999993, 29.179756666666666, 1.7666666666666666, 1.1, 245.66666666666666
364, 455.5895999999999, 28.97448333333333, 1.5, 0.8666666666666667, 245.76666666666668
365, 454.98599999999993, 28.810653333333338, 1.4666666666666666, 0.5333333333333333, 246.13333333333333
366, 454.38239999999996, 28.93015333333333, 1.4666666666666666, 0.6333333333333333, 246.66666666666666
367, 453.77879999999993, 29.08950666666667, 1.6, 0.7333333333333333, 247.2
368, 453.1751999999999, 29.231599999999997, 1.6666666666666667, 0.7666666666666667, 248.1
369, 452.57159999999993, 29.41632333333333, 1.7666666666666666, 0.9333333333333333, 248.6
370, 451.96799999999996, 29.272776666666665, 1.5666666666666667, 0.7, 249.06666666666666
371, 451.36439999999993, 29.09682666666667, 1.4, 0.43333333333333335, 249.33333333333334
372, 450.7607999999999, 29.04880666666666, 1.2666666666666666, 0.4, 249.43333333333334
373, 450.15719999999993, 29.229936666666667, 1.3, 0.6333333333333333, 249.73333333333332
374, 449.55359999999996, 29.43731, 1.5666666666666667, 0.7666666666666667, 250.16666666666666
375, 448.94999999999993, 29.52553999999999, 1.6, 0.9, 250.16666666666666
376, 448.3463999999999, 29.468636666666658, 1.6333333333333333, 0.7666666666666667, 250.26666666666668
377, 447.74279999999993, 29.30758333333333, 1.5, 0.5666666666666667, 250.23333333333332
378, 447.13919999999996, 29.37732333333333, 1.4333333333333333, 0.7, 250.33333333333334
379, 446.53559999999993, 29.443263333333338, 1.3666666666666667, 0.8333333333333334, 250.4
380, 445.9319999999999, 29.304859999999998, 1.4, 0.6, 250.3
381, 445.32839999999993, 29.199273333333323, 1.2666666666666666, 0.5333333333333333, 250.06666666666666
382, 444.72479999999996, 29.234399999999994, 1.3333333333333333, 0.5333333333333333, 250.2
383, 444.12119999999993, 29.37295666666667, 1.4333333333333333, 0.6666666666666666, 250.46666666666667
384, 443.51759999999996, 29.592200000000002, 1.6666666666666667, 0.9666666666666667, 250.23333333333332
385, 442.914, 29.40059666666667, 1.7, 0.7333333333333333, 249.66666666666666
386, 442.31039999999996, 29.161386666666665, 1.4666666666666666, 0.6, 248.86666666666667
387, 441.70679999999993, 28.994433333333333, 1.3333333333333333, 0.5, 248.26666666666668
388, 441.10319999999996, 28.941799999999994, 1.3333333333333333, 0.5333333333333333, 247.63333333333333
389, 440.4996, 28.80838333333334, 1.1666666666666667, 0.5333333333333333, 246.9
390, 439.89599999999996, 28.66156333333333, 1.0333333333333334, 0.5, 246.13333333333333
391, 439.29239999999993, 28.79951333333333, 1.2, 0.7666666666666667, 245.53333333333333
392, 438.68879999999996, 28.652696666666664, 1.3666666666666667, 0.6, 244.66666666666666
393, 438.0852, 28.44857333333333, 1.2666666666666666, 0.6333333333333333, 242.96666666666667
394, 437.48159999999996, 28.18852666666667, 1.0666666666666667, 0.7, 240.86666666666667
395, 436.87799999999993, 27.765523333333338, 1.1, 0.26666666666666666, 239.3
396, 436.27439999999996, 27.71292, 1.1333333333333333, 0.8333333333333334, 235.83333333333334
397, 435.6708, 27.174703333333337, 1.3, 0.6666666666666666, 231.53333333333333
398, 435.06719999999996, 26.42572666666667, 1.0666666666666667, 0.5, 226.43333333333334
399, 434.46359999999993, 26.014773333333334, 0.9333333333333333, 0.8, 221.63333333333333
400, 433.85999999999996, 25.97713333333333, 2.0, 1.0666666666666667, 217.13333333333333
401, 433.2564, 24.708633333333335, 0.6666666666666666, 0.6333333333333333, 211.73333333333332
402, 432.65279999999996, 24.360850000000003, 1.1666666666666667, 0.6666666666666666, 207.2
403, 432.0491999999999, 24.002740000000003, 1.2666666666666666, 0.8666666666666667, 202.76666666666668
404, 431.44559999999996, 23.420053333333335, 1.1333333333333333, 0.9, 197.83333333333334
405, 430.842, 22.473770000000005, 1.3, 0.2, 192.7
406, 430.23839999999996, 21.769119999999997, 0.8, 0.4, 186.8
407, 429.6347999999999, 21.174789999999998, 1.1, 0.4, 180.8
408, 429.03119999999996, 20.634996666666662, 1.0333333333333334, 0.6666666666666666, 174.86666666666667
409, 428.4276, 20.01158666666667, 0.8, 0.7333333333333333, 169.66666666666666
410, 427.82399999999996, 19.324546666666667, 0.8666666666666667, 0.5, 164.66666666666666
411, 427.2203999999999, 18.57655, 0.5, 0.5, 159.06666666666666
412, 426.61679999999996, 18.16411, 0.9, 0.5, 154.4
413, 426.0132, 18.034903333333332, 1.3, 1.0666666666666667, 149.3
414, 425.40959999999995, 17.506193333333332, 1.4, 1.0666666666666667, 144.4
415, 424.8059999999999, 16.60772, 1.4666666666666666, 0.4666666666666667, 139.43333333333334
416, 424.20239999999995, 16.149226666666667, 2.066666666666667, 0.5, 133.66666666666666
417, 423.5988, 15.737866666666672, 2.6666666666666665, 0.4, 129.0
418, 422.99519999999995, 15.037020000000002, 2.466666666666667, 0.4666666666666667, 123.03333333333333
419, 422.3915999999999, 14.685800000000002, 3.3333333333333335, 0.3333333333333333, 118.36666666666666
420, 421.78799999999995, 14.446176666666672, 4.233333333333333, 0.36666666666666664, 113.73333333333333
421, 421.1844, 13.997433333333332, 4.333333333333333, 0.6, 108.33333333333333
422, 420.58079999999995, 14.082436666666666, 5.966666666666667, 0.8, 103.76666666666667
423, 419.9771999999999, 13.744666666666667, 6.0, 1.1333333333333333, 99.0
424, 419.37359999999995, 13.491223333333332, 6.766666666666667, 1.1333333333333333, 94.76666666666667
425, 418.7699999999999, 13.595830000000003, 8.033333333333333, 1.3333333333333333, 91.33333333333333
426, 418.16639999999995, 13.645946666666665, 8.866666666666667, 1.7, 87.7
427, 417.5627999999999, 13.303253333333332, 9.8, 1.5666666666666667, 82.93333333333334
428, 416.95919999999995, 13.366466666666668, 10.333333333333334, 2.1666666666666665, 79.0
429, 416.3555999999999, 13.270323333333332, 11.766666666666667, 1.9333333333333333, 75.6
430, 415.75199999999995, 13.467523333333334, 12.766666666666667, 2.433333333333333, 72.13333333333334
431, 415.1483999999999, 13.384366666666667, 12.666666666666666, 3.1, 68.23333333333333
432, 414.54479999999995, 13.046993333333335, 12.4, 3.3666666666666667, 64.6
433, 413.9411999999999, 13.923566666666664, 13.333333333333334, 4.766666666666667, 62.63333333333333
434, 413.33759999999995, 13.466263333333334, 13.033333333333333, 4.6, 60.266666666666666
435, 412.7339999999999, 14.097656666666666, 13.766666666666667, 5.6, 58.733333333333334
436, 412.13039999999995, 14.466829999999998, 14.033333333333333, 6.533333333333333, 56.46666666666667
437, 411.5267999999999, 13.916789999999999, 13.433333333333334, 6.633333333333334, 52.7
438, 410.92319999999995, 14.369469999999998, 13.966666666666667, 7.566666666666666, 50.46666666666667
439, 410.3195999999999, 15.40488666666667, 15.133333333333333, 9.066666666666666, 48.766666666666666
440, 409.71599999999995, 15.186446666666667, 14.866666666666667, 9.4, 45.833333333333336
441, 409.1123999999999, 14.411456666666664, 14.1, 9.033333333333333, 42.93333333333333
442, 408.50879999999995, 14.567193333333336, 14.4, 9.566666666666666, 40.766666666666666
443, 407.9051999999999, 15.704033333333332, 15.333333333333334, 11.3, 39.36666666666667
444, 407.30159999999995, 15.375926666666665, 14.733333333333333, 11.266666666666667, 38.233333333333334
445, 406.6979999999999, 15.565143333333337, 14.9, 11.866666666666667, 36.36666666666667
446, 406.09439999999995, 15.216809999999999, 14.566666666666666, 11.766666666666667, 34.7
447, 405.4907999999999, 14.758260000000003, 14.066666666666666, 11.466666666666667, 33.53333333333333
448, 404.88719999999995, 15.234083333333333, 14.5, 12.166666666666666, 32.96666666666667
449, 404.2835999999999, 16.29459, 15.433333333333334, 13.433333333333334, 33.3
450, 403.67999999999995, 16.152400000000004, 15.333333333333334, 13.533333333333333, 31.8
451, 403.0763999999999, 15.709259999999995, 15.066666666666666, 13.166666666666666, 30.5
452, 402.47279999999995, 15.559926666666668, 15.066666666666666, 13.1, 29.533333333333335
453, 401.8691999999999, 15.696646666666664, 15.2, 13.433333333333334, 28.666666666666668
454, 401.26559999999995, 15.951693333333335, 15.4, 13.966666666666667, 27.633333333333333
455, 400.6619999999999, 15.466486666666661, 14.8, 13.633333333333333, 26.666666666666668
456, 400.05839999999995, 15.465673333333326, 14.933333333333334, 13.7, 25.966666666666665
457, 399.4547999999999, 15.733503333333337, 15.3, 14.066666666666666, 25.466666666666665
458, 398.85119999999995, 15.72786666666667, 15.333333333333334, 14.266666666666667, 24.3
459, 398.2475999999999, 15.410500000000003, 15.0, 14.2, 22.733333333333334
460, 397.64399999999995, 15.196756666666667, 14.766666666666667, 14.0, 22.5
461, 397.0403999999999, 15.691676666666668, 15.233333333333333, 14.566666666666666, 22.7
462, 396.43679999999995, 15.819399999999998, 15.333333333333334, 14.733333333333333, 22.7
463, 395.8331999999999, 15.496423333333327, 15.1, 14.366666666666667, 22.366666666666667
464, 395.22959999999995, 15.373426666666667, 15.066666666666666, 14.2, 22.233333333333334
465, 394.6259999999999, 15.45585333333333, 15.133333333333333, 14.3, 22.266666666666666
466, 394.02239999999995, 15.914683333333334, 15.833333333333334, 14.9, 21.366666666666667
467, 393.4187999999999, 15.858249999999995, 15.833333333333334, 14.933333333333334, 20.7
468, 392.81519999999995, 15.367696666666667, 15.366666666666667, 14.4, 20.366666666666667
469, 392.2115999999999, 15.30684, 15.266666666666667, 14.366666666666667, 20.266666666666666
470, 391.60799999999995, 16.0477, 16.0, 15.1, 21.066666666666666
471, 391.0043999999999, 15.175013333333332, 15.2, 14.266666666666667, 19.8
472, 390.40079999999995, 15.113949999999997, 15.166666666666666, 14.166666666666666, 19.866666666666667
473, 389.7971999999999, 15.210706666666665, 15.266666666666667, 14.3, 19.766666666666666
474, 389.19359999999995, 14.862206666666669, 14.933333333333334, 13.966666666666667, 19.3
475, 388.5899999999999, 14.846439999999998, 14.933333333333334, 13.933333333333334, 19.333333333333332
476, 387.98639999999995, 15.234130000000004, 15.366666666666667, 14.366666666666667, 19.366666666666667
477, 387.3827999999999, 15.60836, 15.733333333333333, 14.733333333333333, 19.8
478, 386.77919999999995, 15.04175, 15.166666666666666, 14.166666666666666, 19.233333333333334
479, 386.1755999999999, 14.820406666666667, 14.933333333333334, 13.966666666666667, 18.933333333333334
480, 385.57199999999995, 15.277423333333331, 15.433333333333334, 14.4, 19.4
481, 384.9683999999999, 15.696949999999998, 15.833333333333334, 14.833333333333334, 19.8
482, 384.36479999999995, 15.320356666666662, 15.433333333333334, 14.466666666666667, 19.433333333333334
483, 383.7611999999999, 15.254263333333332, 15.366666666666667, 14.433333333333334, 19.2
484, 383.15759999999995, 14.919166666666667, 15.0, 14.133333333333333, 18.766666666666666
485, 382.5539999999999, 14.836739999999999, 14.933333333333334, 14.033333333333333, 18.733333333333334
486, 381.95039999999995, 15.150473333333334, 15.266666666666667, 14.333333333333334, 19.066666666666666
487, 381.3467999999999, 14.948130000000003, 15.033333333333333, 14.133333333333333, 18.933333333333334
488, 380.74319999999994, 14.880239999999999, 14.933333333333334, 14.133333333333333, 18.6
489, 380.1395999999999, 14.78261333333333, 14.866666666666667, 14.033333333333333, 18.433333333333334
490, 379.53599999999994, 14.890203333333336, 14.966666666666667, 14.133333333333333, 18.6
491, 378.9323999999999, 15.267003333333333, 15.3, 14.566666666666666, 18.8
492, 378.32879999999994, 14.877366666666664, 15.0, 14.133333333333333, 18.4
493, 377.7251999999999, 14.799513333333334, 14.866666666666667, 14.133333333333333, 18.066666666666666
494, 377.12159999999994, 14.754783333333336, 14.833333333333334, 14.1, 17.933333333333334
495, 376.5179999999999, 14.694286666666668, 14.8, 14.033333333333333, 17.833333333333332
496, 375.91439999999994, 14.910033333333336, 15.0, 14.266666666666667, 18.0
497, 375.3107999999999, 13.990556666666672, 14.1, 13.333333333333334, 17.1
498, 374.70719999999994, 14.880863333333336, 15.033333333333333, 14.2, 18.0
499, 374.1035999999999, 14.963650000000001, 15.166666666666666, 14.266666666666667, 18.033333333333335
