Extraction [ img/dil.png ] effectuee 2026-03-26 17:08:45.076233
Calibration: -0.6036*x + 675.3 [Largeur 500]

pixel, longueur d'onde, intensite, r, g, b
0, 675.3, 8.007725, 12.25, 6.2, 6.2
1, 674.6963999999999, 8.442734999999999, 12.65, 6.65, 6.65
2, 674.0928, 8.342744999999999, 12.55, 6.55, 6.55
3, 673.4892, 8.657659999999998, 12.9, 6.85, 6.85
4, 672.8856, 9.907535, 14.15, 8.1, 8.1
5, 672.2819999999999, 8.743784999999999, 13.15, 6.85, 6.95
6, 671.6784, 9.540699999999998, 14.0, 7.6, 7.85
7, 671.0748, 9.550880000000001, 14.2, 7.7, 6.9
8, 670.4712, 9.480324999999999, 14.25, 7.7, 6.15
9, 669.8675999999999, 9.511829999999998, 14.2, 7.75, 6.3
10, 669.264, 9.750715, 14.35, 8.1, 6.2
11, 668.6604, 10.556875000000002, 15.25, 8.85, 7.05
12, 668.0568, 9.947929999999998, 15.7, 7.7, 6.45
13, 667.4531999999999, 10.090289999999998, 16.1, 7.7, 6.65
14, 666.8496, 10.078349999999999, 16.0, 7.75, 6.55
15, 666.246, 8.999415, 14.85, 6.75, 5.25
16, 665.6424, 9.764284999999997, 15.65, 7.5, 6.0
17, 665.0387999999999, 9.962035000000002, 16.65, 7.25, 6.4
18, 664.4352, 11.15375, 18.0, 8.35, 7.65
19, 663.8316, 11.258905, 18.45, 8.3, 7.65
20, 663.228, 10.582629999999998, 18.2, 7.45, 6.75
21, 662.6243999999999, 11.387710000000002, 18.9, 8.3, 7.6
22, 662.0208, 11.50234, 19.6, 8.1, 7.8
23, 661.4172, 11.822415000000003, 19.85, 8.45, 8.15
24, 660.8136, 12.157439999999998, 20.6, 8.6, 8.35
25, 660.2099999999999, 12.137874999999998, 20.75, 8.5, 8.3
26, 659.6064, 12.032724999999996, 20.75, 8.35, 8.15
27, 659.0028, 11.613209999999999, 21.4, 7.45, 7.4
28, 658.3992, 13.098115000000002, 22.85, 8.95, 8.9
29, 657.7955999999999, 13.133175, 23.75, 8.6, 8.65
30, 657.192, 13.303810000000002, 24.4, 8.55, 8.7
31, 656.5884, 13.496165, 24.85, 8.6, 8.95
32, 655.9848, 13.689379999999996, 26.2, 8.3, 8.65
33, 655.3811999999999, 14.365659999999997, 26.9, 8.95, 9.4
34, 654.7776, 14.386544999999998, 28.05, 8.4, 9.4
35, 654.174, 13.85748, 28.2, 7.5, 9.0
36, 653.5704, 13.74964, 28.6, 7.2, 8.55
37, 652.9667999999999, 14.446119999999999, 30.3, 7.55, 8.4
38, 652.3632, 14.489024999999998, 30.25, 7.6, 8.65
39, 651.7596, 15.789445, 32.55, 8.45, 9.65
40, 651.156, 16.0234, 33.0, 8.6, 9.75
41, 650.5523999999999, 15.562590000000004, 33.1, 7.9, 9.05
42, 649.9488, 15.191219999999998, 33.3, 7.35, 8.1
43, 649.3452, 15.318095, 33.55, 7.4, 8.3
44, 648.7416, 16.130194999999997, 35.55, 7.6, 9.15
45, 648.1379999999999, 15.568000000000001, 35.0, 7.0, 8.75
46, 647.5344, 15.676704999999998, 35.95, 6.75, 8.5
47, 646.9308, 16.50706, 37.4, 7.3, 9.15
48, 646.3272, 17.298275000000004, 38.25, 8.05, 10.0
49, 645.7235999999999, 16.779850000000003, 39.0, 6.95, 9.15
50, 645.12, 17.394195000000003, 39.55, 7.6, 9.75
51, 644.5164, 17.07466, 39.4, 7.2, 9.4
52, 643.9128, 17.468385, 40.15, 7.45, 9.6
53, 643.3091999999999, 17.972419999999993, 40.8, 7.9, 10.0
54, 642.7056, 16.980385, 40.65, 6.5, 8.9
55, 642.102, 17.911804999999998, 41.95, 7.25, 9.8
56, 641.4984, 17.22791, 42.4, 6.05, 8.8
57, 640.8947999999999, 17.727015, 43.35, 6.3, 9.4
58, 640.2912, 18.433420000000005, 44.8, 6.6, 10.25
59, 639.6876, 18.34969, 45.6, 6.05, 10.25
60, 639.084, 18.876835000000003, 46.15, 6.6, 10.6
61, 638.4803999999999, 19.71212, 47.3, 7.35, 11.05
62, 637.8768, 19.326029999999996, 47.2, 6.85, 10.5
63, 637.2732, 19.129829999999995, 47.7, 6.3, 10.3
64, 636.6696, 18.942024999999997, 48.25, 5.7, 10.3
65, 636.0659999999999, 18.61379, 48.6, 5.05, 9.85
66, 635.4624, 19.568554999999996, 50.45, 5.55, 10.8
67, 634.8588, 19.124535, 50.65, 4.75, 10.5
68, 634.2552, 19.373985, 52.15, 4.45, 10.3
69, 633.6515999999999, 19.791055000000007, 53.45, 4.45, 10.55
70, 633.048, 20.162749999999996, 54.5, 4.5, 10.8
71, 632.4444, 21.14587, 56.3, 5.2, 11.1
72, 631.8408, 19.791619999999995, 55.8, 3.4, 9.8
73, 631.2371999999999, 21.20644, 58.6, 4.2, 10.75
74, 630.6336, 21.627055000000002, 59.95, 4.2, 10.9
75, 630.03, 21.275714999999998, 60.85, 3.25, 10.35
76, 629.4264, 22.309909999999995, 62.9, 3.9, 10.7
77, 628.8227999999999, 21.72107, 63.3, 2.8, 10.15
78, 628.2192, 22.344134999999998, 65.15, 2.9, 10.25
79, 627.6156, 22.817525000000003, 66.75, 2.95, 9.95
80, 627.012, 23.493900000000004, 68.5, 3.25, 9.75
81, 626.4083999999999, 23.832559999999997, 69.9, 3.25, 9.05
82, 625.8048, 22.864575, 70.25, 1.85, 6.85
83, 625.2012, 23.945764999999998, 72.85, 2.3, 7.2
84, 624.5975999999999, 24.640235, 74.65, 2.45, 7.8
85, 623.9939999999999, 25.037204999999997, 76.45, 2.2, 7.85
86, 623.3904, 25.273019999999995, 78.3, 1.65, 7.9
87, 622.7868, 25.910720000000005, 80.3, 1.65, 8.25
88, 622.1831999999999, 26.689785, 82.65, 1.8, 8.15
89, 621.5795999999999, 26.771840000000005, 84.1, 1.25, 7.9
90, 620.976, 26.865914999999994, 85.35, 0.9, 7.25
91, 620.3724, 27.577029999999997, 87.2, 1.15, 7.35
92, 619.7687999999999, 28.477269999999997, 89.8, 1.35, 7.4
93, 619.1651999999999, 29.06098, 92.2, 1.2, 7.0
94, 618.5616, 29.304899999999996, 94.0, 1.0, 5.45
95, 617.958, 30.324925, 96.75, 1.25, 5.9
96, 617.3543999999999, 30.691469999999992, 98.8, 0.85, 5.8
97, 616.7507999999999, 30.90102, 100.3, 0.55, 5.25
98, 616.1472, 31.658590000000004, 102.6, 0.65, 5.35
99, 615.5436, 32.431645, 105.05, 0.7, 5.45
100, 614.9399999999999, 32.928465, 107.35, 0.55, 4.55
101, 614.3363999999999, 33.78502999999999, 109.7, 0.9, 4.1
102, 613.7328, 34.384755, 111.45, 1.05, 4.0
103, 613.1292, 34.751070000000006, 113.3, 0.8, 3.65
104, 612.5255999999999, 35.707315, 115.85, 1.15, 3.55
105, 611.9219999999999, 36.367819999999995, 118.3, 0.95, 3.95
106, 611.3184, 36.81086999999999, 120.3, 0.9, 2.85
107, 610.7148, 37.350285, 122.65, 0.7, 2.45
108, 610.1111999999999, 38.114945000000006, 125.05, 0.8, 2.35
109, 609.5075999999999, 38.35061, 126.4, 0.65, 1.65
110, 608.904, 38.929925000000004, 128.75, 0.45, 1.6
111, 608.3004, 39.78370500000001, 130.45, 1.0, 1.8
112, 607.6967999999999, 40.187765000000006, 132.35, 0.75, 1.65
113, 607.0931999999999, 40.393235000000004, 134.15, 0.3, 1.05
114, 606.4896, 40.99543, 136.2, 0.35, 0.7
115, 605.886, 41.513575, 138.25, 0.15, 0.9
116, 605.2823999999999, 42.094809999999995, 139.9, 0.3, 0.9
117, 604.6787999999999, 43.42427000000001, 142.3, 1.1, 2.15
118, 604.0752, 43.789730000000006, 143.7, 1.0, 2.2
119, 603.4716, 44.0096, 145.0, 0.8, 1.75
120, 602.8679999999999, 44.685355, 146.95, 0.9, 2.05
121, 602.2643999999999, 45.10166000000001, 148.4, 0.9, 1.9
122, 601.6608, 45.61441000000001, 149.9, 1.0, 1.95
123, 601.0572, 45.98695500000001, 150.95, 1.1, 1.95
124, 600.4535999999999, 46.35434500000001, 152.55, 0.95, 1.75
125, 599.8499999999999, 46.792605, 154.45, 0.7, 1.9
126, 599.2464, 47.092355, 155.45, 0.75, 1.65
127, 598.6428, 47.910239999999995, 157.6, 1.0, 1.9
128, 598.0391999999999, 48.04645000000001, 158.5, 0.9, 1.25
129, 597.4355999999999, 48.04322499999999, 159.25, 0.6, 0.8
130, 596.832, 48.54565, 160.5, 0.8, 0.9
131, 596.2284, 49.130425, 161.75, 1.15, 0.95
132, 595.6247999999999, 49.1926, 163.0, 0.6, 1.05
133, 595.0211999999999, 49.583635, 164.15, 0.7, 0.95
134, 594.4176, 49.971664999999994, 165.35, 0.75, 0.95
135, 593.814, 50.16294500000001, 166.05, 0.7, 1.05
136, 593.2103999999999, 50.427870000000006, 166.8, 0.75, 1.15
137, 592.6067999999999, 51.06633499999999, 168.65, 0.75, 1.9
138, 592.0032, 51.2617, 169.5, 0.65, 1.9
139, 591.3996, 51.26533499999999, 170.15, 0.5, 1.0
140, 590.7959999999999, 52.092765, 171.35, 1.25, 1.25
141, 590.1923999999999, 52.43403000000001, 172.2, 1.35, 1.5
142, 589.5888, 52.16095499999998, 172.95, 0.6, 1.0
143, 588.9852, 52.85002999999999, 174.2, 1.05, 1.45
144, 588.3815999999999, 52.766380000000005, 174.7, 0.75, 0.95
145, 587.7779999999999, 53.26965, 175.5, 1.2, 0.95
146, 587.1744, 53.763909999999996, 176.9, 1.3, 1.1
147, 586.5708, 53.93015500000001, 177.95, 1.0, 1.35
148, 585.9671999999999, 54.583100000000016, 179.0, 1.5, 1.75
149, 585.3635999999999, 54.817679999999996, 179.7, 1.65, 1.2
150, 584.76, 55.912265000000005, 180.85, 2.9, 1.35
151, 584.1564, 56.71173, 181.7, 3.8, 1.5
152, 583.5527999999999, 58.488374999999984, 183.25, 5.95, 1.95
153, 582.9491999999999, 60.805490000000006, 185.1, 8.8, 2.75
154, 582.3456, 59.85427499999999, 183.75, 8.1, 1.55
155, 581.742, 61.31909, 184.6, 10.25, 1.1
156, 581.1383999999999, 63.32344499999999, 186.05, 12.8, 1.75
157, 580.5347999999999, 64.885475, 187.25, 14.85, 1.75
158, 579.9312, 66.039375, 187.75, 16.6, 1.55
159, 579.3276, 68.04041500000002, 189.35, 19.0, 2.55
160, 578.7239999999999, 69.12699500000001, 190.05, 20.65, 1.75
161, 578.1203999999999, 70.55120500000001, 190.95, 22.55, 2.1
162, 577.5168, 72.29719, 192.1, 24.9, 2.3
163, 576.9132, 73.88124999999998, 193.0, 27.15, 2.25
164, 576.3095999999999, 75.069125, 193.75, 28.85, 1.95
165, 575.7059999999999, 76.39782, 194.3, 30.95, 1.35
166, 575.1024, 77.97965000000002, 196.0, 32.75, 1.5
167, 574.4988, 79.90936500000001, 197.35, 35.35, 1.5
168, 573.8951999999999, 81.48225500000001, 198.45, 37.45, 1.6
169, 573.2915999999999, 82.81410500000003, 199.45, 39.2, 1.65
170, 572.688, 84.79435000000001, 200.5, 42.0, 1.85
171, 572.0844, 86.54056000000001, 201.4, 44.4, 2.45
172, 571.4807999999999, 87.51135000000001, 201.5, 46.1, 1.95
173, 570.8771999999999, 88.94487999999998, 201.7, 48.45, 1.9
174, 570.2736, 90.72298999999998, 202.6, 51.05, 1.75
175, 569.67, 92.63613999999998, 203.6, 53.8, 1.75
176, 569.0663999999999, 94.52308999999998, 204.6, 56.35, 2.55
177, 568.4627999999999, 96.04906, 204.4, 59.1, 2.3
178, 567.8592, 97.08972000000003, 204.3, 61.05, 1.65
179, 567.2556, 98.91243, 204.7, 64.0, 1.4
180, 566.6519999999999, 101.20927999999996, 205.2, 67.6, 1.7
181, 566.0483999999999, 102.82729999999997, 205.0, 70.4, 2.0
182, 565.4448, 103.782365, 203.85, 72.7, 1.55
183, 564.8412, 105.97659999999996, 205.0, 75.6, 2.85
184, 564.2375999999999, 106.99090999999999, 204.4, 77.75, 2.25
185, 563.6339999999999, 108.01669999999999, 203.5, 80.15, 1.25
186, 563.0304, 109.595045, 203.05, 83.0, 1.6
187, 562.4268, 110.87426, 201.4, 86.0, 1.7
188, 561.8231999999999, 112.854795, 200.55, 89.7, 2.25
189, 561.2195999999999, 114.67995499999998, 199.45, 93.35, 2.35
190, 560.616, 115.81542999999999, 198.2, 95.95, 2.2
191, 560.0124, 116.57127999999997, 196.7, 98.05, 1.95
192, 559.4087999999999, 117.79650500000002, 195.45, 100.9, 1.3
193, 558.8052, 119.488925, 194.25, 104.2, 2.3
194, 558.2016, 119.55608499999998, 190.65, 106.4, 1.0
195, 557.598, 120.65487500000002, 187.75, 109.7, 1.25
196, 556.9943999999999, 123.06616999999999, 185.3, 114.9, 2.05
197, 556.3907999999999, 125.67644499999999, 182.55, 120.65, 2.55
198, 555.7872, 127.54056499999999, 178.85, 125.7, 2.6
199, 555.1836, 128.344235, 173.65, 129.95, 1.4
200, 554.5799999999999, 129.83565499999997, 169.95, 134.2, 2.3
201, 553.9764, 130.59563500000002, 165.15, 137.9, 2.5
202, 553.3728, 131.34344499999997, 160.05, 141.8, 2.35
203, 552.7692, 132.74411, 155.4, 146.35, 3.4
204, 552.1655999999999, 132.58037000000002, 148.3, 149.9, 2.3
205, 551.5619999999999, 133.202605, 142.45, 153.9, 2.5
206, 550.9584, 132.86052999999998, 135.7, 156.9, 1.75
207, 550.3548, 132.24829, 128.6, 159.55, 1.35
208, 549.7511999999999, 132.13322499999998, 122.25, 162.5, 1.8
209, 549.1476, 131.607955, 114.95, 165.4, 1.4
210, 548.544, 130.91644499999998, 109.05, 167.1, 2.05
211, 547.9404, 129.985975, 101.75, 169.3, 1.7
212, 547.3367999999999, 128.866065, 93.35, 171.65, 1.8
213, 546.7331999999999, 127.50972999999999, 84.2, 173.95, 2.05
214, 546.1296, 125.9894, 75.0, 176.2, 1.25
215, 545.526, 125.48253, 67.2, 179.25, 1.55
216, 544.9223999999999, 124.04338, 57.2, 181.9, 1.5
217, 544.3188, 122.43868499999999, 47.65, 184.0, 1.65
218, 543.7152, 120.54102999999995, 38.2, 185.55, 1.8
219, 543.1116, 118.32930999999999, 28.4, 186.85, 1.4
220, 542.5079999999999, 116.429275, 19.25, 188.35, 1.0
221, 541.9043999999999, 114.07296999999998, 10.3, 189.0, 0.45
222, 541.3008, 113.45734499999999, 4.55, 190.85, 0.6
223, 540.6972, 114.28188999999998, 1.6, 193.65, 1.15
224, 540.0935999999999, 115.36837000000003, 0.8, 195.85, 1.45
225, 539.49, 116.208665, 1.35, 197.05, 1.2
226, 538.8864, 116.72865000000002, 1.0, 198.25, 0.5
227, 538.2828, 117.54282500000004, 1.25, 199.5, 0.55
228, 537.6791999999999, 117.95372000000002, 0.8, 200.4, 0.7
229, 537.0755999999999, 118.54364000000002, 0.6, 201.4, 1.25
230, 536.472, 119.29872, 0.8, 202.4, 2.2
231, 535.8684, 119.97700499999999, 0.95, 203.45, 2.35
232, 535.2647999999999, 120.87583500000001, 1.65, 204.45, 3.25
233, 534.6612, 121.09877999999999, 1.7, 204.95, 2.5
234, 534.0576, 121.19461999999999, 1.3, 205.55, 1.3
235, 533.454, 121.814825, 1.25, 206.7, 0.95
236, 532.8503999999999, 122.58793999999997, 1.6, 207.8, 1.15
237, 532.2467999999999, 122.83991499999999, 0.85, 208.65, 0.95
238, 531.6432, 123.25651500000001, 0.85, 209.35, 1.0
239, 531.0396, 123.46466000000001, 0.9, 209.65, 1.15
240, 530.4359999999999, 123.67011, 0.9, 210.0, 1.15
241, 529.8324, 123.93341000000001, 0.9, 210.4, 1.4
242, 529.2288, 124.412175, 1.25, 210.95, 1.85
243, 528.6252, 124.81499, 1.1, 211.8, 1.4
244, 528.0215999999999, 124.97344999999999, 1.0, 212.15, 1.25
245, 527.4179999999999, 125.44928999999998, 1.1, 212.9, 1.3
246, 526.8144, 125.59765499999999, 0.95, 213.2, 1.45
247, 526.2108, 125.44635999999996, 0.4, 213.3, 1.05
248, 525.6071999999999, 126.51073999999998, 1.1, 214.65, 1.6
249, 525.0036, 126.50812499999995, 0.75, 214.95, 0.95
250, 524.4, 126.43478999999995, 0.6, 214.95, 0.7
251, 523.7964, 126.73776499999994, 0.85, 215.3, 0.9
252, 523.1927999999999, 127.36081499999997, 1.35, 216.0, 1.45
253, 522.5891999999999, 127.65678499999999, 1.65, 216.4, 1.2
254, 521.9856, 127.95513499999997, 1.65, 216.85, 1.5
255, 521.382, 128.12198999999998, 1.6, 217.15, 1.55
256, 520.7783999999999, 128.41140499999997, 1.45, 217.7, 1.65
257, 520.1748, 128.60437499999998, 1.25, 218.15, 1.55
258, 519.5712, 128.36364500000002, 1.05, 217.9, 1.25
259, 518.9676, 128.50061000000002, 0.9, 218.2, 1.3
260, 518.3639999999999, 128.49845500000006, 0.95, 218.2, 1.15
261, 517.7603999999999, 128.70929500000005, 1.05, 218.45, 1.45
262, 517.1568, 129.03807500000002, 1.25, 218.85, 1.75
263, 516.5532, 129.31201000000001, 1.4, 219.25, 1.7
264, 515.9495999999999, 128.88216000000003, 0.9, 218.85, 1.3
265, 515.346, 129.18213, 1.2, 219.15, 1.6
266, 514.7424, 129.49273, 1.2, 219.65, 1.75
267, 514.1388, 129.26285999999996, 0.9, 219.45, 1.55
268, 513.5351999999999, 129.11017999999996, 0.7, 219.35, 1.25
269, 512.9315999999999, 129.48163999999994, 1.1, 219.75, 1.4
270, 512.328, 129.268105, 0.95, 219.55, 0.95
271, 511.72439999999995, 129.39982999999998, 1.2, 219.55, 1.45
272, 511.1207999999999, 129.69710499999997, 1.45, 219.9, 1.6
273, 510.51719999999995, 129.53271499999997, 1.35, 219.7, 1.45
274, 509.9136, 129.15200999999996, 0.9, 219.3, 1.35
275, 509.30999999999995, 129.46877, 1.3, 219.5, 2.05
276, 508.7063999999999, 129.07626999999997, 0.8, 218.95, 2.75
277, 508.10279999999995, 129.42274999999995, 1.0, 219.05, 4.75
278, 507.4992, 130.14106000000004, 1.4, 219.4, 8.2
279, 506.89559999999994, 130.35941999999997, 1.3, 219.25, 11.15
280, 506.2919999999999, 130.00965999999997, 0.9, 218.45, 13.25
281, 505.68839999999994, 130.23255999999998, 0.9, 218.15, 16.75
282, 505.0848, 130.95463999999998, 1.1, 218.55, 20.5
283, 504.48119999999994, 131.50561500000003, 1.35, 218.4, 25.45
284, 503.8775999999999, 131.79884499999997, 1.55, 218.05, 29.3
285, 503.27399999999994, 131.95527, 1.3, 217.9, 32.1
286, 502.6704, 132.156305, 1.45, 217.7, 34.5
287, 502.06679999999994, 132.08232500000003, 1.25, 217.2, 36.95
288, 501.4631999999999, 132.58546, 1.4, 217.0, 42.0
289, 500.85959999999994, 132.93985500000002, 1.45, 216.85, 45.75
290, 500.256, 132.934275, 1.25, 216.35, 48.8
291, 499.65239999999994, 132.94472000000002, 1.3, 215.75, 51.85
292, 499.0487999999999, 132.99946, 1.4, 215.2, 54.9
293, 498.44519999999994, 133.93138500000003, 1.65, 216.0, 58.3
294, 497.84159999999997, 134.14189, 1.6, 215.85, 61.05
295, 497.23799999999994, 134.23737500000001, 1.25, 215.55, 64.35
296, 496.6343999999999, 134.32122999999996, 0.7, 215.4, 67.3
297, 496.03079999999994, 133.86200999999997, 0.4, 214.45, 68.95
298, 495.42719999999997, 134.32887499999998, 0.75, 214.3, 72.9
299, 494.82359999999994, 134.63767, 0.8, 214.15, 76.25
300, 494.2199999999999, 134.69816999999998, 0.8, 213.35, 80.9
301, 493.61639999999994, 135.05217499999998, 1.25, 212.85, 85.4
302, 493.01279999999997, 135.764785, 1.65, 213.2, 88.8
303, 492.40919999999994, 135.48495499999996, 0.95, 212.4, 92.3
304, 491.8055999999999, 135.46713000000003, 1.2, 211.65, 95.35
305, 491.20199999999994, 135.56747, 1.3, 211.1, 98.8
306, 490.59839999999997, 135.560585, 1.15, 210.65, 101.45
307, 489.99479999999994, 135.41295999999997, 0.9, 210.05, 103.9
308, 489.3911999999999, 135.15593500000003, 0.65, 209.05, 107.45
309, 488.78759999999994, 135.20959499999998, 0.55, 208.6, 110.5
310, 488.18399999999997, 135.459215, 0.85, 207.95, 115.25
311, 487.58039999999994, 135.440535, 0.65, 207.35, 118.7
312, 486.9767999999999, 135.47763500000002, 0.65, 206.85, 121.6
313, 486.37319999999994, 135.83288499999998, 1.15, 206.55, 124.95
314, 485.76959999999997, 135.86212999999998, 1.2, 206.05, 127.65
315, 485.16599999999994, 135.427475, 1.25, 204.75, 130.4
316, 484.5623999999999, 134.64392999999998, 0.7, 203.2, 132.95
317, 483.95879999999994, 134.357785, 0.65, 202.0, 136.75
318, 483.35519999999997, 134.314215, 0.85, 200.95, 141.25
319, 482.75159999999994, 133.57797499999998, 0.75, 199.3, 143.55
320, 482.1479999999999, 133.639895, 1.55, 198.6, 145.6
321, 481.54439999999994, 133.94137499999997, 1.75, 198.4, 148.75
322, 480.94079999999997, 133.02426499999996, 1.35, 196.75, 150.25
323, 480.33719999999994, 132.09305999999995, 0.9, 195.15, 151.5
324, 479.7335999999999, 131.93665000000001, 1.0, 194.25, 154.5
325, 479.12999999999994, 131.99830999999998, 0.9, 193.6, 158.65
326, 478.52639999999997, 131.495025, 0.75, 192.45, 160.55
327, 477.92279999999994, 130.92765500000002, 0.95, 191.1, 162.0
328, 477.3191999999999, 130.15707000000003, 0.8, 189.65, 163.1
329, 476.71559999999994, 129.116095, 0.55, 187.8, 164.15
330, 476.11199999999997, 128.49680499999997, 0.95, 186.25, 165.65
331, 475.50839999999994, 128.47358999999997, 1.1, 185.6, 168.4
332, 474.9047999999999, 127.51055000000001, 1.0, 183.35, 171.8
333, 474.30119999999994, 126.75358500000002, 1.15, 181.45, 174.55
334, 473.69759999999997, 126.0001, 1.0, 180.0, 175.8
335, 473.09399999999994, 125.20356499999998, 0.85, 178.7, 175.9
336, 472.4903999999999, 124.66153999999999, 0.6, 177.7, 176.95
337, 471.88679999999994, 125.04560499999995, 1.45, 177.3, 180.15
338, 471.28319999999997, 124.40328, 1.2, 176.1, 181.35
339, 470.67959999999994, 123.60743000000002, 1.2, 174.55, 182.35
340, 470.0759999999999, 123.17833499999998, 1.65, 173.25, 184.1
341, 469.47239999999994, 122.94050499999999, 1.45, 172.5, 186.4
342, 468.86879999999996, 122.40956999999999, 1.3, 171.4, 187.8
343, 468.26519999999994, 121.56057000000001, 0.8, 170.15, 188.1
344, 467.6615999999999, 121.20327, 0.8, 169.25, 189.6
345, 467.05799999999994, 120.78072, 0.8, 168.2, 191.3
346, 466.45439999999996, 120.06128999999999, 0.6, 166.95, 191.95
347, 465.85079999999994, 119.4038, 1.0, 165.5, 192.6
348, 465.2471999999999, 118.61818500000004, 0.65, 164.0, 194.35
349, 464.64359999999994, 117.86901499999999, 0.85, 162.35, 195.75
350, 464.03999999999996, 117.01115, 1.0, 160.55, 197.1
351, 463.43639999999994, 116.365825, 1.25, 159.1, 198.25
352, 462.8327999999999, 115.687605, 1.45, 157.6, 199.5
353, 462.22919999999993, 114.17480499999996, 0.45, 155.6, 199.15
354, 461.62559999999996, 113.20015999999998, 0.4, 153.8, 200.0
355, 461.02199999999993, 112.31703, 0.7, 151.9, 201.25
356, 460.4183999999999, 111.09996000000004, 0.9, 149.55, 202.15
357, 459.81479999999993, 109.68206, 0.9, 146.95, 203.1
358, 459.21119999999996, 108.66681000000001, 0.9, 144.9, 204.75
359, 458.60759999999993, 107.08759000000002, 1.1, 141.7, 206.85
360, 458.0039999999999, 105.28374, 0.6, 138.6, 208.3
361, 457.40039999999993, 103.37428999999997, 0.6, 135.25, 208.8
362, 456.79679999999996, 101.66266500000002, 0.85, 132.1, 209.35
363, 456.19319999999993, 100.50968, 0.7, 129.95, 210.7
364, 455.5895999999999, 98.80329500000002, 0.55, 127.1, 210.8
365, 454.98599999999993, 96.95092499999998, 0.25, 124.0, 211.3
366, 454.38239999999996, 95.45468, 0.7, 120.95, 212.7
367, 453.77879999999993, 93.52450500000005, 0.95, 117.35, 213.65
368, 453.1751999999999, 90.99430999999996, 0.9, 112.9, 214.5
369, 452.57159999999993, 89.47593499999996, 2.15, 108.9, 218.5
370, 451.96799999999996, 87.06475, 1.5, 104.9, 219.65
371, 451.36439999999993, 84.84053000000003, 1.2, 101.05, 220.75
372, 450.7607999999999, 82.35054000000002, 0.6, 96.9, 221.85
373, 450.15719999999993, 79.41868499999997, 0.15, 91.95, 222.8
374, 449.55359999999996, 76.57858000000002, 0.7, 86.55, 224.25
375, 448.94999999999993, 74.076495, 1.05, 81.75, 226.1
376, 448.3463999999999, 70.05861000000002, 0.9, 74.7, 227.55
377, 447.74279999999993, 67.01127, 1.3, 68.8, 230.15
378, 447.13919999999996, 63.22949, 1.1, 62.1, 232.0
379, 446.53559999999993, 58.25376500000001, 0.35, 53.85, 232.8
380, 445.9319999999999, 54.092054999999995, 0.45, 46.35, 234.65
381, 445.32839999999993, 50.29079, 2.1, 38.5, 237.4
382, 444.72479999999996, 44.599035, 1.15, 29.2, 237.85
383, 444.12119999999993, 38.347705000000005, 0.45, 18.8, 238.4
384, 443.51759999999996, 31.940925, 0.25, 7.9, 238.85
385, 442.914, 27.827299999999997, 0.0, 1.0, 238.95
386, 442.31039999999996, 28.85974, 1.1, 1.15, 244.35
387, 441.70679999999993, 28.70072, 1.3, 0.35, 246.55
388, 441.10319999999996, 28.89429, 1.1, 0.5, 248.0
389, 440.4996, 28.988719999999994, 0.8, 0.6, 249.1
390, 439.89599999999996, 29.205404999999995, 0.95, 0.65, 250.35
391, 439.29239999999993, 29.81842500000001, 1.75, 0.85, 252.6
392, 438.68879999999996, 29.311385, 1.15, 0.35, 252.3
393, 438.0852, 29.767349999999993, 1.5, 0.9, 252.55
394, 437.48159999999996, 29.877664999999997, 1.85, 0.9, 252.6
395, 436.87799999999993, 29.683384999999998, 1.65, 0.7, 252.45
396, 436.27439999999996, 29.535555, 1.45, 0.55, 252.45
397, 435.6708, 29.935515, 1.85, 0.95, 252.85
398, 435.06719999999996, 29.889064999999995, 1.85, 0.9, 252.7
399, 434.46359999999993, 29.559745, 1.55, 0.55, 252.4
400, 433.85999999999996, 29.594794999999998, 1.55, 0.6, 252.45
401, 433.2564, 29.791229999999995, 1.7, 0.8, 252.75
402, 432.65279999999996, 29.927659999999996, 1.9, 0.95, 252.65
403, 432.0491999999999, 29.64124499999999, 1.55, 0.65, 252.6
404, 431.44559999999996, 29.65264499999999, 1.55, 0.65, 252.7
405, 430.842, 29.628144999999996, 1.55, 0.55, 253.0
406, 430.23839999999996, 29.680294999999994, 1.55, 0.6, 253.2
407, 429.6347999999999, 29.73684, 1.6, 0.7, 253.05
408, 429.03119999999996, 29.765340000000002, 1.6, 0.7, 253.3
409, 428.4276, 29.727594999999997, 1.55, 0.7, 253.1
410, 427.82399999999996, 29.839525, 1.75, 0.75, 253.3
411, 427.2203999999999, 29.961009999999995, 1.9, 0.9, 253.2
412, 426.61679999999996, 29.952614999999998, 1.85, 0.95, 253.0
413, 426.0132, 29.455669999999998, 1.3, 0.5, 252.4
414, 425.40959999999995, 29.51976000000001, 1.4, 0.5, 252.7
415, 424.8059999999999, 29.5961, 1.5, 0.55, 252.85
416, 424.20239999999995, 29.775975, 1.75, 0.7, 253.0
417, 423.5988, 30.191189999999995, 2.1, 1.2, 253.15
418, 422.99519999999995, 30.260209999999994, 1.9, 1.4, 253.25
419, 422.3915999999999, 29.911634999999997, 1.65, 1.05, 252.65
420, 421.78799999999995, 29.77259, 1.1, 1.2, 252.1
421, 421.1844, 30.03158, 1.2, 1.6, 252.05
422, 420.58079999999995, 29.91086500000001, 1.35, 1.25, 252.4
423, 419.9771999999999, 29.624909999999993, 1.4, 0.65, 252.85
424, 419.37359999999995, 29.551265000000008, 1.35, 0.55, 252.85
425, 418.7699999999999, 29.643399999999996, 1.5, 0.65, 252.75
426, 418.16639999999995, 29.224039999999995, 1.1, 0.45, 251.15
427, 417.5627999999999, 28.641310000000004, 0.9, 0.2, 247.85
428, 416.95919999999995, 28.210350000000005, 1.0, 0.25, 243.55
429, 416.3555999999999, 27.988069999999993, 0.8, 0.75, 239.55
430, 415.75199999999995, 27.43863, 0.7, 0.7, 235.25
431, 415.1483999999999, 26.581675000000008, 0.25, 0.45, 230.2
432, 414.54479999999995, 26.065985000000005, 0.65, 0.3, 225.4
433, 413.9411999999999, 25.484045000000005, 0.55, 0.35, 220.3
434, 413.33759999999995, 25.189595000000008, 0.55, 0.8, 215.4
435, 412.7339999999999, 24.88968, 1.2, 0.9, 210.55
436, 412.13039999999995, 24.275775000000007, 0.75, 1.2, 204.8
437, 411.5267999999999, 23.644535000000005, 1.65, 0.55, 200.25
438, 410.92319999999995, 22.838964999999995, 1.35, 0.35, 195.0
439, 410.3195999999999, 22.25186, 0.9, 0.55, 190.0
440, 409.71599999999995, 21.513075, 0.75, 0.3, 185.2
441, 409.1123999999999, 20.794870000000003, 0.3, 0.5, 179.05
442, 408.50879999999995, 20.660734999999995, 1.15, 0.8, 174.1
443, 407.9051999999999, 19.963715, 0.85, 0.95, 168.0
444, 407.30159999999995, 19.060625, 0.75, 0.55, 162.4
445, 406.6979999999999, 18.413980000000002, 1.2, 0.2, 157.35
446, 406.09439999999995, 17.982335000000003, 1.15, 0.5, 152.15
447, 405.4907999999999, 17.688354999999998, 2.45, 0.25, 147.45
448, 404.88719999999995, 16.98433, 2.2, 0.45, 140.9
449, 404.2835999999999, 16.332375000000003, 2.25, 0.45, 135.05
450, 403.67999999999995, 15.72194, 2.6, 0.3, 129.55
451, 403.0763999999999, 15.27813, 2.7, 0.6, 123.85
452, 402.47279999999995, 15.237129999999997, 4.2, 0.65, 119.3
453, 401.8691999999999, 14.63701, 3.9, 0.8, 114.05
454, 401.26559999999995, 14.408425000000003, 5.25, 0.5, 110.05
455, 400.6619999999999, 14.12961, 5.9, 0.5, 105.9
456, 400.05839999999995, 13.807970000000001, 6.3, 0.7, 101.0
457, 399.4547999999999, 13.59033, 7.7, 0.5, 96.45
458, 398.85119999999995, 13.160840000000004, 7.6, 0.8, 91.4
459, 398.2475999999999, 12.797530000000005, 9.2, 0.25, 86.85
460, 397.64399999999995, 12.460859999999997, 9.4, 0.4, 82.6
461, 397.0403999999999, 12.233649999999999, 9.5, 0.7, 78.8
462, 396.43679999999995, 12.220210000000002, 10.4, 0.85, 75.55
463, 395.8331999999999, 11.90194, 10.1, 1.15, 72.0
464, 395.22959999999995, 12.146410000000001, 10.9, 1.8, 68.7
465, 394.6259999999999, 12.651399999999999, 11.5, 2.85, 66.15
466, 394.02239999999995, 12.486125, 11.75, 3.15, 62.5
467, 393.4187999999999, 12.322780000000002, 12.2, 3.4, 58.6
468, 392.81519999999995, 13.467610000000002, 13.4, 5.05, 57.0
469, 392.2115999999999, 12.754065, 12.85, 4.6, 54.5
470, 391.60799999999995, 12.3744, 12.5, 4.85, 50.8
471, 391.0043999999999, 12.656379999999999, 12.7, 5.85, 47.6
472, 390.40079999999995, 13.191879999999998, 13.2, 7.1, 44.55
473, 389.7971999999999, 13.175340000000002, 13.1, 7.55, 42.35
474, 389.19359999999995, 13.261855, 12.95, 7.9, 41.7
475, 388.5899999999999, 13.840319999999997, 13.3, 8.95, 40.45
476, 387.98639999999995, 13.816835000000001, 13.15, 9.2, 39.35
477, 387.3827999999999, 13.355499999999997, 12.5, 9.25, 36.75
478, 386.77919999999995, 13.42131, 12.4, 9.85, 34.5
479, 386.1755999999999, 14.654705000000002, 13.45, 11.3, 35.1
480, 385.57199999999995, 14.29328, 13.2, 11.2, 33.1
481, 384.9683999999999, 13.934465, 12.85, 11.0, 31.9
482, 384.36479999999995, 14.410620000000005, 13.3, 11.65, 31.55
483, 383.7611999999999, 14.442829999999997, 13.2, 11.95, 30.55
484, 383.15759999999995, 13.938735000000003, 12.65, 11.75, 28.6
485, 382.5539999999999, 14.033959999999999, 12.9, 11.95, 27.75
486, 381.95039999999995, 14.635685, 13.65, 12.7, 27.2
487, 381.3467999999999, 14.343425, 13.25, 12.6, 26.2
488, 380.74319999999994, 14.14846, 12.9, 12.65, 25.15
489, 380.1395999999999, 13.961890000000002, 12.6, 12.65, 24.3
490, 379.53599999999994, 13.836945000000004, 12.55, 12.55, 23.85
491, 378.9323999999999, 14.377275000000001, 13.25, 13.25, 23.15
492, 378.32879999999994, 13.92162, 12.8, 12.8, 22.65
493, 377.7251999999999, 13.598850000000002, 12.5, 12.5, 22.15
494, 377.12159999999994, 14.448764999999998, 13.35, 13.35, 23.0
495, 376.5179999999999, 15.231584999999999, 14.15, 14.15, 23.65
496, 375.91439999999994, 13.073490000000001, 12.1, 12.1, 20.65
497, 375.3107999999999, 12.962099999999998, 12.0, 12.0, 20.45
498, 374.70719999999994, 13.177874999999997, 12.25, 12.25, 20.4
499, 374.1035999999999, 13.855005, 12.95, 12.95, 20.9
