Extraction [ img/s4/seq3/b2.jpg ] effectuee 2026-05-28 17:17:32.748585
Calibration: -0.2664195129856975*x + 663.5294963737288 [largueur 2619 + 934]

pixel, longueur d'onde, intensite, r, g, b
0, 663.5294963737288, 88.49439462365591, 180.67741935483872, 46.473118279569896, 63.24731182795699
1, 663.263076860743, 89.34198602150542, 182.50537634408602, 46.74193548387097, 64.50537634408602
2, 662.9966573477574, 90.1053505376344, 183.2688172043011, 47.505376344086024, 65.26881720430107
3, 662.7302378347716, 89.76696559139786, 183.46236559139786, 46.83870967741935, 65.2258064516129
4, 662.463818321786, 90.86474086021508, 184.63440860215053, 47.903225806451616, 66.3010752688172
5, 662.1973988088002, 91.02898172043018, 186.31182795698925, 47.10752688172043, 67.44086021505376
6, 661.9309792958146, 90.4620129032258, 185.78494623655914, 46.526881720430104, 66.83870967741936
7, 661.6645597828289, 91.3466430107527, 186.90322580645162, 47.24731182795699, 67.95698924731182
8, 661.3981402698432, 91.00259139784946, 186.55913978494624, 46.903225806451616, 67.61290322580645
9, 661.1317207568575, 91.77699354838713, 188.23655913978496, 47.17204301075269, 68.6236559139785
10, 660.8653012438718, 91.28241935483872, 187.74193548387098, 46.67741935483871, 68.12903225806451
11, 660.5988817308861, 91.8884376344086, 189.27956989247312, 46.70967741935484, 69.24731182795699
12, 660.3324622179003, 92.42601827956985, 189.81720430107526, 47.24731182795699, 69.78494623655914
13, 660.0660427049147, 93.62574193548384, 191.93548387096774, 47.83870967741935, 71.70967741935483
14, 659.799623191929, 93.9267870967742, 192.23655913978496, 48.13978494623656, 72.01075268817205
15, 659.5332036789433, 94.69020000000003, 193.80645161290323, 48.354838709677416, 73.48387096774194
16, 659.2667841659576, 94.89781075268822, 194.04301075268816, 48.54838709677419, 73.68817204301075
17, 659.0003646529719, 96.3191924731183, 196.13978494623655, 49.505376344086024, 75.73118279569893
18, 658.7339451399862, 96.64174086021507, 196.46236559139786, 49.82795698924731, 76.05376344086021
19, 658.4675256270006, 97.34920645161291, 197.50537634408602, 50.24731182795699, 77.36559139784946
20, 658.2011061140148, 97.03313548387098, 197.247311827957, 49.89247311827957, 77.09677419354838
21, 657.9346866010292, 97.48898924731179, 198.38709677419354, 49.81720430107527, 78.49462365591398
22, 657.6682670880434, 97.17016774193547, 198.10752688172042, 49.46236559139785, 78.25806451612904
23, 657.4018475750577, 97.49766774193549, 198.80645161290323, 49.516129032258064, 79.02150537634408
24, 657.135428062072, 97.8080559139785, 199.11827956989248, 49.81720430107527, 79.3763440860215
25, 656.8690085490863, 99.10800645161291, 201.2258064516129, 50.58064516129032, 81.3225806451613
26, 656.6025890361007, 99.35529354838715, 201.4731182795699, 50.82795698924731, 81.56989247311827
27, 656.3361695231149, 99.25675268817207, 202.4731182795699, 49.946236559139784, 82.6236559139785
28, 656.0697500101293, 99.65923440860215, 202.9247311827957, 50.32258064516129, 83.03225806451613
29, 655.8033304971435, 100.15706559139787, 204.61290322580646, 49.924731182795696, 85.02150537634408
30, 655.5369109841579, 100.25873440860217, 204.80645161290323, 49.97849462365591, 85.12903225806451
31, 655.2704914711721, 100.37983333333337, 206.29032258064515, 49.18279569892473, 86.39784946236558
32, 655.0040719581864, 99.83231290322583, 205.79569892473117, 48.60215053763441, 85.88172043010752
33, 654.7376524452008, 100.47480752688172, 207.40860215053763, 48.59139784946237, 87.34408602150538
34, 654.471232932215, 100.32428494623657, 207.25806451612902, 48.44086021505376, 87.19354838709677
35, 654.2048134192294, 100.41299462365589, 207.79569892473117, 48.17204301075269, 87.94623655913979
36, 653.9383939062436, 100.24183118279565, 207.81720430107526, 47.89247311827957, 87.82795698924731
37, 653.671974393258, 101.03590967741933, 210.4731182795699, 47.473118279569896, 89.98924731182795
38, 653.4055548802722, 100.97670215053763, 210.61290322580646, 47.30107526881721, 89.98924731182795
39, 653.1391353672866, 101.55646021505376, 211.63440860215053, 47.58064516129032, 90.95698924731182
40, 652.8727158543008, 100.92211505376343, 211.0, 46.946236559139784, 90.3225806451613
41, 652.6062963413152, 102.1245387096774, 213.0, 47.61290322580645, 92.19354838709677
42, 652.3398768283295, 101.46115268817204, 212.34408602150538, 46.946236559139784, 91.52688172043011
43, 652.0734573153437, 101.36332903225805, 213.2688172043011, 46.204301075268816, 92.06451612903226
44, 651.8070378023581, 101.45576989247314, 213.3763440860215, 46.29032258064516, 92.15053763440861
45, 651.5406182893723, 101.8905935483871, 214.9247311827957, 46.086021505376344, 92.95698924731182
46, 651.2741987763867, 101.76157419354838, 214.79569892473117, 45.956989247311824, 92.82795698924731
47, 651.007779263401, 102.49104731182796, 216.7311827956989, 45.96774193548387, 94.09677419354838
48, 650.7413597504153, 101.79219247311823, 216.03225806451613, 45.26881720430107, 93.39784946236558
49, 650.4749402374296, 101.69200107526879, 216.44086021505376, 44.88172043010753, 93.44086021505376
50, 650.2085207244439, 100.76736236559134, 215.51612903225808, 43.956989247311824, 92.51612903225806
51, 649.9421012114582, 101.01498279569893, 216.08602150537635, 44.03225806451613, 92.80645161290323
52, 649.6756816984725, 100.89292258064518, 216.04301075268816, 43.88172043010753, 92.6236559139785
53, 649.4092621854868, 101.65828279569897, 218.3548387096774, 43.784946236559136, 93.7741935483871
54, 649.142842672501, 101.04731397849466, 217.8279569892473, 43.13978494623656, 93.11827956989248
55, 648.8764231595154, 101.90984516129029, 219.0752688172043, 43.75268817204301, 94.25806451612904
56, 648.6100036465297, 101.49053225806455, 218.65591397849462, 43.333333333333336, 93.83870967741936
57, 648.343584133544, 101.31418494623658, 219.11827956989248, 42.784946236559136, 93.90322580645162
58, 648.0771646205583, 100.93080430107527, 218.7311827956989, 42.39784946236559, 93.54838709677419
59, 647.8107451075726, 100.99741827956989, 219.68817204301075, 41.89247311827957, 94.2258064516129
60, 647.5443255945869, 101.91130537634407, 220.6021505376344, 42.806451612903224, 95.13978494623656
61, 647.2779060816013, 102.54333763440857, 222.53763440860214, 42.70967741935484, 96.10752688172043
62, 647.0114865686155, 102.35857204301077, 222.34408602150538, 42.526881720430104, 95.93548387096774
63, 646.7450670556299, 103.35963655913979, 224.27956989247312, 43.01075268817204, 97.15053763440861
64, 646.4786475426441, 103.16365591397849, 224.08602150537635, 42.81720430107527, 96.93548387096774
65, 646.2122280296584, 103.59004193548388, 224.8494623655914, 43.01075268817204, 97.6774193548387
66, 645.9458085166727, 103.69265483870969, 224.95698924731184, 43.11827956989247, 97.74193548387096
67, 645.679389003687, 103.9513430107527, 225.9247311827957, 42.97849462365591, 98.19354838709677
68, 645.4129694907014, 104.20991290322584, 226.247311827957, 43.215053763440864, 98.39784946236558
69, 645.1465499777156, 104.23074408602152, 227.61290322580646, 42.494623655913976, 98.70967741935483
70, 644.88013046473, 103.52966989247314, 226.95698924731184, 41.774193548387096, 97.98924731182795
71, 644.6137109517442, 103.75369892473111, 227.31182795698925, 41.935483870967744, 98.19354838709677
72, 644.3472914387586, 103.06841290322579, 226.6236559139785, 41.26881720430107, 97.41935483870968
73, 644.0808719257728, 103.50213010752688, 227.6236559139785, 41.483870967741936, 97.49462365591398
74, 643.8144524127872, 103.18099032258063, 227.30107526881721, 41.17204301075269, 97.12903225806451
75, 643.5480328998015, 103.89668817204303, 229.03225806451613, 41.44086021505376, 97.48387096774194
76, 643.2816133868157, 103.81349247311832, 228.94623655913978, 41.376344086021504, 97.31182795698925
77, 643.0151938738301, 104.05770967741938, 230.10752688172042, 41.236559139784944, 97.12903225806451
78, 642.7487743608443, 104.14372258064519, 230.19354838709677, 41.32258064516129, 97.21505376344086
79, 642.4823548478587, 104.53024623655911, 231.40860215053763, 41.39784946236559, 97.03225806451613
80, 642.2159353348729, 104.50383978494627, 231.38709677419354, 41.376344086021504, 96.96774193548387
81, 641.9495158218873, 104.75920645161294, 232.66666666666666, 41.18279569892473, 96.84946236559139
82, 641.6830963089016, 105.1508204301075, 233.08602150537635, 41.55913978494624, 97.24731182795699
83, 641.4166767959159, 105.8251311827957, 234.49462365591398, 41.89247311827957, 97.75268817204301
84, 641.1502572829302, 105.59550645161289, 234.3978494623656, 41.623655913978496, 97.3763440860215
85, 640.8838377699444, 105.9265602150538, 236.33333333333334, 41.344086021505376, 96.64516129032258
86, 640.6174182569588, 105.64498387096776, 236.29032258064515, 40.96774193548387, 96.2258064516129
87, 640.350998743973, 106.93270215053765, 238.247311827957, 42.0, 97.0752688172043
88, 640.0845792309874, 107.06389247311834, 238.38709677419354, 42.13978494623656, 97.13978494623656
89, 639.8181597180017, 106.77871720430106, 238.95698924731184, 41.59139784946237, 95.96774193548387
90, 639.551740205016, 106.1384612903226, 238.29032258064515, 41.03225806451613, 94.97849462365592
91, 639.2853206920303, 106.24363225806452, 239.91397849462365, 40.59139784946237, 93.91397849462365
92, 639.0189011790446, 106.34391505376342, 240.09677419354838, 40.75268817204301, 93.48387096774194
93, 638.7524816660589, 106.75995483870965, 241.95698924731184, 40.666666666666664, 92.6989247311828
94, 638.4860621530732, 106.6801935483871, 242.04301075268816, 40.59139784946237, 92.16129032258064
95, 638.2196426400875, 107.41480645161288, 243.8709677419355, 41.064516129032256, 91.3763440860215
96, 637.9532231271018, 107.159523655914, 243.68817204301075, 40.87096774193548, 90.61290322580645
97, 637.6868036141161, 107.69510107526877, 245.2258064516129, 41.086021505376344, 90.17204301075269
98, 637.4203841011304, 107.58604731182798, 245.11827956989248, 41.03225806451613, 89.7741935483871
99, 637.1539645881447, 107.81334946236561, 245.96774193548387, 41.053763440860216, 89.43010752688173
100, 636.887545075159, 107.11450537634411, 245.3763440860215, 40.483870967741936, 87.78494623655914
101, 636.6211255621733, 107.38396666666668, 247.43010752688173, 40.053763440860216, 86.97849462365592
102, 636.3547060491876, 106.99950645161294, 247.30107526881721, 39.75268817204301, 85.49462365591398
103, 636.088286536202, 107.3084010752688, 248.3548387096774, 39.82795698924731, 85.05376344086021
104, 635.8218670232162, 106.95807311827959, 247.9784946236559, 39.53763440860215, 84.46236559139786
105, 635.5554475102306, 107.7739709677419, 249.6451612903226, 40.12903225806452, 84.20430107526882
106, 635.2890279972448, 108.15546559139787, 249.96774193548387, 40.60215053763441, 84.26881720430107
107, 635.0226084842591, 108.89605268817208, 251.51612903225808, 41.1505376344086, 83.88172043010752
108, 634.7561889712734, 108.86784623655917, 251.53763440860214, 41.204301075268816, 83.3010752688172
109, 634.4897694582877, 109.62726236559139, 252.752688172043, 41.87096774193548, 83.34408602150538
110, 634.2233499453021, 109.46828279569895, 252.8709677419355, 41.68817204301075, 82.58064516129032
111, 633.9569304323163, 109.72151720430098, 253.53763440860214, 41.97849462365591, 81.55913978494624
112, 633.6905109193307, 110.21228387096768, 253.93548387096774, 42.58064516129032, 81.72043010752688
113, 633.4240914063449, 110.8499010752688, 254.53763440860214, 43.39784946236559, 81.52688172043011
114, 633.1576718933593, 110.99366451612894, 254.53763440860214, 43.634408602150536, 81.56989247311827
115, 632.8912523803735, 110.88275806451608, 254.56989247311827, 43.53763440860215, 81.01075268817205
116, 632.6248328673878, 110.78906236559133, 254.6451612903226, 43.40860215053763, 80.65591397849462
117, 632.3584133544022, 111.43295698924729, 254.94623655913978, 44.40860215053763, 80.36559139784946
118, 632.0919938414164, 111.10716559139782, 254.79569892473117, 44.043010752688176, 79.78494623655914
119, 631.8255743284308, 111.49521935483877, 254.90322580645162, 44.645161290322584, 79.80645161290323
120, 631.559154815445, 111.59602580645165, 254.90322580645162, 44.806451612903224, 79.86021505376344
121, 631.2927353024594, 111.9634720430108, 254.95698924731184, 45.43010752688172, 79.73118279569893
122, 631.0263157894736, 111.80607634408605, 254.8279569892473, 45.29032258064516, 79.40860215053763
123, 630.759896276488, 112.33961720430115, 254.79569892473117, 46.236559139784944, 79.3010752688172
124, 630.4934767635023, 112.32901720430107, 254.7741935483871, 46.27956989247312, 79.04301075268818
125, 630.2270572505166, 113.48550000000006, 254.89247311827958, 48.053763440860216, 79.74193548387096
126, 629.9606377375309, 113.54611827956995, 254.94623655913978, 48.1505376344086, 79.63440860215054
127, 629.6942182245452, 114.00017741935486, 254.89247311827958, 49.053763440860216, 79.10752688172043
128, 629.4277987115595, 113.9216053763441, 254.91397849462365, 48.956989247311824, 78.86021505376344
129, 629.1613791985737, 114.03680107526887, 254.89247311827958, 49.333333333333336, 77.98924731182795
130, 628.8949596855881, 113.92315591397849, 254.78494623655914, 49.225806451612904, 77.82795698924731
131, 628.6285401726024, 114.4617311827957, 254.94623655913978, 50.02150537634409, 78.03225806451613
132, 628.3621206596167, 114.11195483870965, 254.86021505376345, 49.634408602150536, 77.18279569892474
133, 628.095701146631, 114.40190752688177, 254.90322580645162, 50.215053763440864, 76.6236559139785
134, 627.8292816336453, 114.44017956989252, 254.8709677419355, 50.365591397849464, 76.26881720430107
135, 627.5628621206596, 114.58943010752694, 254.83870967741936, 50.69892473118279, 75.94623655913979
136, 627.296442607674, 114.87791612903227, 254.9247311827957, 51.086021505376344, 76.25806451612904
137, 627.0300230946882, 115.10890860215058, 254.89247311827958, 51.61290322580645, 75.65591397849462
138, 626.7636035817025, 115.40166881720434, 254.9247311827957, 52.043010752688176, 75.9247311827957
139, 626.4971840687168, 116.26350537634409, 254.94623655913978, 53.473118279569896, 76.06451612903226
140, 626.2307645557311, 116.46768602150536, 254.96774193548387, 53.784946236559136, 76.19354838709677
141, 625.9643450427454, 116.96289677419364, 254.90322580645162, 54.774193548387096, 75.61290322580645
142, 625.6979255297597, 117.52479247311831, 254.9784946236559, 55.56989247311828, 76.24731182795699
143, 625.431506016774, 117.81632258064508, 254.94623655913978, 56.26881720430107, 75.29032258064517
144, 625.1650865037883, 118.06041075268809, 254.9247311827957, 56.655913978494624, 75.49462365591398
145, 624.8986669908027, 118.61245913978496, 254.8709677419355, 57.69892473118279, 75.10752688172043
146, 624.6322474778169, 118.88780860215057, 254.9247311827957, 58.096774193548384, 75.33333333333333
147, 624.3658279648313, 119.38269892473114, 254.94623655913978, 58.924731182795696, 75.35483870967742
148, 624.0994084518455, 119.85447634408604, 254.91397849462365, 59.69892473118279, 75.59139784946237
149, 623.8329889388598, 120.52550537634406, 254.94623655913978, 60.89247311827957, 75.24731182795699
150, 623.5665694258741, 120.64624623655905, 254.95698924731184, 61.17204301075269, 74.83870967741936
151, 623.3001499128884, 121.27567311827949, 254.98924731182797, 62.225806451612904, 74.84946236559139
152, 623.0337303999028, 121.27083655913972, 254.96774193548387, 62.24731182795699, 74.75268817204301
153, 622.767310886917, 121.83980215053765, 254.98924731182797, 63.32258064516129, 74.15053763440861
154, 622.5008913739314, 121.56695806451609, 254.93548387096774, 63.0, 73.55913978494624
155, 622.2344718609456, 122.44488172043016, 254.94623655913978, 64.48387096774194, 73.59139784946237
156, 621.96805234796, 122.20710967741937, 254.9247311827957, 64.21505376344086, 72.94623655913979
157, 621.7016328349742, 123.10741935483871, 254.94623655913978, 65.81720430107526, 72.53763440860214
158, 621.4352133219886, 123.1152602150538, 254.9247311827957, 65.93548387096774, 72.05376344086021
159, 621.1687938090029, 123.8854731182796, 254.94623655913978, 67.31182795698925, 71.66666666666667
160, 620.9023742960171, 124.26996451612908, 254.9784946236559, 67.94623655913979, 71.68817204301075
161, 620.6359547830315, 124.7581193548387, 254.93548387096774, 68.93548387096774, 70.98924731182795
162, 620.3695352700457, 124.69598172043011, 254.91397849462365, 68.90322580645162, 70.66666666666667
163, 620.1031157570601, 125.51656881720429, 254.95698924731184, 70.26881720430107, 70.72043010752688
164, 619.8366962440743, 125.4973924731183, 254.89247311827958, 70.41935483870968, 69.94623655913979
165, 619.5702767310887, 126.25996559139786, 254.96774193548387, 71.6989247311828, 69.84946236559139
166, 619.303857218103, 126.90097204301077, 254.90322580645162, 72.82795698924731, 69.82795698924731
167, 619.0374377051173, 127.82728709677419, 254.9784946236559, 74.36559139784946, 69.83870967741936
168, 618.7710181921316, 127.86887634408605, 255.0, 74.55913978494624, 69.15053763440861
169, 618.5045986791458, 128.38118602150533, 254.91397849462365, 75.63440860215054, 68.33333333333333
170, 618.2381791661602, 128.66025376344075, 254.98924731182797, 76.16129032258064, 67.87096774193549
171, 617.9717596531744, 129.0046666666666, 254.83870967741936, 77.0752688172043, 66.58064516129032
172, 617.7053401401888, 129.28733978494617, 254.88172043010752, 77.51612903225806, 66.6774193548387
173, 617.4389206272031, 130.35022795698922, 254.9247311827957, 79.29032258064517, 66.75268817204301
174, 617.1725011142174, 130.3841096774194, 254.9247311827957, 79.40860215053763, 66.44086021505376
175, 616.9060816012317, 131.26538602150535, 254.95698924731184, 81.0, 65.89247311827957
176, 616.639662088246, 131.3362462365591, 254.8494623655914, 81.29032258064517, 65.3010752688172
177, 616.3732425752603, 131.97663118279564, 254.9784946236559, 82.44086021505376, 64.65591397849462
178, 616.1068230622747, 132.37022043010757, 255.0, 83.15053763440861, 64.39784946236558
179, 615.8404035492889, 132.99249677419348, 254.9247311827957, 84.3763440860215, 63.74193548387097
180, 615.5739840363033, 133.33298817204297, 254.95698924731184, 84.94623655913979, 63.70967741935484
181, 615.3075645233175, 134.0931580645161, 254.9784946236559, 86.23655913978494, 63.67741935483871
182, 615.0411450103318, 133.91173333333327, 254.9247311827957, 86.17204301075269, 62.55913978494624
183, 614.7747254973461, 134.78268602150536, 254.96774193548387, 87.68817204301075, 62.27956989247312
184, 614.5083059843604, 135.19892365591397, 254.95698924731184, 88.49462365591398, 61.806451612903224
185, 614.2418864713748, 136.07373655913977, 255.0, 90.02150537634408, 61.505376344086024
186, 613.975466958389, 136.42784946236557, 254.94623655913978, 90.74193548387096, 61.043010752688176
187, 613.7090474454034, 137.50029892473117, 254.96774193548387, 92.59139784946237, 60.87096774193548
188, 613.4426279324176, 138.18228817204292, 254.96774193548387, 93.6989247311828, 61.1505376344086
189, 613.176208419432, 139.08450107526878, 254.98924731182797, 95.26881720430107, 60.924731182795696
190, 612.9097889064462, 139.86852150537632, 254.89247311827958, 96.58064516129032, 61.30107526881721
191, 612.6433693934605, 140.87724193548377, 254.89247311827958, 98.3763440860215, 60.903225806451616
192, 612.3769498804749, 141.67044731182793, 254.98924731182797, 99.70967741935483, 60.74193548387097
193, 612.1105303674891, 142.25964086021494, 254.98924731182797, 100.83870967741936, 60.096774193548384
194, 611.8441108545035, 142.7097731182795, 254.95698924731184, 101.70967741935483, 59.645161290322584
195, 611.5776913415177, 143.29040430107523, 254.98924731182797, 102.84946236559139, 58.784946236559136
196, 611.3112718285321, 143.68361397849463, 254.93548387096774, 103.63440860215054, 58.333333333333336
197, 611.0448523155463, 145.07506021505378, 254.98924731182797, 105.87096774193549, 58.88172043010753
198, 610.7784328025607, 145.51619677419353, 254.91397849462365, 106.75268817204301, 58.40860215053763
199, 610.512013289575, 146.3503752688173, 254.95698924731184, 108.26881720430107, 57.806451612903224
200, 610.2455937765892, 147.09417741935488, 255.0, 109.51612903225806, 57.795698924731184
201, 609.9791742636036, 147.96806236559146, 254.96774193548387, 111.08602150537635, 57.46236559139785
202, 609.7127547506178, 148.72232150537627, 254.95698924731184, 112.45161290322581, 57.075268817204304
203, 609.4463352376322, 149.23044193548387, 254.93548387096774, 113.51612903225806, 56.10752688172043
204, 609.1799157246464, 149.68703333333335, 254.93548387096774, 114.34408602150538, 55.8494623655914
205, 608.9134962116608, 150.819235483871, 254.95698924731184, 116.24731182795699, 55.924731182795696
206, 608.647076698675, 151.315070967742, 254.98924731182797, 117.08602150537635, 55.87096774193548
207, 608.3806571856894, 152.19648064516133, 254.9784946236559, 118.72043010752688, 55.215053763440864
208, 608.1142376727037, 152.6000279569892, 254.98924731182797, 119.48387096774194, 54.795698924731184
209, 607.847818159718, 153.62060967741934, 254.9784946236559, 121.3010752688172, 54.41935483870968
210, 607.5813986467323, 154.5353430107527, 254.95698924731184, 122.84946236559139, 54.526881720430104
211, 607.3149791337466, 155.0515989247311, 254.9784946236559, 123.9247311827957, 53.46236559139785
212, 607.0485596207609, 155.50979892473114, 254.91397849462365, 124.82795698924731, 53.0
213, 606.7821401077751, 156.68228817204297, 254.96774193548387, 126.73118279569893, 53.344086021505376
214, 606.5157205947895, 156.86880430107524, 254.96774193548387, 127.24731182795699, 52.32258064516129
215, 606.2493010818038, 157.66537419354844, 254.96774193548387, 128.67741935483872, 51.946236559139784
216, 605.9828815688181, 158.02736021505387, 255.0, 129.43010752688173, 51.16129032258065
217, 605.7164620558324, 158.87324731182798, 254.94623655913978, 130.95698924731184, 50.86021505376344
218, 605.4500425428467, 159.2051623655914, 254.93548387096774, 131.63440860215053, 50.31182795698925
219, 605.183623029861, 160.32938172043023, 255.0, 133.53763440860214, 50.204301075268816
220, 604.9172035168754, 160.5116000000001, 254.96774193548387, 133.93548387096774, 49.83870967741935
221, 604.6507840038896, 161.22076236559138, 254.95698924731184, 135.1720430107527, 49.72043010752688
222, 604.3843644909039, 161.57008387096772, 254.96774193548387, 135.7741935483871, 49.655913978494624
223, 604.1179449779182, 162.58630645161287, 255.0, 137.51612903225808, 49.516129032258064
224, 603.8515254649325, 162.98867634408595, 254.95698924731184, 138.29032258064515, 49.17204301075269
225, 603.5851059519468, 164.27047204301078, 254.95698924731184, 140.43010752688173, 49.39784946236559
226, 603.3186864389611, 164.60760752688174, 255.0, 141.11827956989248, 48.69892473118279
227, 603.0522669259755, 165.14054301075268, 255.0, 142.18279569892474, 47.89247311827957
228, 602.7858474129897, 165.716394623656, 254.9784946236559, 143.19354838709677, 47.795698924731184
229, 602.5194279000041, 166.4645870967741, 254.98924731182797, 144.4731182795699, 47.74193548387097
230, 602.2530083870183, 166.78702043010762, 254.95698924731184, 145.04301075268816, 47.72043010752688
231, 601.9865888740327, 167.3033204301075, 254.96774193548387, 146.0215053763441, 47.18279569892473
232, 601.7201693610469, 167.80722365591393, 254.96774193548387, 146.89247311827958, 47.11827956989247
233, 601.4537498480612, 168.60090967741925, 254.98924731182797, 148.27956989247312, 46.88172043010753
234, 601.1873303350756, 168.95896344086017, 254.98924731182797, 148.93548387096774, 46.645161290322584
235, 600.9209108220898, 169.4676634408602, 254.9784946236559, 149.98924731182797, 45.70967741935484
236, 600.6544913091042, 169.69189354838707, 254.93548387096774, 150.4516129032258, 45.40860215053763
237, 600.3880717961184, 170.4780419354839, 254.95698924731184, 151.8279569892473, 45.16129032258065
238, 600.1216522831328, 170.6538150537635, 254.96774193548387, 152.1720430107527, 44.903225806451616
239, 599.855232770147, 171.60519892473113, 255.0, 153.8494623655914, 44.526881720430104
240, 599.5888132571614, 172.06873010752682, 254.95698924731184, 154.68817204301075, 44.38709677419355
241, 599.3223937441757, 172.8021322580646, 254.91397849462365, 156.04301075268816, 43.956989247311824
242, 599.05597423119, 174.03554623655913, 254.96774193548387, 157.9247311827957, 44.946236559139784
243, 598.7895547182043, 174.97897311827955, 255.0, 159.49462365591398, 45.053763440860216
244, 598.5231352052185, 175.58157849462367, 254.96774193548387, 160.53763440860214, 45.053763440860216
245, 598.2567156922329, 176.64484516129025, 254.98924731182797, 162.27956989247312, 45.354838709677416
246, 597.9902961792471, 177.66929569892477, 255.0, 163.94623655913978, 45.73118279569893
247, 597.7238766662615, 178.24059677419362, 255.0, 165.03225806451613, 45.1505376344086
248, 597.4574571532758, 178.7764247311828, 255.0, 165.9784946236559, 44.97849462365591
249, 597.1910376402901, 179.32930215053753, 254.93548387096774, 167.04301075268816, 44.516129032258064
250, 596.9246181273044, 179.93782365591397, 254.98924731182797, 168.0752688172043, 44.39784946236559
251, 596.6581986143187, 180.59917956989239, 254.9784946236559, 169.31182795698925, 43.86021505376344
252, 596.391779101333, 180.88227096774187, 254.9247311827957, 169.89247311827958, 43.494623655913976
253, 596.1253595883472, 181.5107752688171, 254.93548387096774, 171.05376344086022, 43.0
254, 595.8589400753616, 181.60088924731178, 254.9784946236559, 171.34408602150538, 42.18279569892473
255, 595.5925205623759, 182.4912892473117, 254.95698924731184, 172.90322580645162, 42.02150537634409
256, 595.3261010493902, 182.6406602150537, 254.90322580645162, 173.33333333333334, 41.25806451612903
257, 595.0596815364045, 183.51537096774192, 255.0, 174.7741935483871, 41.25806451612903
258, 594.7932620234188, 183.76808064516135, 255.0, 175.29032258064515, 40.81720430107527
259, 594.5268425104331, 184.2161268817203, 254.96774193548387, 176.18279569892474, 40.236559139784944
260, 594.2604229974474, 184.4552548387097, 254.9784946236559, 176.72043010752688, 39.53763440860215
261, 593.9940034844617, 185.14798709677407, 254.96774193548387, 178.0, 39.053763440860216
262, 593.7275839714761, 185.19453333333334, 254.98924731182797, 178.2688172043011, 38.02150537634409
263, 593.4611644584903, 185.3714698924731, 254.9784946236559, 178.69892473118279, 37.38709677419355
264, 593.1947449455047, 185.23946129032268, 254.95698924731184, 178.66666666666666, 36.45161290322581
265, 592.9283254325189, 185.9498010752688, 255.0, 179.89247311827958, 36.25806451612903
266, 592.6619059195332, 186.03863978494618, 255.0, 180.21505376344086, 35.376344086021504
267, 592.3954864065475, 186.73533440860206, 254.93548387096774, 181.59139784946237, 34.56989247311828
268, 592.1290668935618, 186.75412795698927, 254.95698924731184, 181.74193548387098, 33.903225806451616
269, 591.8626473805762, 187.74051612903233, 254.94623655913978, 183.49462365591398, 33.55913978494624
270, 591.5962278675904, 187.70555161290324, 254.91397849462365, 183.59139784946237, 32.83870967741935
271, 591.3298083546048, 188.70409569892468, 254.95698924731184, 185.25806451612902, 32.903225806451616
272, 591.063388841619, 189.23296559139783, 254.96774193548387, 186.18279569892474, 32.75268817204301
273, 590.7969693286334, 189.90346344086015, 254.93548387096774, 187.3978494623656, 32.46236559139785
274, 590.5305498156476, 190.07307634408593, 254.93548387096774, 187.78494623655914, 31.956989247311828
275, 590.2641303026619, 190.55216881720432, 254.8709677419355, 188.76344086021504, 31.29032258064516
276, 589.9977107896763, 191.2752569892473, 254.95698924731184, 189.83870967741936, 31.870967741935484
277, 589.7312912766905, 191.8686666666666, 254.94623655913978, 190.8279569892473, 32.01075268817204
278, 589.4648717637049, 191.74719139784938, 254.96774193548387, 190.7311827956989, 31.387096774193548
279, 589.1984522507191, 192.10525806451614, 254.94623655913978, 191.33333333333334, 31.483870967741936
280, 588.9320327377335, 192.36568387096767, 254.98924731182797, 191.76344086021504, 31.440860215053764
281, 588.6656132247477, 192.86281182795685, 255.0, 192.6236559139785, 31.344086021505376
282, 588.3991937117621, 192.91940430107522, 254.98924731182797, 192.752688172043, 31.204301075268816
283, 588.1327741987764, 193.5357924731182, 254.9784946236559, 193.79569892473117, 31.268817204301076
284, 587.8663546857906, 193.2089408602149, 254.89247311827958, 193.38709677419354, 30.731182795698924
285, 587.599935172805, 193.9675322580645, 254.89247311827958, 194.6021505376344, 31.129032258064516
286, 587.3335156598193, 194.1511731182796, 254.93548387096774, 194.91397849462365, 31.021505376344088
287, 587.0670961468336, 194.58311397849457, 254.88172043010752, 195.74193548387098, 30.688172043010752
288, 586.8006766338478, 194.88323440860214, 254.96774193548387, 196.23655913978496, 30.548387096774192
289, 586.5342571208622, 195.3210225806452, 254.8279569892473, 197.11827956989248, 30.21505376344086
290, 586.2678376078765, 195.64627526881733, 254.98924731182797, 197.6236559139785, 30.043010752688172
291, 586.0014180948908, 196.0663860215054, 254.95698924731184, 198.38709677419354, 29.881720430107528
292, 585.7349985819051, 196.4308677419355, 254.9784946236559, 199.04301075268816, 29.64516129032258
293, 585.4685790689194, 197.20486881720436, 254.96774193548387, 200.34408602150538, 29.763440860215052
294, 585.2021595559337, 197.0410204301075, 254.95698924731184, 200.2688172043011, 28.741935483870968
295, 584.935740042948, 197.60042473118278, 255.0, 201.2688172043011, 28.387096774193548
296, 584.6693205299623, 197.67304193548375, 254.95698924731184, 201.53763440860214, 27.752688172043012
297, 584.4029010169766, 198.03454623655918, 254.96774193548387, 202.27956989247312, 27.0752688172043
298, 584.1364815039909, 197.89607849462357, 254.91397849462365, 202.29032258064515, 25.946236559139784
299, 583.8700619910052, 198.44319354838717, 254.94623655913978, 203.33333333333334, 25.29032258064516
300, 583.6036424780195, 198.576923655914, 254.95698924731184, 203.65591397849462, 24.774193548387096
301, 583.3372229650338, 199.00605268817202, 254.95698924731184, 204.5268817204301, 24.053763440860216
302, 583.0708034520482, 199.27358817204293, 254.9784946236559, 205.03225806451613, 23.741935483870968
303, 582.8043839390624, 199.75097419354833, 254.98924731182797, 205.95698924731184, 23.13978494623656
304, 582.5379644260768, 199.73857849462365, 254.96774193548387, 206.18279569892474, 21.9247311827957
305, 582.271544913091, 200.07919462365584, 254.93548387096774, 206.95698924731184, 21.010752688172044
306, 582.0051254001053, 200.0564440860215, 254.91397849462365, 207.1505376344086, 19.870967741935484
307, 581.7387058871196, 200.4799215053763, 254.9784946236559, 207.9247311827957, 19.43010752688172
308, 581.4722863741339, 200.87421075268819, 254.98924731182797, 208.72043010752688, 18.763440860215052
309, 581.2058668611483, 201.3033397849463, 254.98924731182797, 209.59139784946237, 18.043010752688172
310, 580.9394473481625, 201.32903333333337, 254.93548387096774, 209.95698924731184, 16.526881720430108
311, 580.6730278351769, 201.39857096774185, 254.93548387096774, 210.2258064516129, 15.75268817204301
312, 580.4066083221911, 201.7205021505376, 254.9784946236559, 210.95698924731184, 14.698924731182796
313, 580.1401888092055, 201.88872903225803, 254.96774193548387, 211.4516129032258, 13.655913978494624
314, 579.8737692962197, 201.92382473118272, 254.9784946236559, 211.95698924731184, 11.333333333333334
315, 579.6073497832341, 202.2232225806453, 254.9784946236559, 212.6236559139785, 10.526881720430108
316, 579.3409302702484, 202.24377311827953, 254.95698924731184, 213.1290322580645, 8.161290322580646
317, 579.0745107572627, 202.78308709677427, 254.93548387096774, 214.2258064516129, 7.301075268817204
318, 578.808091244277, 202.7821301075269, 254.93548387096774, 214.6021505376344, 5.354838709677419
319, 578.5416717312912, 203.5254064516128, 254.96774193548387, 215.93548387096774, 4.924731182795699
320, 578.2752522183056, 203.72242903225802, 254.95698924731184, 216.53763440860214, 3.5806451612903225
321, 578.0088327053198, 204.00490107526866, 254.86021505376345, 217.33333333333334, 2.21505376344086
322, 577.7424131923342, 204.55573870967734, 254.9784946236559, 218.23655913978496, 2.086021505376344
323, 577.4759936793484, 205.30187634408594, 255.0, 219.49462365591398, 2.096774193548387
324, 577.2095741663628, 205.68731182795693, 254.94623655913978, 220.18279569892474, 2.075268817204301
325, 576.9431546533771, 206.47433870967734, 255.0, 221.5483870967742, 1.8064516129032258
326, 576.6767351403914, 206.79330860215052, 254.9784946236559, 222.08602150537635, 1.89247311827957
327, 576.4103156274057, 207.6446301075269, 254.98924731182797, 223.59139784946237, 1.5806451612903225
328, 576.1438961144199, 208.39563440860218, 254.94623655913978, 224.8279569892473, 1.913978494623656
329, 575.8774766014343, 208.8370387096774, 254.88172043010752, 225.752688172043, 1.1935483870967742
330, 575.6110570884485, 209.95941182795698, 254.48387096774192, 227.81720430107526, 1.4516129032258065
331, 575.3446375754629, 210.13773978494626, 253.78494623655914, 228.38709677419354, 1.913978494623656
332, 575.0782180624772, 209.49055591397857, 251.0, 228.8279569892473, 1.2688172043010753
333, 574.8117985494915, 209.44628064516135, 248.2688172043011, 230.04301075268816, 1.7849462365591398
334, 574.5453790365058, 208.6111268817204, 244.53763440860214, 230.65591397849462, 1.086021505376344
335, 574.2789595235201, 208.55956021505384, 241.06451612903226, 232.30107526881721, 1.2688172043010753
336, 574.0125400105344, 208.7044946236559, 238.06451612903226, 234.08602150537635, 1.2150537634408602
337, 573.7461204975486, 209.7329569892472, 236.0215053763441, 236.83870967741936, 1.4193548387096775
338, 573.479700984563, 209.97661290322588, 233.5483870967742, 238.48387096774192, 1.5698924731182795
339, 573.2132814715774, 210.82027526881717, 233.05376344086022, 240.20430107526883, 1.4086021505376345
340, 572.9468619585916, 210.78629247311835, 230.30107526881721, 241.53763440860214, 1.4623655913978495
341, 572.6804424456059, 211.7687268817203, 229.50537634408602, 243.59139784946237, 1.5913978494623655
342, 572.4140229326202, 212.5904709677419, 227.76344086021504, 245.76344086021504, 2.182795698924731
343, 572.1476034196345, 213.21770645161297, 227.1290322580645, 247.16129032258064, 2.150537634408602
344, 571.8811839066489, 213.00533763440853, 224.25806451612902, 248.30107526881721, 1.946236559139785
345, 571.6147643936631, 213.7095623655915, 222.33333333333334, 250.4516129032258, 2.096774193548387
346, 571.3483448806775, 212.9770215053762, 219.13978494623655, 250.89247311827958, 1.7741935483870968
347, 571.0819253676917, 212.96012688172047, 217.01075268817203, 252.0, 1.5053763440860215
348, 570.8155058547061, 212.89990430107528, 214.3978494623656, 253.2258064516129, 1.5161290322580645
349, 570.5490863417203, 213.31019247311832, 213.34408602150538, 254.3548387096774, 2.064516129032258
350, 570.2826668287346, 212.2253666666667, 209.7741935483871, 254.46236559139786, 1.3548387096774193
351, 570.016247315749, 211.44754946236554, 207.30107526881721, 254.3548387096774, 1.5698924731182795
352, 569.7498278027632, 210.48339247311836, 203.70967741935485, 254.65591397849462, 0.978494623655914
353, 569.4834082897776, 209.64021505376348, 200.86021505376345, 254.58064516129033, 1.4408602150537635
354, 569.2169887767918, 208.631511827957, 197.46236559139786, 254.69892473118279, 0.8924731182795699
355, 568.9505692638062, 208.12309999999997, 195.66666666666666, 254.63440860215053, 1.4731182795698925
356, 568.6841497508204, 206.966888172043, 192.19354838709677, 254.53763440860214, 0.9354838709677419
357, 568.4177302378348, 206.5008978494624, 189.94623655913978, 254.74193548387098, 1.6881720430107527
358, 568.151310724849, 205.45050000000012, 186.61290322580646, 254.80645161290323, 0.8817204301075269
359, 567.8848912118633, 204.4221623655914, 183.752688172043, 254.48387096774192, 1.021505376344086
360, 567.6184716988777, 203.4702645161289, 180.25806451612902, 254.74193548387098, 0.5053763440860215
361, 567.3520521858919, 202.6192720430107, 176.95698924731184, 254.72043010752688, 1.8064516129032258
362, 567.0856326729063, 201.38143440860213, 173.0752688172043, 254.69892473118279, 1.2365591397849462
363, 566.8192131599205, 200.60695483870973, 170.1290322580645, 254.74193548387098, 1.946236559139785
364, 566.5527936469349, 199.33540537634397, 166.2688172043011, 254.66666666666666, 1.3010752688172043
365, 566.2863741339492, 198.50866451612904, 163.56989247311827, 254.56989247311827, 1.6236559139784945
366, 566.0199546209635, 196.90846666666656, 158.7741935483871, 254.49462365591398, 0.5483870967741935
367, 565.7535351079778, 195.67297634408612, 154.43010752688173, 254.3763440860215, 1.7096774193548387
368, 565.4871155949921, 193.82998279569892, 148.4516129032258, 254.3978494623656, 1.10752688172043
369, 565.2206960820064, 192.14589677419352, 142.32258064516128, 254.51612903225808, 1.7956989247311828
370, 564.9542765690207, 190.21720537634403, 136.11827956989248, 254.5483870967742, 0.978494623655914
371, 564.687857056035, 188.53281397849474, 130.56989247311827, 254.46236559139786, 1.1935483870967742
372, 564.4214375430493, 186.08343978494634, 123.02150537634408, 254.20430107526883, 0.8279569892473119
373, 564.1550180300636, 183.81549139784943, 115.19354838709677, 254.247311827957, 1.2365591397849462
374, 563.8885985170779, 181.82839247311827, 108.11827956989248, 254.5483870967742, 0.8064516129032258
375, 563.6221790040922, 179.7960677419354, 101.90322580645162, 254.2258064516129, 0.9354838709677419
376, 563.3557594911065, 177.49034731182783, 94.91397849462365, 253.95698924731184, 0.41935483870967744
377, 563.0893399781208, 175.88896666666665, 89.25806451612904, 254.01075268817203, 0.9247311827956989
378, 562.8229204651351, 174.43604623655906, 83.40860215053763, 254.59139784946237, 0.5268817204301075
379, 562.5565009521495, 173.25333333333336, 78.70967741935483, 254.7311827956989, 1.7526881720430108
380, 562.2900814391637, 171.72135268817206, 73.89247311827957, 254.72043010752688, 1.0
381, 562.023661926178, 170.3068021505377, 69.72043010752688, 254.31182795698925, 1.6344086021505377
382, 561.7572424131923, 168.88767634408603, 65.27956989247312, 254.32258064516128, 0.7741935483870968
383, 561.4908229002066, 168.13055913978513, 62.365591397849464, 254.38709677419354, 1.4408602150537635
384, 561.224403387221, 166.36403333333325, 57.516129032258064, 254.05376344086022, 0.3763440860215054
385, 560.9579838742352, 165.61426344086027, 53.924731182795696, 254.41935483870967, 1.3333333333333333
386, 560.6915643612496, 164.50024193548393, 50.053763440860216, 254.56989247311827, 0.9354838709677419
387, 560.4251448482638, 163.5883086021505, 46.913978494623656, 254.4731182795699, 1.6666666666666667
388, 560.1587253352782, 162.3179139784946, 42.68817204301075, 254.5483870967742, 1.2150537634408602
389, 559.8923058222924, 161.01536989247322, 38.344086021505376, 254.4516129032258, 1.6774193548387097
390, 559.6258863093067, 159.86409354838702, 34.54838709677419, 254.5483870967742, 1.032258064516129
391, 559.359466796321, 159.29542795698916, 32.60215053763441, 254.4516129032258, 1.6451612903225807
392, 559.0930472833353, 158.13209247311832, 28.64516129032258, 254.65591397849462, 0.7634408602150538
393, 558.8266277703497, 156.94006344086023, 24.741935483870968, 254.46236559139786, 1.5376344086021505
394, 558.5602082573639, 155.56077849462363, 20.27956989247312, 254.5268817204301, 0.8064516129032258
395, 558.2937887443783, 154.38655806451615, 16.462365591397848, 254.30107526881721, 1.6774193548387097
396, 558.0273692313925, 153.01266021505367, 12.21505376344086, 254.29032258064515, 0.8172043010752689
397, 557.7609497184069, 152.35549247311826, 9.591397849462366, 254.40860215053763, 1.3225806451612903
398, 557.4945302054211, 151.4485924731183, 6.440860215053763, 254.58064516129033, 0.7419354838709677
399, 557.2281106924355, 150.96026344086025, 4.78494623655914, 254.53763440860214, 1.021505376344086
400, 556.9616911794498, 150.75795913978502, 3.5268817204301075, 254.80645161290323, 1.1612903225806452
401, 556.6952716664641, 150.54238387096774, 2.6129032258064515, 254.80645161290323, 1.6666666666666667
402, 556.4288521534784, 150.17617741935484, 1.7741935483870968, 254.6451612903226, 1.4838709677419355
403, 556.1624326404926, 150.3913731182797, 1.8602150537634408, 254.90322580645162, 1.8172043010752688
404, 555.896013127507, 150.0652451612904, 1.096774193548387, 254.83870967741936, 1.2903225806451613
405, 555.6295936145212, 150.00161397849465, 1.064516129032258, 254.76344086021504, 1.2043010752688172
406, 555.3631741015356, 150.0623301075269, 1.10752688172043, 254.83870967741936, 1.2365591397849462
407, 555.0967545885499, 150.2441946236559, 1.3870967741935485, 254.9247311827957, 1.6559139784946237
408, 554.8303350755642, 150.12145483870972, 1.1505376344086022, 254.89247311827958, 1.3655913978494623
409, 554.5639155625785, 150.00458924731197, 0.8817204301075269, 254.76344086021504, 1.7096774193548387
410, 554.2974960495928, 150.03753978494632, 0.946236559139785, 254.7741935483871, 1.7741935483870968
411, 554.0310765366071, 150.0489870967743, 0.989247311827957, 254.76344086021504, 1.8172043010752688
412, 553.7646570236213, 149.90234193548397, 0.7741935483870968, 254.67741935483872, 1.5376344086021505
413, 553.4982375106357, 150.07171612903238, 1.010752688172043, 254.78494623655914, 1.8494623655913978
414, 553.23181799765, 149.95896559139794, 0.7741935483870968, 254.76344086021504, 1.5913978494623655
415, 552.9653984846643, 150.08801720430122, 1.010752688172043, 254.80645161290323, 1.881720430107527
416, 552.6989789716786, 150.19722258064525, 1.10752688172043, 254.91397849462365, 2.032258064516129
417, 552.4325594586929, 150.0601526881721, 0.946236559139785, 254.80645161290323, 1.8064516129032258
418, 552.1661399457072, 150.0078032258066, 0.8924731182795699, 254.76344086021504, 1.7096774193548387
419, 551.8997204327216, 150.1232043010754, 0.967741935483871, 254.89247311827958, 1.8602150537634408
420, 551.6333009197358, 150.07627204301087, 1.043010752688172, 254.7741935483871, 1.8602150537634408
421, 551.36688140675, 150.1755752688172, 1.3440860215053763, 254.81720430107526, 1.7204301075268817
422, 551.1004618937644, 149.91810107526877, 0.9247311827956989, 254.68817204301075, 1.2258064516129032
423, 550.8340423807788, 150.23670537634405, 1.3333333333333333, 254.9247311827957, 1.7311827956989247
424, 550.567622867793, 150.07251612903224, 1.1827956989247312, 254.76344086021504, 1.5161290322580645
425, 550.3012033548073, 150.0586290322582, 1.021505376344086, 254.76344086021504, 1.8172043010752688
426, 550.0347838418216, 149.95891612903242, 0.7311827956989247, 254.79569892473117, 1.5376344086021505
427, 549.7683643288359, 149.99382150537645, 1.032258064516129, 254.65591397849462, 1.7741935483870968
428, 549.5019448158503, 150.12085268817216, 1.1505376344086022, 254.78494623655914, 1.913978494623656
429, 549.2355253028645, 150.14800430107536, 1.2473118279569892, 254.752688172043, 2.064516129032258
430, 548.9691057898789, 150.02859462365595, 1.043010752688172, 254.70967741935485, 1.7741935483870968
431, 548.7026862768931, 150.23956666666672, 1.3225806451612903, 254.8494623655914, 2.172043010752688
432, 548.4362667639075, 149.98326881720442, 0.8602150537634409, 254.752688172043, 1.6344086021505377
433, 548.1698472509217, 150.0129247311828, 0.8602150537634409, 254.83870967741936, 1.4516129032258065
434, 547.903427737936, 150.04569354838713, 1.021505376344086, 254.79569892473117, 1.5376344086021505
435, 547.6370082249504, 150.19449247311826, 1.3118279569892473, 254.83870967741936, 1.8602150537634408
436, 547.3705887119646, 150.0102247311828, 0.978494623655914, 254.76344086021504, 1.5053763440860215
437, 547.104169198979, 149.9517322580645, 0.8494623655913979, 254.81720430107526, 1.053763440860215
438, 546.8377496859932, 149.99150645161296, 0.8494623655913979, 254.8494623655914, 1.2365591397849462
439, 546.5713301730076, 150.12996774193556, 1.075268817204301, 254.91397849462365, 1.5268817204301075
440, 546.3049106600218, 150.0454784946237, 0.9139784946236559, 254.8709677419355, 1.4301075268817205
441, 546.0384911470362, 150.1227720430108, 0.989247311827957, 254.8494623655914, 2.021505376344086
442, 545.7720716340505, 150.17922580645174, 0.967741935483871, 254.8709677419355, 2.4623655913978495
443, 545.5056521210647, 150.34313763440858, 1.096774193548387, 254.81720430107526, 3.838709677419355
444, 545.2392326080791, 150.56319247311822, 1.3010752688172043, 254.79569892473117, 5.344086021505376
445, 544.9728130950933, 150.8790043010753, 1.2473118279569892, 254.8494623655914, 7.978494623655914
446, 544.7063935821077, 151.0948096774194, 1.3655913978494623, 254.72043010752688, 10.225806451612904
447, 544.439974069122, 151.8344462365591, 1.881720430107527, 254.90322580645162, 14.419354838709678
448, 544.1735545561363, 152.06550215053772, 1.7526881720430108, 254.8279569892473, 17.172043010752688
449, 543.9071350431506, 152.42881612903233, 1.6236559139784945, 254.81720430107526, 20.752688172043012
450, 543.6407155301649, 152.5525806451613, 1.5053763440860215, 254.7311827956989, 22.591397849462364
451, 543.3742960171792, 153.0378290322581, 1.7096774193548387, 254.80645161290323, 25.9247311827957
452, 543.1078765041935, 153.4316720430108, 1.881720430107527, 254.90322580645162, 28.43010752688172
453, 542.8414569912078, 153.49505161290324, 1.096774193548387, 254.83870967741936, 31.376344086021504
454, 542.5750374782222, 153.66862903225802, 1.021505376344086, 254.76344086021504, 33.483870967741936
455, 542.3086179652364, 154.0464838709677, 1.2903225806451613, 254.74193548387098, 36.204301075268816
456, 542.0421984522507, 154.46887526881721, 1.6774193548387097, 254.8279569892473, 38.45161290322581
457, 541.775778939265, 154.96751075268816, 1.989247311827957, 254.88172043010752, 41.73118279569893
458, 541.5093594262793, 155.01177419354843, 1.7204301075268817, 254.78494623655914, 43.32258064516129
459, 541.2429399132936, 155.40271397849457, 1.7849462365591398, 254.8709677419355, 46.13978494623656
460, 540.9765204003079, 155.62386129032257, 2.032258064516129, 254.80645161290323, 47.763440860215056
461, 540.7101008873223, 155.64160967741935, 1.2150537634408602, 254.86021505376345, 49.784946236559136
462, 540.4436813743365, 155.76786774193542, 1.2150537634408602, 254.86021505376345, 50.89247311827957
463, 540.1772618613509, 156.00896559139784, 0.989247311827957, 254.91397849462365, 53.32258064516129
464, 539.9108423483651, 156.1298516129032, 0.946236559139785, 254.8494623655914, 54.82795698924731
465, 539.6444228353794, 156.4369204301075, 1.118279569892473, 254.81720430107526, 57.236559139784944
466, 539.3780033223937, 156.38282043010747, 0.8279569892473119, 254.72043010752688, 58.02150537634409
467, 539.111583809408, 156.8384419354839, 1.1720430107526882, 254.8494623655914, 60.45161290322581
468, 538.8451642964224, 157.00460430107526, 1.2688172043010753, 254.7741935483871, 62.043010752688176
469, 538.5787447834366, 157.40304516129032, 1.2688172043010753, 254.8494623655914, 65.15053763440861
470, 538.312325270451, 157.47353870967737, 1.1720430107526882, 254.78494623655914, 66.35483870967742
471, 538.0459057574652, 157.82484623655913, 1.5376344086021505, 254.81720430107526, 68.31182795698925
472, 537.7794862444796, 157.8560129032258, 1.5913978494623655, 254.6236559139785, 69.44086021505376
473, 537.5130667314938, 158.23641935483872, 1.6129032258064515, 254.7741935483871, 71.94623655913979
474, 537.2466472185081, 158.5473053763441, 1.89247311827957, 254.80645161290323, 73.7741935483871
475, 536.9802277055225, 158.78726344086024, 1.7741935483870968, 254.8494623655914, 75.96774193548387
476, 536.7138081925368, 158.7024967741935, 1.5913978494623655, 254.59139784946237, 77.03225806451613
477, 536.4473886795511, 158.95517526881721, 1.3655913978494623, 254.67741935483872, 79.39784946236558
478, 536.1809691665653, 159.1835774193549, 1.4301075268817205, 254.72043010752688, 81.01075268817205
479, 535.9145496535797, 159.4394870967742, 1.1505376344086022, 254.86021505376345, 83.26881720430107
480, 535.6481301405939, 159.7124193548387, 1.6129032258064515, 254.70967741935485, 85.2258064516129
481, 535.3817106276083, 160.1102688172043, 1.7204301075268817, 254.80645161290323, 87.93548387096774
482, 535.1152911146226, 160.3260645161291, 1.7204301075268817, 254.88172043010752, 89.44086021505376
483, 534.8488716016368, 160.3006838709677, 1.4408602150537635, 254.69892473118279, 90.89247311827957
484, 534.5824520886512, 160.4802473118279, 1.7204301075268817, 254.50537634408602, 92.73118279569893
485, 534.3160325756655, 160.9974698924731, 1.5376344086021505, 254.90322580645162, 95.6989247311828
486, 534.0496130626798, 160.96646021505373, 1.3118279569892473, 254.74193548387098, 96.84946236559139
487, 533.783193549694, 161.27288924731187, 1.6451612903225807, 254.72043010752688, 98.7741935483871
488, 533.5167740367084, 161.55889892473127, 1.978494623655914, 254.79569892473117, 100.02150537634408
489, 533.2503545237226, 161.41297311827955, 1.2365591397849462, 254.56989247311827, 101.84946236559139
490, 532.983935010737, 161.93647741935487, 1.89247311827957, 254.79569892473117, 103.55913978494624
491, 532.7175154977513, 162.16701827956987, 1.5376344086021505, 254.83870967741936, 106.29032258064517
492, 532.4510959847656, 162.16734193548388, 1.4193548387096775, 254.7741935483871, 106.93548387096774
493, 532.1846764717799, 162.54715376344095, 1.6881720430107527, 254.79569892473117, 109.45161290322581
494, 531.9182569587942, 162.62595376344083, 1.7526881720430108, 254.76344086021504, 110.13978494623656
495, 531.6518374458085, 162.75374193548396, 1.5053763440860215, 254.7311827956989, 112.0752688172043
496, 531.3854179328227, 162.55503978494627, 1.10752688172043, 254.58064516129033, 112.15053763440861
497, 531.1189984198371, 162.9478548387097, 1.021505376344086, 254.8279569892473, 114.54838709677419
498, 530.8525789068515, 163.11442473118277, 1.2365591397849462, 254.86021505376345, 115.27956989247312
499, 530.5861593938657, 163.32770322580652, 1.3548387096774193, 254.8709677419355, 116.78494623655914
500, 530.31973988088, 163.1436935483872, 1.021505376344086, 254.66666666666666, 117.09677419354838
501, 530.0533203678943, 163.35221397849466, 0.978494623655914, 254.70967741935485, 118.81720430107526
502, 529.7869008549086, 163.43785591397864, 1.010752688172043, 254.70967741935485, 119.48387096774194
503, 529.520481341923, 163.95268924731175, 1.6021505376344085, 254.83870967741936, 121.78494623655914
504, 529.2540618289372, 163.76526989247304, 1.2795698924731183, 254.67741935483872, 121.81720430107526
505, 528.9876423159515, 164.12159032258063, 1.5161290322580645, 254.67741935483872, 124.3225806451613
506, 528.7212228029658, 164.04369139784947, 1.1505376344086022, 254.72043010752688, 124.3763440860215
507, 528.4548032899802, 164.42453548387095, 1.6344086021505377, 254.69892473118279, 126.55913978494624
508, 528.1883837769944, 164.4109655913979, 1.5268817204301075, 254.70967741935485, 126.66666666666667
509, 527.9219642640087, 164.59099354838705, 1.4623655913978495, 254.752688172043, 128.19354838709677
510, 527.6555447510231, 164.6134225806452, 1.3655913978494623, 254.81720430107526, 128.31182795698925
511, 527.3891252380373, 164.86771290322568, 1.3655913978494623, 254.8494623655914, 130.3763440860215
512, 527.1227057250517, 164.87562795698923, 1.2473118279569892, 254.8709677419355, 130.6451612903226
513, 526.8562862120659, 165.21843333333342, 1.4731182795698925, 254.91397849462365, 132.83870967741936
514, 526.5898666990803, 165.23375483870967, 1.5913978494623655, 254.81720430107526, 133.16129032258064
515, 526.3234471860945, 165.29041505376355, 1.3333333333333333, 254.8279569892473, 134.27956989247312
516, 526.0570276731089, 165.39901935483874, 1.5268817204301075, 254.78494623655914, 134.94623655913978
517, 525.7906081601232, 165.71289892473123, 1.6559139784946237, 254.8279569892473, 137.13978494623655
518, 525.5241886471374, 165.91541827956993, 1.8387096774193548, 254.94623655913978, 137.8279569892473
519, 525.2577691341518, 165.97986451612906, 1.89247311827957, 254.76344086021504, 139.19354838709677
520, 524.991349621166, 166.0737440860216, 1.913978494623656, 254.86021505376345, 139.46236559139786
521, 524.7249301081804, 166.35371075268822, 2.032258064516129, 254.8279569892473, 141.7741935483871
522, 524.4585105951946, 166.37381720430113, 1.935483870967742, 254.8279569892473, 142.20430107526883
523, 524.192091082209, 166.43780215053772, 1.4408602150537635, 254.74193548387098, 144.50537634408602
524, 523.9256715692233, 166.60868279569894, 1.6666666666666667, 254.83870967741936, 144.91397849462365
525, 523.6592520562376, 166.65978387096774, 1.4086021505376345, 254.66666666666666, 146.9247311827957
526, 523.3928325432519, 166.78344731182798, 1.3333333333333333, 254.8279569892473, 147.3763440860215
527, 523.1264130302661, 166.88915053763446, 1.2903225806451613, 254.59139784946237, 149.63440860215053
528, 522.8599935172805, 166.89386774193554, 1.4301075268817205, 254.43010752688173, 150.13978494623655
529, 522.5935740042949, 167.22981075268817, 1.4623655913978495, 254.51612903225808, 152.55913978494624
530, 522.3271544913091, 167.53061935483862, 1.7634408602150538, 254.7311827956989, 153.30107526881721
531, 522.0607349783234, 167.4351849462365, 1.913978494623656, 254.25806451612902, 154.50537634408602
532, 521.7943154653377, 166.8801505376344, 1.6129032258064515, 253.36559139784947, 155.0215053763441
533, 521.527895952352, 167.5402774193548, 1.5268817204301075, 253.9784946236559, 157.88172043010752
534, 521.2614764393663, 168.10515913978503, 2.064516129032258, 254.247311827957, 160.04301075268816
535, 520.9950569263806, 168.05303978494618, 2.3978494623655915, 253.61290322580646, 161.9784946236559
536, 520.7286374133948, 167.2586612903225, 1.7741935483870968, 252.67741935483872, 161.46236559139786
537, 520.4622179004092, 167.2567161290322, 1.7634408602150538, 252.247311827957, 163.68817204301075
538, 520.1957983874236, 167.04941720430114, 1.956989247311828, 251.72043010752688, 164.0752688172043
539, 519.9293788744378, 167.50503440860217, 2.3440860215053765, 251.74193548387098, 166.94623655913978
540, 519.6629593614521, 168.0335548387097, 2.3010752688172045, 252.36559139784947, 168.48387096774192
541, 519.3965398484664, 167.19170967741934, 1.935483870967742, 250.80645161290323, 170.08602150537635
542, 519.1301203354807, 166.66158172043012, 1.3870967741935485, 250.247311827957, 169.752688172043
543, 518.863700822495, 167.5935182795698, 2.5591397849462365, 250.56989247311827, 173.19354838709677
544, 518.5972813095093, 167.18549569892477, 2.139784946236559, 250.0215053763441, 173.53763440860214
545, 518.3308617965237, 166.8743677419355, 2.4516129032258065, 248.80645161290323, 176.247311827957
546, 518.0644422835379, 165.4425623655914, 1.043010752688172, 247.32258064516128, 175.0215053763441
547, 517.7980227705523, 164.7795086021505, 1.1505376344086022, 245.8709677419355, 176.3978494623656
548, 517.5316032575665, 165.10179677419356, 1.3870967741935485, 246.03225806451613, 177.7741935483871
549, 517.2651837445808, 165.31167526881723, 2.064516129032258, 245.6021505376344, 180.05376344086022
550, 516.9987642315951, 164.6083215053764, 1.7311827956989247, 244.48387096774192, 180.51612903225808
551, 516.7323447186095, 164.39056881720424, 1.946236559139785, 243.61290322580646, 182.5268817204301
552, 516.4659252056238, 163.72563870967733, 1.5698924731182795, 242.69892473118279, 182.38709677419354
553, 516.199505692638, 162.93355698924734, 1.2043010752688172, 241.18279569892474, 184.20430107526883
554, 515.9330861796524, 163.03992473118277, 1.5053763440860215, 241.06451612903226, 184.95698924731184
555, 515.6666666666666, 163.1523537634409, 2.2688172043010755, 240.31182795698925, 187.81720430107526
556, 515.400247153681, 161.69546881720436, 1.118279569892473, 238.65591397849462, 186.58064516129033
557, 515.1338276406952, 161.5960376344085, 1.4516129032258065, 237.9784946236559, 188.32258064516128
558, 514.8674081277095, 161.9379494623655, 1.7956989247311828, 238.2688172043011, 188.9247311827957
559, 514.6009886147239, 161.17862365591398, 1.6129032258064515, 236.76344086021504, 190.49462365591398
560, 514.3345691017382, 161.07627204301085, 1.3655913978494623, 236.67741935483872, 190.68817204301075
561, 514.0681495887525, 161.11439892473118, 1.7096774193548387, 236.04301075268816, 193.38709677419354
562, 513.8017300757667, 160.4179139784946, 1.2903225806451613, 235.18279569892474, 192.80645161290323
563, 513.5353105627811, 160.32000322580646, 1.2580645161290323, 234.67741935483872, 194.63440860215053
564, 513.2688910497953, 160.82421612903227, 1.924731182795699, 235.0215053763441, 195.53763440860214
565, 513.0024715368097, 160.11903333333328, 2.3548387096774195, 233.27956989247312, 197.19354838709677
566, 512.736052023824, 158.59328279569894, 1.4731182795698925, 231.3548387096774, 196.03225806451613
567, 512.4696325108383, 157.97507204301075, 1.2150537634408602, 230.1720430107527, 197.3763440860215
568, 512.2032129978526, 157.6362537634409, 0.9032258064516129, 229.78494623655914, 197.21505376344086
569, 511.9367934848669, 158.8391924731183, 2.053763440860215, 230.41935483870967, 201.48387096774192
570, 511.6703739718812, 158.16435591397848, 1.4946236559139785, 229.61290322580646, 201.18279569892474
571, 511.4039544588955, 157.7671107526882, 1.903225806451613, 228.40860215053763, 202.8279569892473
572, 511.1375349459098, 157.03950967741935, 1.2473118279569892, 227.56989247311827, 202.48387096774192
573, 510.87111543292406, 156.25578279569893, 0.989247311827957, 226.09677419354838, 203.8709677419355
574, 510.6046959199384, 156.77020322580648, 1.6236559139784945, 226.5268817204301, 204.50537634408602
575, 510.3382764069527, 156.65364086021512, 2.3010752688172045, 225.56989247311827, 206.63440860215053
576, 510.07185689396704, 154.9181107526882, 0.9354838709677419, 223.63440860215053, 204.95698924731184
577, 509.8054373809813, 154.2207419354838, 0.967741935483871, 222.06451612903226, 206.83870967741936
578, 509.5390178679956, 154.56553655913973, 1.1935483870967742, 222.44086021505376, 207.33333333333334
579, 509.2725983550099, 155.31029892473126, 1.956989247311828, 222.90322580645162, 209.48387096774192
580, 509.0061788420242, 154.7806053763441, 1.5806451612903225, 222.30107526881721, 208.9247311827957
581, 508.7397593290385, 154.75065161290328, 1.7634408602150538, 221.79569892473117, 210.78494623655914
582, 508.4733398160528, 154.33552903225805, 1.3763440860215055, 221.34408602150538, 210.48387096774192
583, 508.20692030306714, 154.5988494623656, 2.043010752688172, 221.29032258064515, 211.32258064516128
584, 507.9405007900814, 153.51615268817196, 1.1612903225806452, 220.11827956989248, 210.1720430107527
585, 507.67408127709575, 153.14478602150533, 1.3870967741935485, 219.10752688172042, 211.5268817204301
586, 507.40766176411, 152.57523333333336, 1.0, 218.44086021505376, 210.9784946236559
587, 507.14124225112437, 152.71500537634418, 1.7741935483870968, 217.88172043010752, 213.05376344086022
588, 506.8748227381386, 152.4605580645161, 1.4086021505376345, 217.63440860215053, 213.05376344086022
589, 506.6084032251529, 152.40514301075274, 2.010752688172043, 216.83870967741936, 215.08602150537635
590, 506.34198371216723, 151.38574516129037, 1.3655913978494623, 215.59139784946237, 214.25806451612902
591, 506.07556419918154, 151.72776881720432, 1.881720430107527, 215.38709677419354, 216.95698924731184
592, 505.80914468619585, 151.7347096774194, 1.935483870967742, 215.3548387096774, 217.04301075268816
593, 505.54272517321016, 150.9157698924731, 1.3333333333333333, 214.18279569892474, 217.4731182795699
594, 505.27630566022447, 150.9643741935484, 1.3118279569892473, 214.247311827957, 217.6236559139785
595, 505.0098861472387, 151.1177032258065, 1.3548387096774193, 214.29032258064515, 218.63440860215053
596, 504.7434666342531, 151.3675419354838, 1.7849462365591398, 214.43010752688173, 218.9784946236559
597, 504.47704712126733, 150.92203548387107, 1.7956989247311828, 213.34408602150538, 220.63440860215053
598, 504.2106276082817, 149.9964204301076, 1.2795698924731183, 212.1720430107527, 219.90322580645162
599, 503.94420809529595, 149.22559032258062, 1.086021505376344, 210.8279569892473, 220.56989247311827
600, 503.67778858231026, 148.73939784946242, 0.7526881720430108, 210.2258064516129, 220.27956989247312
601, 503.41136906932456, 149.35243870967741, 1.7419354838709677, 210.29032258064515, 222.7311827956989
602, 503.1449495563389, 149.48935698924734, 1.913978494623656, 210.34408602150538, 223.20430107526883
603, 502.8785300433532, 148.81102795698928, 2.086021505376344, 208.80645161290323, 224.72043010752688
604, 502.6121105303675, 147.29357956989253, 0.978494623655914, 207.08602150537635, 223.1720430107527
605, 502.3456910173818, 147.2788870967742, 1.4516129032258065, 206.48387096774192, 224.90322580645162
606, 502.07927150439605, 147.4139322580645, 1.5376344086021505, 206.56989247311827, 225.41935483870967
607, 501.8128519914104, 147.0394677419355, 1.7741935483870968, 205.5483870967742, 226.7741935483871
608, 501.54643247842466, 146.60705053763436, 1.4301075268817205, 205.05376344086022, 226.43010752688173
609, 501.280012965439, 146.6099354838709, 1.6129032258064515, 204.67741935483872, 227.91397849462365
610, 501.0135934524533, 146.6587064516129, 1.7526881720430108, 204.65591397849462, 228.08602150537635
611, 500.7471739394676, 146.30991720430112, 1.5806451612903225, 203.89247311827958, 229.40860215053763
612, 500.4807544264819, 146.10662795698926, 1.5698924731182795, 203.51612903225808, 229.59139784946237
613, 500.2143349134962, 145.45016881720426, 1.4301075268817205, 202.25806451612902, 230.67741935483872
614, 499.9479154005105, 145.24247419354836, 1.2795698924731183, 201.98924731182797, 230.63440860215053
615, 499.68149588752476, 145.33290430107525, 1.8172043010752688, 201.67741935483872, 231.6236559139785
616, 499.4150763745391, 144.3617483870967, 1.010752688172043, 200.6236559139785, 230.6451612903226
617, 499.1486568615534, 144.29051720430115, 1.4946236559139785, 199.96774193548387, 232.1290322580645
618, 498.88223734856774, 143.2861623655914, 0.7419354838709677, 198.8279569892473, 231.16129032258064
619, 498.615817835582, 143.67153118279563, 1.6774193548387097, 198.55913978494624, 233.4731182795699
620, 498.34939832259636, 143.43396559139785, 1.4193548387096775, 198.27956989247312, 233.50537634408602
621, 498.0829788096106, 143.21045053763442, 1.7311827956989247, 197.38709677419354, 235.32258064516128
622, 497.8165592966249, 142.56783870967743, 1.2903225806451613, 196.61290322580646, 234.8279569892473
623, 497.5501397836392, 142.1565666666667, 1.7526881720430108, 195.44086021505376, 236.04301075268816
624, 497.28372027065353, 140.94185376344083, 1.032258064516129, 193.9784946236559, 234.80645161290323
625, 497.01730075766784, 140.95697741935487, 1.5161290322580645, 193.3548387096774, 236.88172043010752
626, 496.7508812446821, 140.6956408602151, 1.3333333333333333, 193.0215053763441, 236.78494623655914
627, 496.48446173169646, 140.2085967741935, 1.4516129032258065, 192.0, 237.46236559139786
628, 496.2180422187107, 138.9701043010752, 0.8924731182795699, 190.2688172043011, 236.9784946236559
629, 495.9516227057251, 138.6158666666667, 1.4408602150537635, 189.06451612903226, 238.63440860215053
630, 495.6852031927393, 138.1063451612904, 1.2795698924731183, 188.247311827957, 238.79569892473117
631, 495.41878367975363, 138.05750215053757, 1.6451612903225807, 187.5268817204301, 241.11827956989248
632, 495.15236416676794, 137.1965784946236, 1.096774193548387, 186.4731182795699, 240.43010752688173
633, 494.88594465378225, 136.55024731182803, 1.075268817204301, 184.95698924731184, 242.6236559139785
634, 494.61952514079655, 136.1735731182796, 0.9354838709677419, 184.36559139784947, 242.7311827956989
635, 494.35310562781086, 136.5550946236559, 1.8494623655913978, 184.03225806451613, 245.3978494623656
636, 494.08668611482517, 135.8093225806451, 1.3978494623655915, 183.0752688172043, 244.96774193548387
637, 493.8202666018394, 135.1781774193548, 1.6666666666666667, 181.6021505376344, 246.31182795698925
638, 493.5538470888538, 133.974, 1.1827956989247312, 179.98924731182797, 245.32258064516128
639, 493.28742757586804, 134.00494731182795, 2.032258064516129, 179.20430107526883, 247.40860215053763
640, 493.0210080628824, 133.08163225806453, 1.5268817204301075, 177.9784946236559, 246.94623655913978
641, 492.75458854989665, 132.6200064516129, 1.8709677419354838, 176.6451612903226, 248.86021505376345
642, 492.48816903691096, 131.5527634408602, 1.3978494623655915, 175.18279569892474, 248.2688172043011
643, 492.22174952392527, 131.2996516129032, 1.7634408602150538, 174.34408602150538, 249.40860215053763
644, 491.9553300109396, 130.89575483870965, 1.5913978494623655, 173.65591397849462, 249.86021505376345
645, 491.6889104979539, 130.90876129032256, 2.064516129032258, 173.09677419354838, 251.61290322580646
646, 491.4224909849682, 129.84962795698914, 1.3548387096774193, 171.65591397849462, 251.6021505376344
647, 491.1560714719825, 128.5841129032258, 1.1290322580645162, 169.61290322580646, 251.61290322580646
648, 490.88965195899675, 127.64246021505372, 0.6666666666666666, 168.3548387096774, 251.04301075268816
649, 490.6232324460111, 127.30251075268819, 1.3440860215053763, 167.23655913978496, 252.04301075268816
650, 490.35681293302537, 126.89528924731182, 1.1935483870967742, 166.6236559139785, 252.0215053763441
651, 490.09039342003973, 126.20204408602154, 1.6021505376344085, 165.09677419354838, 252.7311827956989
652, 489.823973907054, 125.57403978494632, 1.2150537634408602, 164.23655913978496, 252.66666666666666
653, 489.5575543940683, 125.27446451612907, 1.6989247311827957, 163.34408602150538, 253.36559139784947
654, 489.2911348810826, 124.52953010752691, 1.2580645161290323, 162.247311827957, 253.63440860215053
655, 489.0247153680969, 123.93358709677419, 1.978494623655914, 160.81720430107526, 253.88172043010752
656, 488.7582958551112, 122.97341075268814, 1.2688172043010753, 159.6451612903226, 253.3548387096774
657, 488.4918763421255, 122.50207741935476, 1.5913978494623655, 158.6236559139785, 253.63440860215053
658, 488.22545682913983, 122.12669677419343, 1.5268817204301075, 158.01075268817203, 253.66666666666666
659, 487.9590373161541, 121.371352688172, 1.7419354838709677, 156.66666666666666, 253.3978494623656
660, 487.69261780316845, 120.05884086021501, 0.946236559139785, 154.95698924731184, 252.7741935483871
661, 487.4261982901827, 120.47337634408602, 1.935483870967742, 154.88172043010752, 254.20430107526883
662, 487.15977877719706, 119.50397204301075, 1.5698924731182795, 153.46236559139786, 253.96774193548387
663, 486.8933592642113, 117.83561827956989, 1.6666666666666667, 150.67741935483872, 253.41935483870967
664, 486.6269397512256, 116.37387311827953, 0.8387096774193549, 148.68817204301075, 253.01075268817203
665, 486.3605202382399, 115.29090215053766, 1.086021505376344, 146.61290322580646, 253.5483870967742
666, 486.09410072525424, 114.25120967741938, 0.9139784946236559, 145.01075268817203, 253.1290322580645
667, 485.82768121226854, 113.05545913978499, 1.5376344086021505, 142.59139784946237, 253.46236559139786
668, 485.5612616992828, 112.02976344086025, 1.3978494623655915, 140.95698924731184, 253.247311827957
669, 485.29484218629716, 110.77295268817207, 1.5483870967741935, 138.50537634408602, 254.4516129032258
670, 485.0284226733114, 109.2370784946236, 1.043010752688172, 136.29032258064515, 253.70967741935485
671, 484.7620031603258, 108.4795537634408, 1.6666666666666667, 134.48387096774192, 254.7311827956989
672, 484.49558364734, 106.58027204301067, 0.7204301075268817, 131.83870967741936, 254.1720430107527
673, 484.22916413435433, 105.55117849462366, 1.3333333333333333, 129.67741935483872, 254.66666666666666
674, 483.96274462136864, 104.66657741935487, 0.8924731182795699, 128.44086021505376, 254.43010752688173
675, 483.69632510838295, 104.1518311827957, 1.903225806451613, 127.04301075268818, 254.46236559139786
676, 483.42990559539726, 103.18835483870964, 1.5053763440860215, 125.60215053763442, 254.4731182795699
677, 483.16348608241157, 101.51857096774198, 1.7096774193548387, 122.64516129032258, 254.51612903225808
678, 482.8970665694259, 100.01736451612902, 0.978494623655914, 120.52688172043011, 254.1720430107527
679, 482.6306470564401, 98.58257311827958, 0.9354838709677419, 118.0752688172043, 254.32258064516128
680, 482.3642275434545, 97.77182795698924, 0.8602150537634409, 116.7741935483871, 254.10752688172042
681, 482.09780803046874, 96.33698817204296, 1.3010752688172043, 114.03225806451613, 254.48387096774192
682, 481.8313885174831, 94.57187849462362, 0.8924731182795699, 111.26881720430107, 254.30107526881721
683, 481.56496900449736, 92.46299354838709, 0.6021505376344086, 107.76344086021506, 254.61290322580646
684, 481.29854949151166, 90.66836881720431, 0.8279569892473119, 104.65591397849462, 254.27956989247312
685, 481.032129978526, 89.65072258064518, 1.4838709677419355, 102.48387096774194, 254.81720430107526
686, 480.7657104655403, 87.6990107526882, 1.2903225806451613, 99.31182795698925, 254.53763440860214
687, 480.4992909525546, 85.20396559139785, 1.2043010752688172, 95.09677419354838, 254.58064516129033
688, 480.2328714395689, 83.52651397849465, 1.3118279569892473, 92.23655913978494, 254.31182795698925
689, 479.9664519265832, 81.92411827956987, 1.5053763440860215, 89.3225806451613, 254.752688172043
690, 479.70003241359746, 80.4578537634409, 1.1397849462365592, 87.08602150537635, 254.36559139784947
691, 479.4336129006118, 79.57554193548388, 1.7849462365591398, 85.20430107526882, 254.6236559139785
692, 479.16719338762607, 76.99734838709679, 1.032258064516129, 81.25806451612904, 254.30107526881721
693, 478.90077387464044, 74.75393225806451, 1.2150537634408602, 77.31182795698925, 254.46236559139786
694, 478.6343543616547, 72.50957419354835, 0.8172043010752689, 73.78494623655914, 253.9784946236559
695, 478.367934848669, 71.5799946236559, 1.4516129032258065, 71.76344086021506, 254.56989247311827
696, 478.1015153356833, 68.95253655913976, 0.6559139784946236, 67.83870967741936, 253.81720430107526
697, 477.8350958226976, 67.64371505376343, 1.1290322580645162, 65.23655913978494, 254.49462365591398
698, 477.5686763097119, 65.58346129032262, 1.1935483870967742, 61.74193548387097, 254.247311827957
699, 477.3022567967262, 63.4445129032258, 1.10752688172043, 58.13978494623656, 254.25806451612902
700, 477.03583728374053, 61.20956451612905, 1.1290322580645162, 54.354838709677416, 254.08602150537635
701, 476.7694177707548, 58.992967741935516, 1.1827956989247312, 50.505376344086024, 254.32258064516128
702, 476.50299825776915, 56.40840537634413, 1.3225806451612903, 46.13978494623656, 253.76344086021504
703, 476.2365787447834, 54.19165913978496, 1.1505376344086022, 42.43010752688172, 253.8709677419355
704, 475.97015923179777, 51.830390322580655, 1.2580645161290323, 38.354838709677416, 253.86021505376345
705, 475.703739718812, 49.93698924731185, 1.2903225806451613, 35.075268817204304, 254.05376344086022
706, 475.4373202058263, 47.93630967741936, 1.3118279569892473, 31.731182795698924, 253.66666666666666
707, 475.17090069284063, 45.9534494623656, 1.2043010752688172, 28.387096774193548, 253.7741935483871
708, 474.90448117985494, 43.395123655913984, 0.9139784946236559, 24.258064516129032, 253.3548387096774
709, 474.63806166686925, 41.5450268817204, 1.7741935483870968, 20.50537634408602, 254.19354838709677
710, 474.3716421538835, 39.14487741935483, 1.6559139784946237, 16.526881720430108, 253.93548387096774
711, 474.10522264089786, 36.757433333333324, 1.6881720430107527, 12.451612903225806, 253.89247311827958
712, 473.8388031279121, 33.41910430107527, 0.6774193548387096, 7.698924731182796, 251.7311827956989
713, 473.5723836149265, 32.30019569892474, 1.2688172043010753, 5.247311827956989, 252.98924731182797
714, 473.30596410194073, 31.183111827956964, 1.4623655913978495, 3.4086021505376345, 252.1505376344086
715, 473.0395445889551, 30.598661290322553, 1.881720430107527, 2.10752688172043, 252.6236559139785
716, 472.77312507596935, 30.181984946236554, 1.6559139784946237, 1.6129032258064515, 252.10752688172042
717, 472.50670556298365, 30.5666064516129, 2.21505376344086, 1.8602150537634408, 252.74193548387098
718, 472.24028604999796, 30.111789247311822, 1.7849462365591398, 1.3440860215053763, 252.53763440860214
719, 471.97386653701227, 30.411945161290337, 2.2688172043010755, 1.6236559139784945, 252.46236559139786
720, 471.7074470240266, 30.372139784946224, 2.2580645161290325, 1.6344086021505377, 252.08602150537635
721, 471.44102751104083, 30.013190322580638, 1.8602150537634408, 1.2150537634408602, 252.13978494623655
722, 471.1746079980552, 30.27263763440859, 2.118279569892473, 1.4838709677419355, 252.3548387096774
723, 470.90818848506945, 30.397082795698935, 2.182795698924731, 1.6129032258064515, 252.61290322580646
724, 470.6417689720838, 30.266574193548372, 2.0, 1.5483870967741935, 252.27956989247312
725, 470.37534945909806, 29.947855913978476, 1.7634408602150538, 1.2365591397849462, 251.70967741935485
726, 470.10892994611237, 30.093341935483853, 1.956989247311828, 1.3440860215053763, 251.9247311827957
727, 469.8425104331267, 30.218737634408598, 2.086021505376344, 1.5483870967741935, 251.63440860215053
728, 469.576090920141, 29.83010645161291, 1.7311827956989247, 1.1505376344086022, 251.20430107526883
729, 469.3096714071553, 29.776250537634414, 1.6881720430107527, 1.118279569892473, 251.01075268817203
730, 469.0432518941696, 30.292561290322578, 2.3440860215053765, 1.5698924731182795, 251.49462365591398
731, 468.7768323811839, 30.010224731182813, 2.053763440860215, 1.3870967741935485, 250.72043010752688
732, 468.51041286819816, 29.622622580645164, 1.6236559139784945, 1.075268817204301, 250.05376344086022
733, 468.2439933552125, 29.868640860215066, 1.978494623655914, 1.3763440860215055, 249.7311827956989
734, 467.9775738422268, 29.746481720430122, 1.8494623655913978, 1.2903225806451613, 249.44086021505376
735, 467.71115432924114, 29.97277849462367, 2.10752688172043, 1.4838709677419355, 249.752688172043
736, 467.4447348162554, 29.73409462365593, 1.8494623655913978, 1.3548387096774193, 249.0
737, 467.1783153032697, 29.51074946236561, 1.6451612903225807, 1.1827956989247312, 248.46236559139786
738, 466.911895790284, 29.924361290322604, 2.086021505376344, 1.5376344086021505, 249.10752688172042
739, 466.6454762772983, 29.400287096774203, 1.5376344086021505, 1.118279569892473, 248.10752688172042
740, 466.3790567643126, 29.473859139784967, 1.6236559139784945, 1.1935483870967742, 248.13978494623655
741, 466.11263725132693, 29.792278494623663, 2.161290322580645, 1.6021505376344085, 247.41935483870967
742, 465.84621773834124, 29.077505376344096, 1.3978494623655915, 0.956989247311828, 246.4731182795699
743, 465.5797982253555, 29.392374193548388, 1.7419354838709677, 1.3870967741935485, 246.11827956989248
744, 465.31337871236985, 29.36767526881722, 1.7419354838709677, 1.3763440860215055, 245.95698924731184
745, 465.0469591993841, 29.19955161290322, 1.6881720430107527, 1.3010752688172043, 245.01075268817203
746, 464.78053968639847, 29.249887096774184, 1.7741935483870968, 1.4516129032258065, 244.4516129032258
747, 464.5141201734127, 28.830036559139785, 1.4623655913978495, 1.1290322580645162, 243.247311827957
748, 464.24770066042703, 28.873493548387092, 1.5161290322580645, 1.2258064516129032, 242.98924731182797
749, 463.98128114744134, 29.036279569892464, 1.7204301075268817, 1.4408602150537635, 242.7741935483871
750, 463.71486163445564, 28.661856989247294, 1.5376344086021505, 1.1612903225806452, 241.40860215053763
751, 463.44844212146995, 28.77876666666665, 1.7956989247311828, 1.1935483870967742, 241.59139784946237
752, 463.18202260848426, 28.64940430107526, 1.6559139784946237, 1.1612903225806452, 240.98924731182797
753, 462.91560309549857, 28.615004301075263, 1.89247311827957, 1.10752688172043, 240.34408602150538
754, 462.6491835825128, 28.489198924731177, 1.7741935483870968, 0.978494623655914, 240.21505376344086
755, 462.3827640695272, 28.585054838709677, 1.924731182795699, 1.086021505376344, 240.10752688172042
756, 462.11634455654143, 28.422296774193548, 1.7634408602150538, 1.053763440860215, 239.2688172043011
757, 461.8499250435558, 28.56810537634411, 2.064516129032258, 1.2365591397849462, 238.81720430107526
758, 461.58350553057005, 28.202719354838692, 1.6236559139784945, 0.978494623655914, 238.09677419354838
759, 461.31708601758436, 28.565079569892482, 2.10752688172043, 1.3118279569892473, 238.29032258064515
760, 461.05066650459867, 28.461508602150545, 2.010752688172043, 1.2473118279569892, 237.96774193548387
761, 460.784246991613, 28.231281720430125, 1.8064516129032258, 1.2473118279569892, 236.48387096774192
762, 460.5178274786273, 27.95573333333334, 1.4838709677419355, 1.021505376344086, 236.0752688172043
763, 460.25140796564153, 28.050426881720433, 1.6451612903225807, 1.3763440860215055, 234.65591397849462
764, 459.9849884526559, 27.863148387096782, 1.5268817204301075, 1.2365591397849462, 234.04301075268816
765, 459.71856893967015, 27.92251935483872, 2.010752688172043, 1.2688172043010753, 233.1290322580645
766, 459.4521494266845, 27.673102150537648, 1.7741935483870968, 1.1397849462365592, 232.2258064516129
767, 459.18572991369876, 27.669553763440852, 2.096774193548387, 1.1720430107526882, 231.18279569892474
768, 458.9193104007131, 27.407525806451602, 1.8387096774193548, 0.967741935483871, 230.61290322580646
769, 458.6528908877274, 27.62726666666667, 2.172043010752688, 1.1827956989247312, 230.55913978494624
770, 458.3864713747417, 27.734434408602144, 2.21505376344086, 1.3225806451612903, 230.66666666666666
771, 458.120051861756, 27.792175268817207, 2.4408602150537635, 1.3978494623655915, 230.19354838709677
772, 457.8536323487703, 27.03164516129031, 1.6129032258064515, 0.7096774193548387, 229.23655913978496
773, 457.5872128357846, 27.72295053763441, 2.4301075268817205, 1.4086021505376345, 229.55913978494624
774, 457.32079332279886, 27.555003225806452, 2.225806451612903, 1.3225806451612903, 229.06451612903226
775, 457.0543738098132, 26.986429032258066, 1.6236559139784945, 0.8172043010752689, 228.25806451612902
776, 456.7879542968275, 27.021683870967745, 1.6559139784946237, 0.8817204301075269, 228.1505376344086
777, 456.52153478384184, 27.37660860215053, 2.086021505376344, 1.2903225806451613, 228.03225806451613
778, 456.2551152708561, 27.669915053763443, 2.3548387096774195, 1.5591397849462365, 228.51612903225808
779, 455.9886957578704, 26.924153763440852, 1.5806451612903225, 1.010752688172043, 226.8279569892473
780, 455.7222762448847, 27.379515053763434, 2.053763440860215, 1.4516129032258065, 227.31182795698925
781, 455.455856731899, 27.138763440860203, 1.8279569892473118, 1.3548387096774193, 226.29032258064515
782, 455.1894372189133, 27.522304301075263, 2.225806451612903, 1.6344086021505377, 227.1720430107527
783, 454.92301770592763, 27.066953763440853, 1.8602150537634408, 1.3225806451612903, 225.74193548387098
784, 454.65659819294194, 26.801925806451607, 1.6021505376344085, 1.086021505376344, 225.31182795698925
785, 454.3901786799562, 26.839126881720425, 1.8494623655913978, 1.1612903225806452, 224.6021505376344
786, 454.12375916697056, 26.954029032258056, 1.967741935483871, 1.2258064516129032, 224.96774193548387
787, 453.8573396539848, 26.830363440860207, 1.8494623655913978, 1.1505376344086022, 224.58064516129033
788, 453.5909201409992, 26.783733333333334, 1.8064516129032258, 1.1827956989247312, 224.11827956989248
789, 453.3245006280134, 26.60316451612903, 1.7956989247311828, 0.989247311827957, 223.55913978494624
790, 453.05808111502773, 26.623032258064516, 1.8279569892473118, 1.086021505376344, 223.1505376344086
791, 452.79166160204204, 26.974211827957, 2.182795698924731, 1.5161290322580645, 223.08602150537635
792, 452.52524208905635, 26.3628494623656, 1.5053763440860215, 1.043010752688172, 221.93548387096774
793, 452.25882257607066, 26.7067505376344, 1.956989247311828, 1.2903225806451613, 222.49462365591398
794, 451.99240306308496, 26.62362150537634, 1.8494623655913978, 1.2473118279569892, 222.2688172043011
795, 451.7259835500993, 26.835080645161298, 2.204301075268817, 1.4623655913978495, 222.08602150537635
796, 451.4595640371135, 26.674452688172043, 2.032258064516129, 1.3118279569892473, 221.90322580645162
797, 451.1931445241279, 26.37515913978495, 2.064516129032258, 1.021505376344086, 220.68817204301075
798, 450.92672501114214, 26.225995698924734, 1.8709677419354838, 0.9139784946236559, 220.44086021505376
799, 450.6603054981565, 26.71209784946237, 2.4623655913978495, 1.5161290322580645, 220.05376344086022
800, 450.39388598517075, 26.39703763440862, 2.096774193548387, 1.2365591397849462, 219.68817204301075
801, 450.12746647218506, 26.46993225806453, 2.182795698924731, 1.3440860215053763, 219.5483870967742
802, 449.86104695919937, 25.97083763440862, 1.6236559139784945, 0.9247311827956989, 218.79569892473117
803, 449.5946274462137, 26.28757419354839, 2.0, 1.2580645161290323, 218.8709677419355
804, 449.328207933228, 26.336032258064517, 2.043010752688172, 1.3333333333333333, 218.79569892473117
805, 449.06178842024224, 26.36176666666667, 2.118279569892473, 1.4516129032258065, 218.21505376344086
806, 448.7953689072566, 25.90230107526881, 1.7204301075268817, 1.032258064516129, 217.38709677419354
807, 448.52894939427085, 25.86274516129034, 1.6881720430107527, 1.075268817204301, 216.90322580645162
808, 448.2625298812852, 26.075388172043024, 1.924731182795699, 1.2043010752688172, 217.48387096774192
809, 447.99611036829947, 26.210425806451617, 2.086021505376344, 1.4086021505376345, 217.19354838709677
810, 447.72969085531383, 25.51092903225808, 1.3548387096774193, 0.8064516129032258, 216.0752688172043
811, 447.4632713423281, 26.172716129032263, 2.086021505376344, 1.5698924731182795, 216.03225806451613
812, 447.1968518293424, 25.659175268817215, 1.5806451612903225, 1.086021505376344, 215.34408602150538
813, 446.9304323163567, 25.6496182795699, 1.5591397849462365, 1.118279569892473, 215.1505376344086
814, 446.664012803371, 25.30677956989248, 1.2365591397849462, 0.8279569892473119, 214.48387096774192
815, 446.3975932903853, 25.684915053763433, 1.7096774193548387, 1.2688172043010753, 214.29032258064515
816, 446.13117377739957, 25.413459139784933, 1.4301075268817205, 1.032258064516129, 213.86021505376345
817, 445.86475426441393, 25.46172150537633, 1.4946236559139785, 1.1505376344086022, 213.50537634408602
818, 445.5983347514282, 25.303332258064515, 1.4086021505376345, 0.989247311827957, 213.1720430107527
819, 445.33191523844255, 25.436064516129022, 1.5053763440860215, 1.1827956989247312, 213.08602150537635
820, 445.0654957254568, 25.212488172043, 1.3548387096774193, 0.989247311827957, 212.51612903225808
821, 444.7990762124711, 26.031706451612898, 2.6129032258064515, 1.6774193548387097, 212.86021505376345
822, 444.5326566994854, 25.436382795698925, 1.978494623655914, 1.2473118279569892, 211.51612903225808
823, 444.2662371864997, 25.34974731182796, 1.989247311827957, 1.2258064516129032, 210.83870967741936
824, 443.99981767351403, 25.33781720430108, 1.8279569892473118, 1.2688172043010753, 210.93548387096774
825, 443.73339816052834, 25.241991397849453, 1.913978494623656, 1.2580645161290323, 209.9247311827957
826, 443.46697864754265, 25.463897849462366, 2.204301075268817, 1.4193548387096775, 210.27956989247312
827, 443.2005591345569, 25.231178494623652, 1.978494623655914, 1.2903225806451613, 209.49462365591398
828, 442.93413962157126, 25.085478494623647, 1.7741935483870968, 1.2150537634408602, 209.13978494623655
829, 442.6677201085855, 25.09590860215055, 2.096774193548387, 1.2043010752688172, 208.44086021505376
830, 442.4013005955999, 24.825112903225815, 1.881720430107527, 0.8817204301075269, 208.29032258064515
831, 442.13488108261413, 25.41316451612903, 2.6559139784946235, 1.5268817204301075, 208.09677419354838
832, 441.86846156962844, 24.83279462365592, 1.946236559139785, 1.064516129032258, 207.247311827957
833, 441.60204205664274, 25.09350967741935, 2.3225806451612905, 1.4193548387096775, 206.72043010752688
834, 441.33562254365705, 25.086252688172053, 2.3118279569892475, 1.3978494623655915, 206.79569892473117
835, 441.06920303067136, 24.68675806451613, 1.881720430107527, 1.10752688172043, 205.91397849462365
836, 440.80278351768567, 24.693636559139794, 1.913978494623656, 1.1612903225806452, 205.61290322580646
837, 440.5363640047, 24.955744086021518, 2.4516129032258065, 1.4301075268817205, 205.11827956989248
838, 440.2699444917142, 24.8033494623656, 2.3118279569892475, 1.2688172043010753, 204.9784946236559
839, 440.0035249787286, 24.92844731182795, 2.5161290322580645, 1.4301075268817205, 204.70967741935485
840, 439.73710546574284, 24.624321505376347, 2.161290322580645, 1.1720430107526882, 204.30107526881721
841, 439.4706859527572, 24.721377419354837, 2.3548387096774195, 1.3870967741935485, 203.53763440860214
842, 439.20426643977146, 24.55771397849462, 2.21505376344086, 1.1397849462365592, 203.74193548387098
843, 438.93784692678577, 24.486676344086025, 2.2688172043010755, 1.2795698924731183, 202.25806451612902
844, 438.6714274138001, 24.205859139784945, 1.946236559139785, 1.032258064516129, 201.91397849462365
845, 438.4050079008144, 23.94466989247313, 1.6881720430107527, 1.021505376344086, 200.3548387096774
846, 438.1385883878287, 24.13926021505376, 1.913978494623656, 1.2150537634408602, 200.4731182795699
847, 437.872168874843, 24.245678494623643, 2.247311827956989, 1.3978494623655915, 199.59139784946237
848, 437.6057493618573, 23.830029032258064, 1.7526881720430108, 1.075268817204301, 198.90322580645162
849, 437.33932984887156, 23.968501075268797, 2.086021505376344, 1.2688172043010753, 198.247311827957
850, 437.0729103358859, 23.64368387096773, 1.7634408602150538, 0.956989247311828, 197.8494623655914
851, 436.8064908229002, 23.8057064516129, 1.8602150537634408, 1.2150537634408602, 197.68817204301075
852, 436.54007130991454, 23.717230107526888, 1.89247311827957, 1.1397849462365592, 197.21505376344086
853, 436.2736517969288, 23.249939784946235, 1.6774193548387097, 0.7956989247311828, 195.4516129032258
854, 436.0072322839431, 23.673465591397846, 2.118279569892473, 1.3010752688172043, 195.40860215053763
855, 435.7408127709574, 24.021627956989235, 2.5376344086021505, 1.6451612903225807, 195.59139784946237
856, 435.4743932579717, 23.410346236559132, 1.913978494623656, 1.096774193548387, 194.68817204301075
857, 435.207973744986, 23.261359139784947, 1.89247311827957, 1.075268817204301, 193.5483870967742
858, 434.94155423200027, 23.206606451612902, 1.7849462365591398, 1.043010752688172, 193.51612903225808
859, 434.67513471901464, 23.502095698924737, 2.2688172043010755, 1.4086021505376345, 192.95698924731184
860, 434.4087152060289, 23.307323655913986, 2.139784946236559, 1.1612903225806452, 192.86021505376345
861, 434.14229569304325, 23.060148387096774, 1.8494623655913978, 1.1720430107526882, 191.3978494623656
862, 433.8758761800575, 22.745106451612898, 1.5161290322580645, 0.9032258064516129, 190.89247311827958
863, 433.60945666707187, 23.42645913978495, 2.3978494623655915, 1.6129032258064515, 190.90322580645162
864, 433.3430371540861, 22.93163978494625, 1.881720430107527, 1.1935483870967742, 190.0752688172043
865, 433.0766176411004, 22.942847311827958, 1.956989247311828, 1.3225806451612903, 189.31182795698925
866, 432.81019812811473, 22.295834408602147, 1.3333333333333333, 0.7634408602150538, 188.1505376344086
867, 432.54377861512904, 22.735309677419345, 1.8494623655913978, 1.1720430107526882, 188.5483870967742
868, 432.27735910214335, 22.681935483870973, 1.8279569892473118, 1.1505376344086022, 188.247311827957
869, 432.0109395891576, 22.61198494623656, 1.8709677419354838, 1.1827956989247312, 187.3548387096774
870, 431.74452007617197, 22.303851612903227, 1.4838709677419355, 0.967741935483871, 186.7741935483871
871, 431.4781005631862, 22.647548387096766, 1.935483870967742, 1.4193548387096775, 186.27956989247312
872, 431.2116810502006, 22.604938709677405, 1.903225806451613, 1.3548387096774193, 186.32258064516128
873, 430.94526153721483, 22.40898172043011, 1.7956989247311828, 1.2365591397849462, 185.49462365591398
874, 430.67884202422914, 22.317851612903226, 1.6989247311827957, 1.1827956989247312, 185.2258064516129
875, 430.41242251124345, 22.219129032258067, 1.8279569892473118, 1.1827956989247312, 184.0215053763441
876, 430.14600299825776, 21.909734408602155, 1.4731182795698925, 0.9032258064516129, 183.67741935483872
877, 429.87958348527206, 22.241022580645172, 2.032258064516129, 1.2580645161290323, 183.29032258064515
878, 429.6131639722864, 21.7058806451613, 1.5161290322580645, 0.7741935483870968, 182.44086021505376
879, 429.3467444593007, 21.7067430107527, 1.6021505376344085, 1.043010752688172, 180.83870967741936
880, 429.08032494631493, 21.790719354838714, 1.7311827956989247, 1.118279569892473, 180.8494623655914
881, 428.8139054333293, 22.041511827956995, 2.086021505376344, 1.4838709677419355, 180.23655913978496
882, 428.54748592034355, 21.752417204301082, 1.7419354838709677, 1.3440860215053763, 179.32258064516128
883, 428.2810664073579, 21.498792473118282, 1.5376344086021505, 1.1935483870967742, 178.40860215053763
884, 428.01464689437216, 21.18895806451613, 1.2795698924731183, 0.989247311827957, 177.41935483870967
885, 427.74822738138647, 21.551862365591397, 2.129032258064516, 1.3440860215053763, 176.5483870967742
886, 427.4818078684008, 21.099108602150537, 1.6021505376344085, 1.064516129032258, 175.3978494623656
887, 427.2153883554151, 21.39978172043011, 2.075268817204301, 1.4193548387096775, 174.96774193548387
888, 426.9489688424294, 20.79637634408603, 1.3978494623655915, 1.053763440860215, 173.33333333333334
889, 426.6825493294437, 20.94394838709678, 1.913978494623656, 1.2365591397849462, 172.33333333333334
890, 426.416129816458, 20.715455913978502, 1.7849462365591398, 1.096774193548387, 171.38709677419354
891, 426.14971030347226, 20.37964301075269, 1.8494623655913978, 0.9032258064516129, 169.2688172043011
892, 425.8832907904866, 20.820897849462362, 2.4193548387096775, 1.4086021505376345, 169.04301075268816
893, 425.6168712775009, 20.591397849462364, 2.2580645161290325, 1.3440860215053763, 167.78494623655914
894, 425.35045176451524, 20.05560215053763, 1.8279569892473118, 0.967741935483871, 166.1505376344086
895, 425.0840322515295, 20.32059784946237, 2.3010752688172045, 1.3870967741935485, 165.0752688172043
896, 424.8176127385438, 19.705794623655912, 1.6236559139784945, 1.0, 163.4516129032258
897, 424.5511932255581, 19.940055913978505, 2.129032258064516, 1.2795698924731183, 162.74193548387098
898, 424.2847737125724, 19.873665591397845, 2.053763440860215, 1.3655913978494623, 161.91397849462365
899, 424.0183541995867, 19.913780645161296, 2.193548387096774, 1.4838709677419355, 161.29032258064515
900, 423.751934686601, 19.27374301075269, 1.4946236559139785, 1.0, 160.0
901, 423.48551517361534, 19.212015053763448, 1.7849462365591398, 0.989247311827957, 158.752688172043
902, 423.2190956606296, 19.217704301075266, 1.881720430107527, 1.064516129032258, 158.16129032258064
903, 422.95267614764396, 19.073517204301083, 1.8172043010752688, 1.0, 157.3978494623656
904, 422.6862566346582, 19.12093655913978, 1.8172043010752688, 1.1935483870967742, 156.81720430107526
905, 422.4198371216726, 18.842284946236568, 1.7741935483870968, 0.989247311827957, 155.53763440860214
906, 422.1534176086868, 18.526534408602156, 1.4301075268817205, 0.7956989247311828, 154.66666666666666
907, 421.88699809570113, 18.80652365591398, 1.7526881720430108, 1.3548387096774193, 153.3978494623656
908, 421.62057858271544, 18.65541397849462, 1.6666666666666667, 1.3333333333333333, 152.40860215053763
909, 421.35415906972975, 18.646415053763437, 2.086021505376344, 1.2903225806451613, 151.4516129032258
910, 421.08773955674405, 18.29578494623657, 1.7204301075268817, 1.2258064516129032, 149.66666666666666
911, 420.8213200437583, 18.39252795698925, 2.247311827956989, 1.2580645161290323, 148.96774193548387
912, 420.55490053077267, 18.275896774193555, 2.10752688172043, 1.3978494623655915, 147.59139784946237
913, 420.2884810177869, 17.89741935483871, 2.043010752688172, 1.10752688172043, 145.93548387096774
914, 420.0220615048013, 18.285098924731187, 2.5591397849462365, 1.5698924731182795, 145.6021505376344
915, 419.75564199181554, 17.841012903225806, 2.236559139784946, 1.2365591397849462, 144.2688172043011
916, 419.48922247882984, 17.540391397849476, 1.89247311827957, 1.1397849462365592, 143.03225806451613
917, 419.22280296584415, 17.47546451612904, 2.3440860215053765, 0.989247311827957, 142.05376344086022
918, 418.95638345285846, 17.29114193548387, 2.236559139784946, 0.978494623655914, 140.7741935483871
919, 418.68996393987277, 17.262329032258062, 2.193548387096774, 1.1935483870967742, 139.5268817204301
920, 418.4235444268871, 17.299509677419355, 2.21505376344086, 1.3440860215053763, 139.0215053763441
921, 418.1571249139014, 17.14958279569892, 2.236559139784946, 1.3763440860215055, 137.48387096774192
922, 417.89070540091564, 16.930993548387093, 2.0, 1.2580645161290323, 136.79569892473117
923, 417.62428588793, 16.740283870967748, 2.3225806451612905, 1.096774193548387, 135.10752688172042
924, 417.35786637494425, 17.03460752688172, 2.6344086021505375, 1.4623655913978495, 134.98924731182797
925, 417.0914468619586, 16.807095698924737, 2.4838709677419355, 1.3978494623655915, 133.72043010752688
926, 416.82502734897287, 15.82102258064516, 1.3870967741935485, 0.6774193548387096, 131.65591397849462
927, 416.5586078359872, 16.102088172043004, 1.913978494623656, 1.096774193548387, 130.58064516129033
928, 416.2921883230015, 16.22778279569892, 2.064516129032258, 1.3010752688172043, 130.23655913978496
929, 416.0257688100158, 16.343329032258065, 2.3010752688172045, 1.5591397849462365, 129.30107526881721
930, 415.7593492970301, 15.758213978494618, 1.7311827956989247, 1.1720430107526882, 127.65591397849462
931, 415.4929297840444, 15.45971505376344, 1.4516129032258065, 1.075268817204301, 126.26881720430107
932, 415.2265102710587, 15.460982795698921, 1.5698924731182795, 1.1612903225806452, 125.52688172043011
933, 414.96009075807297, 15.576412903225803, 2.21505376344086, 1.1505376344086022, 124.90322580645162
