Extraction [ img/s4/seq3/3.jpg ] effectuee 2026-05-28 17:15:51.492393
Calibration: -0.2664195129856975*x + 663.5294963737288 [largueur 2619 + 934]

pixel, longueur d'onde, intensite, r, g, b
0, 663.5294963737288, 82.95214444444441, 169.94444444444446, 41.25, 69.66666666666667
1, 663.263076860743, 84.15149305555553, 171.45833333333334, 42.15277777777778, 71.56944444444444
2, 662.9966573477574, 83.63583611111113, 170.94444444444446, 41.625, 71.11111111111111
3, 662.7302378347716, 84.1010138888889, 171.80555555555554, 41.833333333333336, 71.86111111111111
4, 662.463818321786, 85.46614027777775, 173.18055555555554, 43.19444444444444, 73.22222222222223
5, 662.1973988088002, 85.76280694444446, 174.29166666666666, 42.97222222222222, 74.05555555555556
6, 661.9309792958146, 85.56453055555554, 174.13888888888889, 42.75, 73.86111111111111
7, 661.6645597828289, 86.02697638888887, 175.79166666666666, 42.56944444444444, 74.51388888888889
8, 661.3981402698432, 85.94365138888888, 175.70833333333334, 42.486111111111114, 74.43055555555556
9, 661.1317207568575, 86.5036875, 177.29166666666666, 42.375, 75.76388888888889
10, 660.8653012438718, 86.9482375, 177.76388888888889, 42.80555555555556, 76.20833333333333
11, 660.5988817308861, 87.35072083333336, 179.73611111111111, 42.236111111111114, 77.5
12, 660.3324622179003, 87.49963194444445, 179.93055555555554, 42.361111111111114, 77.65277777777777
13, 660.0660427049147, 87.74117361111111, 181.45833333333334, 41.72222222222222, 79.05555555555556
14, 659.799623191929, 88.52332500000001, 182.30555555555554, 42.47222222222222, 79.83333333333333
15, 659.5332036789433, 88.9176708333333, 184.125, 41.875, 81.59722222222223
16, 659.2667841659576, 89.53173888888887, 184.83333333333334, 42.44444444444444, 82.19444444444444
17, 659.0003646529719, 90.85573888888888, 187.33333333333334, 43.02777777777778, 84.25
18, 658.7339451399862, 91.00850138888885, 187.48611111111111, 43.18055555555556, 84.40277777777777
19, 658.4675256270006, 91.08010138888886, 188.43055555555554, 42.708333333333336, 84.98611111111111
20, 658.2011061140148, 90.8856763888889, 188.23611111111111, 42.513888888888886, 84.79166666666667
21, 657.9346866010292, 92.14670277777778, 191.02777777777777, 42.833333333333336, 86.88888888888889
22, 657.6682670880434, 91.60697361111112, 190.54166666666666, 42.263888888888886, 86.36111111111111
23, 657.4018475750577, 91.16689861111108, 190.73611111111111, 41.458333333333336, 86.13888888888889
24, 657.135428062072, 90.9129222222222, 190.5, 41.19444444444444, 85.88888888888889
25, 656.8690085490863, 91.88249861111109, 192.23611111111111, 41.625, 87.625
26, 656.6025890361007, 91.49364861111111, 191.84722222222223, 41.236111111111114, 87.23611111111111
27, 656.3361695231149, 91.85958333333338, 193.33333333333334, 40.916666666666664, 88.19444444444444
28, 656.0697500101293, 92.79004583333334, 194.26388888888889, 41.84722222222222, 89.125
29, 655.8033304971435, 92.98202916666668, 195.54166666666666, 41.291666666666664, 90.31944444444444
30, 655.5369109841579, 93.39865416666663, 195.95833333333334, 41.708333333333336, 90.73611111111111
31, 655.2704914711721, 93.71036111111113, 197.22222222222223, 41.361111111111114, 91.94444444444444
32, 655.0040719581864, 92.5675847222222, 196.09722222222223, 40.208333333333336, 90.80555555555556
33, 654.7376524452008, 93.20662222222222, 197.80555555555554, 40.125, 92.36111111111111
34, 654.471232932215, 92.95279583333334, 197.59722222222223, 39.84722222222222, 92.11111111111111
35, 654.2048134192294, 92.39588611111111, 197.66666666666666, 38.93055555555556, 91.76388888888889
36, 653.9383939062436, 93.11848611111112, 198.47222222222223, 39.611111111111114, 92.48611111111111
37, 653.671974393258, 93.43895277777783, 200.47222222222223, 38.94444444444444, 93.48611111111111
38, 653.4055548802722, 92.74676111111108, 199.88888888888889, 38.19444444444444, 92.80555555555556
39, 653.1391353672866, 92.44966944444448, 199.97222222222223, 37.69444444444444, 92.55555555555556
40, 652.8727158543008, 92.97739444444443, 200.5, 38.22222222222222, 93.08333333333333
41, 652.6062963413152, 93.69128611111111, 202.13888888888889, 38.361111111111114, 94.33333333333333
42, 652.3398768283295, 93.73294861111113, 202.18055555555554, 38.40277777777778, 94.375
43, 652.0734573153437, 93.8131986111111, 203.29166666666666, 37.93055555555556, 94.59722222222223
44, 651.8070378023581, 93.61077083333335, 203.125, 37.708333333333336, 94.40277777777777
45, 651.5406182893723, 94.25009166666665, 204.91666666666666, 37.666666666666664, 95.52777777777777
46, 651.2741987763867, 93.83346666666665, 204.5, 37.25, 95.11111111111111
47, 651.007779263401, 94.12846388888887, 205.63888888888889, 37.0, 96.0
48, 650.7413597504153, 94.14235138888887, 205.65277777777777, 37.013888888888886, 96.01388888888889
49, 650.4749402374296, 94.31103611111111, 206.58333333333334, 36.72222222222222, 96.55555555555556
50, 650.2085207244439, 93.38057361111113, 205.65277777777777, 35.791666666666664, 95.625
51, 649.9421012114582, 94.47546111111109, 207.05555555555554, 36.69444444444444, 96.90277777777777
52, 649.6756816984725, 94.85547361111111, 207.48611111111111, 37.041666666666664, 97.31944444444444
53, 649.4092621854868, 94.43644027777776, 208.51388888888889, 35.861111111111114, 97.02777777777777
54, 649.142842672501, 93.95964305555555, 208.15277777777777, 35.30555555555556, 96.65277777777777
55, 648.8764231595154, 94.5632736111111, 209.48611111111111, 35.541666666666664, 97.23611111111111
56, 648.6100036465297, 94.06332361111113, 208.98611111111111, 35.041666666666664, 96.73611111111111
57, 648.343584133544, 94.89786111111111, 210.69444444444446, 35.375, 97.86111111111111
58, 648.0771646205583, 94.12407638888892, 209.93055555555554, 34.583333333333336, 97.15277777777777
59, 647.8107451075726, 94.40626249999998, 211.54166666666666, 34.125, 97.76388888888889
60, 647.5443255945869, 93.80509861111108, 210.95833333333334, 33.513888888888886, 97.16666666666667
61, 647.2779060816013, 94.39530694444444, 212.76388888888889, 33.31944444444444, 98.61111111111111
62, 647.0114865686155, 93.61775694444442, 212.01388888888889, 32.52777777777778, 97.83333333333333
63, 646.7450670556299, 93.32360138888887, 213.15277777777777, 31.430555555555557, 97.91666666666667
64, 646.4786475426441, 92.67088888888888, 212.5, 30.77777777777778, 97.26388888888889
65, 646.2122280296584, 93.7145902777778, 214.375, 31.26388888888889, 99.0
66, 645.9458085166727, 93.7524013888889, 214.45833333333334, 31.27777777777778, 99.04166666666667
67, 645.679389003687, 93.68487083333335, 215.04166666666666, 30.833333333333332, 99.20833333333333
68, 645.4129694907014, 93.14505694444443, 214.70833333333334, 30.180555555555557, 98.70833333333333
69, 645.1465499777156, 93.13605277777776, 216.41666666666666, 29.13888888888889, 99.51388888888889
70, 644.88013046473, 93.72934305555552, 217.26388888888889, 29.583333333333332, 100.20833333333333
71, 644.6137109517442, 93.67674722222222, 217.80555555555554, 29.166666666666668, 100.47222222222223
72, 644.3472914387586, 92.98237222222218, 217.11111111111111, 28.47222222222222, 99.77777777777777
73, 644.0808719257728, 93.03336250000001, 217.76388888888889, 28.09722222222222, 100.44444444444444
74, 643.8144524127872, 93.10280000000002, 217.83333333333334, 28.166666666666668, 100.51388888888889
75, 643.5480328998015, 92.72961666666669, 218.55555555555554, 27.13888888888889, 100.63888888888889
76, 643.2816133868157, 92.99371527777777, 218.81944444444446, 27.416666666666668, 100.83333333333333
77, 643.0151938738301, 93.40454583333337, 220.09722222222223, 27.34722222222222, 101.44444444444444
78, 642.7487743608443, 92.98242222222223, 219.66666666666666, 26.944444444444443, 100.94444444444444
79, 642.4823548478587, 93.27451944444445, 220.91666666666666, 26.805555555555557, 100.94444444444444
80, 642.2159353348729, 93.44116944444445, 221.08333333333334, 26.97222222222222, 101.11111111111111
81, 641.9495158218873, 93.78680277777781, 221.97222222222223, 27.11111111111111, 101.09722222222223
82, 641.6830963089016, 93.4275472222222, 221.61111111111111, 26.76388888888889, 100.68055555555556
83, 641.4166767959159, 94.64663611111108, 223.36111111111111, 27.75, 101.70833333333333
84, 641.1502572829302, 94.78388750000002, 223.48611111111111, 27.944444444444443, 101.58333333333333
85, 640.8838377699444, 95.0551625, 224.48611111111111, 27.90277777777778, 101.55555555555556
86, 640.6174182569588, 93.92283055555558, 223.36111111111111, 26.805555555555557, 100.22222222222223
87, 640.350998743973, 94.47020555555557, 224.33333333333334, 27.194444444444443, 100.47222222222223
88, 640.0845792309874, 94.46629027777779, 224.31944444444446, 27.208333333333332, 100.40277777777777
89, 639.8181597180017, 95.2160763888889, 225.48611111111111, 27.88888888888889, 100.41666666666667
90, 639.551740205016, 95.69347361111107, 225.95833333333334, 28.38888888888889, 100.79166666666667
91, 639.2853206920303, 96.43879027777777, 227.51388888888889, 28.86111111111111, 100.81944444444444
92, 639.0189011790446, 96.7398013888889, 227.81944444444446, 29.180555555555557, 101.01388888888889
93, 638.7524816660589, 95.71109166666666, 227.41666666666666, 28.0, 99.125
94, 638.4860621530732, 95.25133055555557, 226.97222222222223, 27.583333333333332, 98.40277777777777
95, 638.2196426400875, 96.04775138888888, 228.45833333333334, 28.27777777777778, 97.91666666666667
96, 637.9532231271018, 96.2419861111111, 228.61111111111111, 28.541666666666668, 97.86111111111111
97, 637.6868036141161, 95.90699027777777, 228.98611111111111, 28.041666666666668, 96.51388888888889
98, 637.4203841011304, 96.74779444444444, 229.83333333333334, 28.88888888888889, 97.30555555555556
99, 637.1539645881447, 96.61141111111111, 230.05555555555554, 28.694444444444443, 96.52777777777777
100, 636.887545075159, 96.7842513888889, 230.26388888888889, 28.958333333333332, 96.13888888888889
101, 636.6211255621733, 96.91703055555556, 231.5, 28.819444444444443, 94.77777777777777
102, 636.3547060491876, 96.12608888888889, 230.77777777777777, 28.055555555555557, 93.66666666666667
103, 636.088286536202, 96.40256388888888, 231.30555555555554, 28.333333333333332, 93.27777777777777
104, 635.8218670232162, 96.86085138888888, 231.76388888888889, 28.791666666666668, 93.73611111111111
105, 635.5554475102306, 97.2102361111111, 232.91666666666666, 28.88888888888889, 93.27777777777777
106, 635.2890279972448, 97.26527361111108, 232.95833333333334, 28.97222222222222, 93.22222222222223
107, 635.0226084842591, 97.92172638888884, 234.40277777777777, 29.430555555555557, 92.83333333333333
108, 634.7561889712734, 98.5850333333333, 235.08333333333334, 30.125, 93.29166666666667
109, 634.4897694582877, 98.85853611111114, 236.02777777777777, 30.166666666666668, 93.0
110, 634.2233499453021, 98.11770833333334, 235.27777777777777, 29.48611111111111, 91.97222222222223
111, 633.9569304323163, 98.75560972222223, 236.68055555555554, 29.958333333333332, 91.45833333333333
112, 633.6905109193307, 99.27430694444443, 237.20833333333334, 30.51388888888889, 91.76388888888889
113, 633.4240914063449, 100.64699722222227, 238.91666666666666, 31.86111111111111, 92.38888888888889
114, 633.1576718933593, 100.84852777777778, 239.16666666666666, 32.05555555555556, 92.5
115, 632.8912523803735, 101.71767083333337, 240.51388888888889, 32.763888888888886, 92.94444444444444
116, 632.6248328673878, 101.38424444444443, 240.19444444444446, 32.458333333333336, 92.43055555555556
117, 632.3584133544022, 101.61337361111117, 241.68055555555554, 32.19444444444444, 91.90277777777777
118, 632.0919938414164, 101.83061111111108, 241.94444444444446, 32.416666666666664, 91.97222222222223
119, 631.8255743284308, 101.06518055555554, 241.66666666666666, 31.48611111111111, 90.77777777777777
120, 631.559154815445, 101.85775277777778, 242.47222222222223, 32.27777777777778, 91.54166666666667
121, 631.2927353024594, 101.6475708333333, 242.90277777777777, 31.90277777777778, 90.5
122, 631.0263157894736, 101.45436666666664, 242.72222222222223, 31.72222222222222, 90.20833333333333
123, 630.759896276488, 102.07615555555556, 244.41666666666666, 31.98611111111111, 89.86111111111111
124, 630.4934767635023, 102.30139583333337, 244.65277777777777, 32.236111111111114, 89.93055555555556
125, 630.2270572505166, 103.02007499999998, 246.47222222222223, 32.55555555555556, 89.81944444444444
126, 629.9606377375309, 102.51283194444443, 246.125, 32.013888888888886, 89.06944444444444
127, 629.6942182245452, 102.63751249999999, 247.09722222222223, 31.84722222222222, 88.47222222222223
128, 629.4277987115595, 103.16329166666665, 247.63888888888889, 32.388888888888886, 88.875
129, 629.1613791985737, 103.53414027777778, 248.73611111111111, 32.583333333333336, 88.25
130, 628.8949596855881, 102.9514013888889, 248.20833333333334, 31.98611111111111, 87.59722222222223
131, 628.6285401726024, 103.82028472222223, 249.51388888888889, 32.666666666666664, 88.29166666666667
132, 628.3621206596167, 103.62657361111111, 249.26388888888889, 32.65277777777778, 87.31944444444444
133, 628.095701146631, 104.40291944444445, 250.94444444444446, 33.125, 87.29166666666667
134, 627.8292816336453, 104.43894166666665, 251.13888888888889, 33.22222222222222, 86.59722222222223
135, 627.5628621206596, 104.46897222222216, 251.52777777777777, 33.18055555555556, 86.05555555555556
136, 627.296442607674, 104.30082916666662, 251.70833333333334, 32.875, 85.68055555555556
137, 627.0300230946882, 104.67992777777778, 252.25, 33.263888888888886, 85.58333333333333
138, 626.7636035817025, 105.41363194444442, 252.84722222222223, 34.06944444444444, 86.30555555555556
139, 626.4971840687168, 105.82588194444442, 253.26388888888889, 34.69444444444444, 85.61111111111111
140, 626.2307645557311, 105.81315277777776, 253.33333333333334, 34.68055555555556, 85.38888888888889
141, 625.9643450427454, 106.50317638888885, 254.06944444444446, 35.59722222222222, 84.79166666666667
142, 625.6979255297597, 106.72019999999996, 254.25, 35.875, 84.79166666666667
143, 625.431506016774, 107.2407013888889, 254.375, 36.81944444444444, 84.16666666666667
144, 625.1650865037883, 107.24201111111114, 254.61111111111111, 36.75, 83.91666666666667
145, 624.8986669908027, 107.64190694444441, 254.68055555555554, 37.44444444444444, 83.66666666666667
146, 624.6322474778169, 107.94268055555557, 254.86111111111111, 37.80555555555556, 83.97222222222223
147, 624.3658279648313, 108.22828611111106, 254.77777777777777, 38.375, 83.76388888888889
148, 624.0994084518455, 107.83032638888885, 254.79166666666666, 37.81944444444444, 83.09722222222223
149, 623.8329889388598, 108.2529930555556, 254.79166666666666, 38.65277777777778, 82.51388888888889
150, 623.5665694258741, 108.3883375, 254.81944444444446, 38.861111111111114, 82.55555555555556
151, 623.3001499128884, 109.01171527777782, 254.93055555555554, 39.861111111111114, 82.58333333333333
152, 623.0337303999028, 108.80190694444448, 254.81944444444446, 39.625, 82.25
153, 622.767310886917, 109.47625555555558, 254.80555555555554, 40.791666666666664, 82.19444444444444
154, 622.5008913739314, 108.9591944444445, 254.86111111111111, 40.041666666666664, 81.375
155, 622.2344718609456, 109.59736250000002, 254.84722222222223, 41.22222222222222, 80.93055555555556
156, 621.96805234796, 109.38710555555556, 254.77777777777777, 40.97222222222222, 80.55555555555556
157, 621.7016328349742, 109.49952500000002, 254.88888888888889, 41.34722222222222, 79.31944444444444
158, 621.4352133219886, 109.3446680555556, 254.84722222222223, 41.166666666666664, 79.0
159, 621.1687938090029, 109.73008333333337, 254.86111111111111, 41.986111111111114, 78.125
160, 620.9023742960171, 110.07260416666665, 254.93055555555554, 42.47222222222222, 78.44444444444444
161, 620.6359547830315, 110.70180833333342, 254.97222222222223, 43.638888888888886, 77.84722222222223
162, 620.3695352700457, 110.55358333333339, 254.86111111111111, 43.486111111111114, 77.625
163, 620.1031157570601, 110.95366805555562, 254.84722222222223, 44.166666666666664, 77.66666666666667
164, 619.8366962440743, 111.47324166666672, 254.94444444444446, 44.986111111111114, 77.75
165, 619.5702767310887, 112.24335000000002, 254.83333333333334, 46.416666666666664, 77.43055555555556
166, 619.303857218103, 112.61159583333334, 254.875, 47.041666666666664, 77.33333333333333
167, 619.0374377051173, 112.72869444444444, 254.86111111111111, 47.375, 76.68055555555556
168, 618.7710181921316, 112.73361805555554, 254.93055555555554, 47.375, 76.54166666666667
169, 618.5045986791458, 113.22955694444443, 254.98611111111111, 48.375, 75.59722222222223
170, 618.2381791661602, 112.97010694444441, 254.90277777777777, 48.083333333333336, 75.04166666666667
171, 617.9717596531744, 113.59561388888895, 254.83333333333334, 49.40277777777778, 73.91666666666667
172, 617.7053401401888, 113.67173055555564, 254.91666666666666, 49.52777777777778, 73.72222222222223
173, 617.4389206272031, 114.83640416666668, 254.98611111111111, 51.52777777777778, 73.45833333333333
174, 617.1725011142174, 114.77854583333334, 254.95833333333334, 51.5, 73.16666666666667
175, 616.9060816012317, 115.29137083333327, 254.90277777777777, 52.65277777777778, 71.875
176, 616.639662088246, 115.27795555555554, 254.88888888888889, 52.666666666666664, 71.72222222222223
177, 616.3732425752603, 115.95729027777776, 254.875, 53.84722222222222, 71.63888888888889
178, 616.1068230622747, 115.95510833333327, 254.88888888888889, 53.84722222222222, 71.58333333333333
179, 615.8404035492889, 116.57641249999996, 254.90277777777777, 54.94444444444444, 71.34722222222223
180, 615.5739840363033, 116.33782916666668, 254.90277777777777, 54.69444444444444, 70.54166666666667
181, 615.3075645233175, 116.88159027777778, 254.93055555555554, 55.736111111111114, 69.875
182, 615.0411450103318, 116.68302222222226, 254.91666666666666, 55.56944444444444, 69.02777777777777
183, 614.7747254973461, 117.21534861111111, 254.98611111111111, 56.416666666666664, 69.15277777777777
184, 614.5083059843604, 117.10846944444448, 254.88888888888889, 56.40277777777778, 68.54166666666667
185, 614.2418864713748, 117.63074305555564, 254.93055555555554, 57.333333333333336, 68.22222222222223
186, 613.975466958389, 117.46118750000008, 254.93055555555554, 57.138888888888886, 67.73611111111111
187, 613.7090474454034, 117.79967083333337, 254.81944444444446, 57.861111111111114, 67.27777777777777
188, 613.4426279324176, 117.89829861111113, 254.79166666666666, 58.09722222222222, 67.0
189, 613.176208419432, 119.26415555555552, 254.97222222222223, 60.291666666666664, 67.20833333333333
190, 612.9097889064462, 119.5862013888889, 254.93055555555554, 60.875, 67.13888888888889
191, 612.6433693934605, 120.56907222222225, 254.97222222222223, 62.541666666666664, 67.06944444444444
192, 612.3769498804749, 120.7262027777778, 254.91666666666666, 62.888888888888886, 66.80555555555556
193, 612.1105303674891, 121.45865277777779, 255.0, 64.18055555555556, 66.36111111111111
194, 611.8441108545035, 121.59368055555557, 255.0, 64.48611111111111, 65.97222222222223
195, 611.5776913415177, 121.99574027777777, 254.95833333333334, 65.30555555555556, 65.38888888888889
196, 611.3112718285321, 122.27691944444443, 254.97222222222223, 65.86111111111111, 64.95833333333333
197, 611.0448523155463, 122.68250833333337, 254.91666666666666, 66.66666666666667, 64.51388888888889
198, 610.7784328025607, 122.73659027777785, 254.93055555555554, 66.90277777777777, 63.736111111111114
199, 610.512013289575, 123.28608611111109, 254.97222222222223, 67.94444444444444, 63.083333333333336
200, 610.2455937765892, 123.44544444444448, 254.86111111111111, 68.375, 62.55555555555556
201, 609.9791742636036, 124.42119444444445, 255.0, 70.05555555555556, 62.09722222222222
202, 609.7127547506178, 124.15803611111116, 254.77777777777777, 70.125, 60.013888888888886
203, 609.4463352376322, 125.13897638888892, 254.68055555555554, 71.79166666666667, 60.291666666666664
204, 609.1799157246464, 126.12457361111122, 254.95833333333334, 73.47222222222223, 59.55555555555556
205, 608.9134962116608, 126.7289500000001, 254.94444444444446, 74.52777777777777, 59.458333333333336
206, 608.647076698675, 127.19121250000006, 254.95833333333334, 75.58333333333333, 58.041666666666664
207, 608.3806571856894, 127.99001805555551, 254.95833333333334, 77.02777777777777, 57.611111111111114
208, 608.1142376727037, 128.83250138888894, 254.98611111111111, 78.59722222222223, 56.84722222222222
209, 607.847818159718, 129.746723611111, 254.98611111111111, 80.125, 57.0
210, 607.5813986467323, 130.87475416666666, 254.95833333333334, 81.95833333333333, 57.52777777777778
211, 607.3149791337466, 131.24296527777773, 254.93055555555554, 82.77777777777777, 56.611111111111114
212, 607.0485596207609, 131.85693472222212, 254.95833333333334, 83.94444444444444, 55.916666666666664
213, 606.7821401077751, 132.7557388888889, 254.97222222222223, 85.625, 55.111111111111114
214, 606.5157205947895, 133.38858749999997, 254.95833333333334, 86.95833333333333, 53.833333333333336
215, 606.2493010818038, 134.24734722222226, 255.0, 88.40277777777777, 53.81944444444444
216, 605.9828815688181, 134.77508472222223, 254.98611111111111, 89.51388888888889, 52.763888888888886
217, 605.7164620558324, 135.68190277777776, 255.0, 91.01388888888889, 52.958333333333336
218, 605.4500425428467, 136.4114041666667, 254.98611111111111, 92.44444444444444, 52.02777777777778
219, 605.183623029861, 137.5860888888889, 254.94444444444446, 94.47222222222223, 52.0
220, 604.9172035168754, 138.48562916666663, 254.95833333333334, 95.91666666666667, 52.416666666666664
221, 604.6507840038896, 139.47701527777778, 254.98611111111111, 97.58333333333333, 52.458333333333336
222, 604.3843644909039, 140.05479166666663, 255.0, 98.54166666666667, 52.55555555555556
223, 604.1179449779182, 141.23377777777768, 255.0, 100.55555555555556, 52.52777777777778
224, 603.8515254649325, 142.01176388888885, 255.0, 101.98611111111111, 51.986111111111114
225, 603.5851059519468, 143.11140416666672, 254.98611111111111, 103.86111111111111, 52.013888888888886
226, 603.3186864389611, 143.69969444444442, 255.0, 104.97222222222223, 51.416666666666664
227, 603.0522669259755, 144.59951666666666, 254.97222222222223, 106.51388888888889, 51.44444444444444
228, 602.7858474129897, 144.89208333333326, 254.86111111111111, 107.23611111111111, 50.583333333333336
229, 602.5194279000041, 146.2838486111111, 254.98611111111111, 109.41666666666667, 51.236111111111114
230, 602.2530083870183, 147.0943763888888, 254.98611111111111, 110.80555555555556, 51.19444444444444
231, 601.9865888740327, 147.73153611111113, 254.91666666666666, 111.97222222222223, 50.958333333333336
232, 601.7201693610469, 148.5115083333333, 254.91666666666666, 113.33333333333333, 50.791666666666664
233, 601.4537498480612, 149.55769583333324, 254.98611111111111, 115.06944444444444, 50.84722222222222
234, 601.1873303350756, 150.73099305555553, 254.93055555555554, 117.16666666666667, 50.486111111111114
235, 600.9209108220898, 152.29826666666668, 254.97222222222223, 119.68055555555556, 51.18055555555556
236, 600.6544913091042, 153.12155972222212, 254.95833333333334, 121.31944444444444, 50.0
237, 600.3880717961184, 154.5038236111111, 254.95833333333334, 123.55555555555556, 50.611111111111114
238, 600.1216522831328, 155.28579444444438, 254.97222222222223, 125.06944444444444, 49.638888888888886
239, 599.855232770147, 156.18274999999997, 255.0, 126.58333333333333, 49.638888888888886
240, 599.5888132571614, 156.43725416666672, 254.95833333333334, 127.29166666666667, 48.333333333333336
241, 599.3223937441757, 157.48496111111123, 254.97222222222223, 129.06944444444446, 48.333333333333336
242, 599.05597423119, 157.6265180555556, 254.95833333333334, 129.44444444444446, 47.68055555555556
243, 598.7895547182043, 158.0182666666668, 254.97222222222223, 130.26388888888889, 46.861111111111114
244, 598.5231352052185, 158.5192708333333, 254.93055555555554, 131.22222222222223, 46.43055555555556
245, 598.2567156922329, 159.09889583333333, 254.93055555555554, 132.34722222222223, 45.72222222222222
246, 597.9902961792471, 159.64911666666663, 254.94444444444446, 133.36111111111111, 45.291666666666664
247, 597.7238766662615, 160.37160000000006, 254.97222222222223, 134.76388888888889, 44.333333333333336
248, 597.4574571532758, 160.84160000000006, 254.97222222222223, 135.68055555555554, 43.736111111111114
249, 597.1910376402901, 161.73461666666657, 254.94444444444446, 137.19444444444446, 43.84722222222222
250, 596.9246181273044, 162.03422638888884, 254.95833333333334, 137.90277777777777, 42.791666666666664
251, 596.6581986143187, 163.23343333333332, 254.97222222222223, 139.93055555555554, 42.833333333333336
252, 596.391779101333, 163.4999305555555, 255.0, 140.40277777777777, 42.666666666666664
253, 596.1253595883472, 164.42517777777775, 254.88888888888889, 142.11111111111111, 42.27777777777778
254, 595.8589400753616, 164.8487138888889, 254.94444444444446, 142.76388888888889, 42.486111111111114
255, 595.5925205623759, 166.13486666666662, 254.94444444444446, 145.02777777777777, 42.111111111111114
256, 595.3261010493902, 166.2058763888888, 254.98611111111111, 145.30555555555554, 41.19444444444444
257, 595.0596815364045, 167.36832083333343, 254.98611111111111, 147.27777777777777, 41.236111111111114
258, 594.7932620234188, 167.42122777777774, 254.94444444444446, 147.58333333333334, 40.236111111111114
259, 594.5268425104331, 168.18746250000007, 254.95833333333334, 148.91666666666666, 40.05555555555556
260, 594.2604229974474, 168.43185555555567, 254.91666666666666, 149.40277777777777, 39.80555555555556
261, 593.9940034844617, 169.09137916666668, 254.95833333333334, 150.58333333333334, 39.40277777777778
262, 593.7275839714761, 169.8860847222221, 254.98611111111111, 151.76388888888889, 40.22222222222222
263, 593.4611644584903, 170.66827916666682, 254.98611111111111, 153.06944444444446, 40.361111111111114
264, 593.1947449455047, 171.17997499999996, 254.97222222222223, 153.88888888888889, 40.666666666666664
265, 592.9283254325189, 171.94101666666657, 254.97222222222223, 155.34722222222223, 39.833333333333336
266, 592.6619059195332, 172.47790277777779, 255.0, 156.26388888888889, 39.75
267, 592.3954864065475, 173.29662916666666, 254.95833333333334, 157.75, 39.388888888888886
268, 592.1290668935618, 173.98392083333343, 254.95833333333334, 158.875, 39.625
269, 591.8626473805762, 174.97295833333334, 255.0, 160.625, 39.18055555555556
270, 591.5962278675904, 175.3490333333333, 254.94444444444446, 161.27777777777777, 39.263888888888886
271, 591.3298083546048, 176.28132361111102, 254.95833333333334, 162.97222222222223, 38.68055555555556
272, 591.063388841619, 177.01123888888873, 254.97222222222223, 164.125, 39.111111111111114
273, 590.7969693286334, 177.78471111111105, 254.97222222222223, 165.56944444444446, 38.458333333333336
274, 590.5305498156476, 178.66043194444435, 254.98611111111111, 166.91666666666666, 39.166666666666664
275, 590.2641303026619, 179.2585611111111, 254.94444444444446, 168.0, 38.94444444444444
276, 589.9977107896763, 180.04030694444444, 254.98611111111111, 169.29166666666666, 39.041666666666664
277, 589.7312912766905, 180.86346111111104, 254.97222222222223, 170.73611111111111, 38.861111111111114
278, 589.4648717637049, 180.6831277777777, 254.97222222222223, 170.65277777777777, 37.708333333333336
279, 589.1984522507191, 181.04897777777762, 254.94444444444446, 171.33333333333334, 37.486111111111114
280, 588.9320327377335, 181.7247083333332, 255.0, 172.29166666666666, 38.333333333333336
281, 588.6656132247477, 182.10886250000001, 254.98611111111111, 173.15277777777777, 37.30555555555556
282, 588.3991937117621, 182.16858611111113, 254.97222222222223, 173.27777777777777, 37.22222222222222
283, 588.1327741987764, 182.63940416666665, 254.98611111111111, 174.27777777777777, 36.166666666666664
284, 587.8663546857906, 182.8677680555557, 254.95833333333334, 174.69444444444446, 36.09722222222222
285, 587.599935172805, 183.82250138888892, 254.98611111111111, 176.34722222222223, 35.888888888888886
286, 587.3335156598193, 183.74806111111116, 254.94444444444446, 176.33333333333334, 35.416666666666664
287, 587.0670961468336, 184.02997777777793, 254.94444444444446, 177.08333333333334, 34.02777777777778
288, 586.8006766338478, 184.40994583333338, 254.98611111111111, 177.65277777777777, 34.31944444444444
289, 586.5342571208622, 185.11487916666658, 254.95833333333334, 179.0, 33.638888888888886
290, 586.2678376078765, 185.2103569444444, 254.90277777777777, 179.16666666666666, 33.763888888888886
291, 586.0014180948908, 185.8166805555556, 255.0, 180.15277777777777, 33.75
292, 585.7349985819051, 186.30051527777778, 254.98611111111111, 180.91666666666666, 34.09722222222222
293, 585.4685790689194, 186.62817499999994, 254.91666666666666, 181.66666666666666, 33.291666666666664
294, 585.2021595559337, 186.50054027777782, 254.875, 181.59722222222223, 32.638888888888886
295, 584.935740042948, 187.64791805555546, 254.98611111111111, 183.43055555555554, 32.97222222222222
296, 584.6693205299623, 187.5501541666666, 254.98611111111111, 183.36111111111111, 32.47222222222222
297, 584.4029010169766, 188.04290277777778, 255.0, 184.34722222222223, 31.680555555555557
298, 584.1364815039909, 187.9355291666666, 254.98611111111111, 184.23611111111111, 31.34722222222222
299, 583.8700619910052, 188.59765972222212, 254.93055555555554, 185.41666666666666, 31.22222222222222
300, 583.6036424780195, 188.52355972222216, 254.95833333333334, 185.31944444444446, 31.0
301, 583.3372229650338, 188.8326388888889, 254.86111111111111, 185.93055555555554, 30.819444444444443
302, 583.0708034520482, 188.8546166666666, 254.94444444444446, 185.94444444444446, 30.72222222222222
303, 582.8043839390624, 189.19586527777773, 254.95833333333334, 186.68055555555554, 29.88888888888889
304, 582.5379644260768, 189.07167361111112, 254.93055555555554, 186.56944444444446, 29.444444444444443
305, 582.271544913091, 189.32354166666667, 255.0, 187.125, 28.61111111111111
306, 582.0051254001053, 189.4244611111111, 254.97222222222223, 187.40277777777777, 28.13888888888889
307, 581.7387058871196, 189.6908777777777, 254.97222222222223, 187.98611111111111, 27.47222222222222
308, 581.4722863741339, 189.68599027777773, 254.95833333333334, 188.22222222222223, 26.25
309, 581.2058668611483, 190.39375138888894, 254.98611111111111, 189.59722222222223, 25.305555555555557
310, 580.9394473481625, 190.2468472222223, 255.0, 189.65277777777777, 23.694444444444443
311, 580.6730278351769, 190.74079305555549, 254.98611111111111, 190.63888888888889, 22.98611111111111
312, 580.4066083221911, 190.8930138888889, 255.0, 191.15277777777777, 21.63888888888889
313, 580.1401888092055, 190.99312777777783, 254.97222222222223, 191.56944444444446, 20.444444444444443
314, 579.8737692962197, 190.77662638888887, 254.98611111111111, 191.72222222222223, 17.72222222222222
315, 579.6073497832341, 191.33335277777775, 254.94444444444446, 192.79166666666666, 17.208333333333332
316, 579.3409302702484, 191.65204444444436, 254.97222222222223, 193.81944444444446, 14.63888888888889
317, 579.0745107572627, 191.47218194444437, 254.84722222222223, 193.81944444444446, 13.38888888888889
318, 578.808091244277, 191.72136249999994, 254.43055555555554, 194.84722222222223, 11.375
319, 578.5416717312912, 191.95657916666661, 253.93055555555554, 195.68055555555554, 10.458333333333334
320, 578.2752522183056, 191.84679444444444, 252.88888888888889, 196.36111111111111, 8.722222222222221
321, 578.0088327053198, 192.03527777777782, 252.5, 197.05555555555554, 7.819444444444445
322, 577.7424131923342, 191.77690972222223, 250.76388888888889, 197.66666666666666, 6.958333333333333
323, 577.4759936793484, 191.25181944444444, 249.44444444444446, 197.70833333333334, 5.597222222222222
324, 577.2095741663628, 190.6089569444445, 246.54166666666666, 198.26388888888889, 4.708333333333333
325, 576.9431546533771, 189.68309444444446, 242.94444444444446, 198.66666666666666, 3.9444444444444446
326, 576.6767351403914, 189.35302916666672, 239.84722222222223, 199.80555555555554, 3.3055555555555554
327, 576.4103156274057, 189.1121819444445, 238.73611111111111, 199.95833333333334, 3.3194444444444446
328, 576.1438961144199, 188.1408680555556, 235.06944444444446, 200.30555555555554, 2.625
329, 575.8774766014343, 188.42968888888885, 234.22222222222223, 201.08333333333334, 3.375
330, 575.6110570884485, 187.2608458333333, 230.29166666666666, 201.25, 2.5694444444444446
331, 575.3446375754629, 187.59975972222225, 229.625, 201.98611111111111, 3.5
332, 575.0782180624772, 186.52415277777786, 225.97222222222223, 202.19444444444446, 2.5694444444444446
333, 574.8117985494915, 186.15189444444454, 224.94444444444446, 202.0, 3.0
334, 574.5453790365058, 184.99442083333327, 221.34722222222223, 202.09722222222223, 1.7777777777777777
335, 574.2789595235201, 184.6228486111111, 220.40277777777777, 201.875, 2.138888888888889
336, 574.0125400105344, 184.23565416666662, 218.18055555555554, 202.43055555555554, 1.7083333333333333
337, 573.7461204975486, 184.2546472222223, 217.55555555555554, 202.70833333333334, 2.0833333333333335
338, 573.479700984563, 183.82677222222227, 215.05555555555554, 203.33333333333334, 1.6666666666666667
339, 573.2132814715774, 183.75508194444453, 214.31944444444446, 203.58333333333334, 1.6805555555555556
340, 572.9468619585916, 183.19762361111114, 212.65277777777777, 203.54166666666666, 1.375
341, 572.6804424456059, 182.53520277777778, 210.88888888888889, 203.31944444444446, 1.3333333333333333
342, 572.4140229326202, 182.36278611111106, 209.36111111111111, 203.83333333333334, 1.1805555555555556
343, 572.1476034196345, 182.51718749999998, 208.81944444444446, 204.27777777777777, 1.6666666666666667
344, 571.8811839066489, 182.15307499999994, 206.05555555555554, 205.09722222222223, 1.5
345, 571.6147643936631, 181.32494583333332, 204.43055555555554, 204.51388888888889, 1.5
346, 571.3483448806775, 180.4562624999999, 201.40277777777777, 204.69444444444446, 0.8888888888888888
347, 571.0819253676917, 181.01256944444444, 201.52777777777777, 205.41666666666666, 1.7222222222222223
348, 570.8155058547061, 180.16779027777775, 198.90277777777777, 205.41666666666666, 1.1944444444444444
349, 570.5490863417203, 179.98206111111102, 197.86111111111111, 205.54166666666666, 1.6527777777777777
350, 570.2826668287346, 179.73307361111105, 195.23611111111111, 206.5, 1.4166666666666667
351, 570.016247315749, 179.11411527777778, 194.40277777777777, 205.79166666666666, 1.8194444444444444
352, 569.7498278027632, 178.51220694444447, 191.54166666666666, 206.34722222222223, 1.1805555555555556
353, 569.4834082897776, 178.17471527777775, 190.20833333333334, 206.30555555555554, 1.9305555555555556
354, 569.2169887767918, 177.1169541666667, 186.84722222222223, 206.34722222222223, 1.25
355, 568.9505692638062, 176.13845694444447, 185.01388888888889, 205.61111111111111, 1.2638888888888888
356, 568.6841497508204, 175.11191666666662, 181.94444444444446, 205.52777777777777, 0.7361111111111112
357, 568.4177302378348, 174.89388194444442, 179.93055555555554, 205.94444444444446, 1.9583333333333333
358, 568.151310724849, 173.17837500000007, 175.83333333333334, 205.29166666666666, 1.0138888888888888
359, 567.8848912118633, 171.95787638888885, 173.18055555555554, 204.54166666666666, 1.125
360, 567.6184716988777, 171.6722527777778, 170.52777777777777, 205.41666666666666, 1.0694444444444444
361, 567.3520521858919, 170.56770416666666, 167.125, 205.20833333333334, 1.375
362, 567.0856326729063, 169.87916666666658, 163.75, 205.79166666666666, 1.1805555555555556
363, 566.8192131599205, 168.61396250000007, 160.79166666666666, 205.08333333333334, 1.4861111111111112
364, 566.5527936469349, 167.42853194444444, 156.90277777777777, 205.125, 1.0694444444444444
365, 566.2863741339492, 166.1033513888889, 154.54166666666666, 203.98611111111111, 1.5
366, 566.0199546209635, 165.20053333333334, 151.19444444444446, 204.23611111111111, 1.0694444444444444
367, 565.7535351079778, 164.18594722222227, 148.86111111111111, 203.55555555555554, 1.7916666666666667
368, 565.4871155949921, 162.8789097222222, 144.93055555555554, 203.41666666666666, 1.3472222222222223
369, 565.2206960820064, 161.66062916666675, 141.90277777777777, 202.77777777777777, 1.8888888888888888
370, 564.9542765690207, 160.1947152777778, 138.40277777777777, 202.20833333333334, 1.1388888888888888
371, 564.687857056035, 159.52293750000004, 136.59722222222223, 201.88888888888889, 1.625
372, 564.4214375430493, 158.29717916666664, 133.625, 201.41666666666666, 1.0972222222222223
373, 564.1550180300636, 157.5241180555555, 131.73611111111111, 200.88888888888889, 1.9861111111111112
374, 563.8885985170779, 155.9265597222223, 128.01388888888889, 200.20833333333334, 1.2361111111111112
375, 563.6221790040922, 154.93027361111115, 126.43055555555556, 199.15277777777777, 2.0833333333333335
376, 563.3557594911065, 153.55517638888878, 123.09722222222223, 198.66666666666666, 1.2638888888888888
377, 563.0893399781208, 152.16337916666663, 120.65277777777777, 197.40277777777777, 1.9722222222222223
378, 562.8229204651351, 150.1968680555556, 116.45833333333333, 196.36111111111111, 1.0833333333333333
379, 562.5565009521495, 148.58424722222227, 114.33333333333333, 194.65277777777777, 1.3055555555555556
380, 562.2900814391637, 146.9060833333334, 111.25, 193.45833333333334, 0.8194444444444444
381, 562.023661926178, 145.57373333333328, 108.77777777777777, 192.36111111111111, 1.2638888888888888
382, 561.7572424131923, 144.66035694444443, 107.125, 191.72222222222223, 0.875
383, 561.4908229002066, 144.0052888888889, 105.44444444444444, 191.30555555555554, 1.6805555555555556
384, 561.224403387221, 142.96876944444446, 103.83333333333333, 190.51388888888889, 0.8888888888888888
385, 560.9579838742352, 141.58867916666665, 101.54166666666667, 189.20833333333334, 1.5138888888888888
386, 560.6915643612496, 140.99424583333337, 100.45833333333333, 188.75, 1.5
387, 560.4251448482638, 140.33112083333333, 99.06944444444444, 188.31944444444446, 1.5416666666666667
388, 560.1587253352782, 139.70265972222225, 97.98611111111111, 187.72222222222223, 1.9444444444444444
389, 559.8923058222924, 140.35088611111112, 98.08333333333333, 188.47222222222223, 3.513888888888889
390, 559.6258863093067, 137.83237777777777, 95.11111111111111, 186.0, 1.9444444444444444
391, 559.359466796321, 134.8412333333334, 91.27777777777777, 182.69444444444446, 2.7777777777777777
392, 559.0930472833353, 133.25046388888893, 89.25, 181.02777777777777, 2.7222222222222223
393, 558.8266277703497, 134.12422500000002, 89.13888888888889, 182.22222222222223, 4.527777777777778
394, 558.5602082573639, 133.65046111111107, 88.30555555555556, 181.48611111111111, 6.347222222222222
395, 558.2937887443783, 133.19890416666667, 86.93055555555556, 181.05555555555554, 8.208333333333334
396, 558.0273692313925, 132.38080555555555, 85.97222222222223, 179.95833333333334, 9.194444444444445
397, 557.7609497184069, 132.00320138888887, 84.79166666666667, 179.52777777777777, 11.194444444444445
398, 557.4945302054211, 131.09527777777768, 83.75, 178.43055555555554, 11.61111111111111
399, 557.2281106924355, 130.6688375, 82.59722222222223, 177.80555555555554, 14.11111111111111
400, 556.9616911794498, 127.95328472222218, 79.51388888888889, 174.91666666666666, 13.25
401, 556.6952716664641, 130.00068472222222, 80.79166666666667, 176.86111111111111, 17.84722222222222
402, 556.4288521534784, 131.64789166666665, 82.05555555555556, 178.51388888888889, 20.47222222222222
403, 556.1624326404926, 129.33204999999998, 79.08333333333333, 176.04166666666666, 20.680555555555557
404, 555.896013127507, 127.08944583333336, 76.09722222222223, 173.93055555555554, 19.708333333333332
405, 555.6295936145212, 125.98928472222224, 74.375, 172.65277777777777, 21.15277777777778
406, 555.3631741015356, 123.89711249999999, 71.65277777777777, 170.65277777777777, 20.23611111111111
407, 555.0967545885499, 123.00159027777778, 70.625, 169.38888888888889, 21.583333333333332
408, 554.8303350755642, 123.3104652777778, 70.90277777777777, 169.54166666666666, 22.77777777777778
409, 554.5639155625785, 122.55538055555556, 69.66666666666667, 168.65277777777777, 23.97222222222222
410, 554.2974960495928, 122.46836388888889, 69.55555555555556, 168.375, 24.930555555555557
411, 554.0310765366071, 121.88443472222222, 67.73611111111111, 167.97222222222223, 26.65277777777778
412, 553.7646570236213, 121.55061527777775, 67.31944444444444, 167.58333333333334, 26.819444444444443
413, 553.4982375106357, 120.27606527777773, 65.31944444444444, 166.33333333333334, 27.319444444444443
414, 553.23181799765, 118.54812361111112, 63.486111111111114, 164.54166666666666, 26.194444444444443
415, 552.9653984846643, 118.78758611111107, 62.888888888888886, 164.81944444444446, 28.430555555555557
416, 552.6989789716786, 117.05232083333334, 61.09722222222222, 162.88888888888889, 27.84722222222222
417, 552.4325594586929, 116.00253194444443, 59.263888888888886, 161.77777777777777, 29.166666666666668
418, 552.1661399457072, 115.16946527777776, 58.40277777777778, 160.79166666666666, 29.194444444444443
419, 551.8997204327216, 114.34543333333333, 57.19444444444444, 159.73611111111111, 30.569444444444443
420, 551.6333009197358, 113.30696111111115, 56.083333333333336, 158.51388888888889, 30.666666666666668
421, 551.36688140675, 112.10663750000003, 54.041666666666664, 157.33333333333334, 31.569444444444443
422, 551.1004618937644, 111.6792611111111, 53.5, 156.80555555555554, 31.958333333333332
423, 550.8340423807788, 111.39774861111113, 53.06944444444444, 156.29166666666666, 33.263888888888886
424, 550.567622867793, 111.37084861111109, 53.041666666666664, 156.22222222222223, 33.458333333333336
425, 550.3012033548073, 111.4423361111111, 52.75, 156.05555555555554, 35.708333333333336
426, 550.0347838418216, 111.28376944444447, 52.583333333333336, 155.80555555555554, 36.041666666666664
427, 549.7683643288359, 111.76565694444443, 52.59722222222222, 156.15277777777777, 38.44444444444444
428, 549.5019448158503, 110.9972611111111, 51.833333333333336, 155.30555555555554, 38.06944444444444
429, 549.2355253028645, 110.78351111111114, 51.0, 155.05555555555554, 39.666666666666664
430, 548.9691057898789, 110.06114166666663, 50.25, 154.25, 39.44444444444444
431, 548.7026862768931, 109.75125277777775, 49.55555555555556, 153.81944444444446, 40.763888888888886
432, 548.4362667639075, 110.18030833333334, 49.97222222222222, 154.22222222222223, 41.361111111111114
433, 548.1698472509217, 109.82184166666666, 49.22222222222222, 153.68055555555554, 42.97222222222222
434, 547.903427737936, 109.68506249999997, 49.09722222222222, 153.51388888888889, 42.958333333333336
435, 547.6370082249504, 109.33346666666667, 48.52777777777778, 152.90277777777777, 44.513888888888886
436, 547.3705887119646, 109.48958472222222, 48.59722222222222, 153.04166666666666, 44.986111111111114
437, 547.104169198979, 109.70778749999998, 48.236111111111114, 153.31944444444446, 46.416666666666664
438, 546.8377496859932, 108.52824722222223, 46.97222222222222, 152.16666666666666, 45.31944444444444
439, 546.5713301730076, 108.37793611111111, 46.19444444444444, 152.25, 45.611111111111114
440, 546.3049106600218, 108.83992499999997, 46.583333333333336, 152.75, 46.06944444444444
441, 546.0384911470362, 108.8938263888889, 45.486111111111114, 153.13888888888889, 47.416666666666664
442, 545.7720716340505, 108.26482222222216, 44.69444444444444, 152.59722222222223, 46.763888888888886
443, 545.5056521210647, 109.00218333333332, 44.416666666666664, 153.54166666666666, 49.09722222222222
444, 545.2392326080791, 107.36927638888888, 42.513888888888886, 152.04166666666666, 47.486111111111114
445, 544.9728130950933, 108.46242777777773, 42.666666666666664, 153.30555555555554, 50.166666666666664
446, 544.7063935821077, 109.44694027777776, 43.375, 154.43055555555554, 51.15277777777778
447, 544.439974069122, 109.58825416666664, 42.31944444444444, 154.94444444444446, 52.513888888888886
448, 544.1735545561363, 108.66232638888889, 41.18055555555556, 154.125, 51.59722222222222
449, 543.9071350431506, 107.75546805555558, 39.06944444444444, 153.63888888888889, 51.68055555555556
450, 543.6407155301649, 107.31847083333335, 38.486111111111114, 153.27777777777777, 51.236111111111114
451, 543.3742960171792, 108.96955416666663, 39.31944444444444, 155.27777777777777, 53.236111111111114
452, 543.1078765041935, 108.32160694444441, 37.958333333333336, 154.97222222222223, 52.69444444444444
453, 542.8414569912078, 107.4999736111111, 36.513888888888886, 154.11111111111111, 53.708333333333336
454, 542.5750374782222, 107.4166819444444, 35.263888888888886, 154.61111111111111, 53.68055555555556
455, 542.3086179652364, 107.69259999999998, 34.416666666666664, 155.375, 54.388888888888886
456, 542.0421984522507, 107.8591513888889, 32.93055555555556, 156.375, 54.59722222222222
457, 541.775778939265, 107.24359166666666, 31.72222222222222, 155.84722222222223, 55.083333333333336
458, 541.5093594262793, 107.29861111111111, 29.583333333333332, 157.01388888888889, 55.166666666666664
459, 541.2429399132936, 108.64120694444445, 30.430555555555557, 158.31944444444446, 58.0
460, 540.9765204003079, 108.90573888888888, 28.72222222222222, 159.58333333333334, 58.291666666666664
461, 540.7101008873223, 108.3309847222222, 27.65277777777778, 159.01388888888889, 58.986111111111114
462, 540.4436813743365, 106.92539861111116, 24.069444444444443, 158.70833333333334, 57.625
463, 540.1772618613509, 106.60194166666666, 23.083333333333332, 158.41666666666666, 58.875
464, 539.9108423483651, 107.88013194444444, 22.15277777777778, 160.83333333333334, 60.083333333333336
465, 539.6444228353794, 108.08519722222223, 21.36111111111111, 161.38888888888889, 61.09722222222222
466, 539.3780033223937, 108.01206111111111, 18.97222222222222, 162.48611111111111, 61.06944444444444
467, 539.111583809408, 108.34868888888892, 18.805555555555557, 162.95833333333334, 62.02777777777778
468, 538.8451642964224, 107.9769791666667, 16.319444444444443, 163.56944444444446, 62.138888888888886
469, 538.5787447834366, 108.1443930555555, 15.375, 163.94444444444446, 64.15277777777777
470, 538.312325270451, 106.7750263888889, 11.680555555555555, 163.625, 63.47222222222222
471, 538.0459057574652, 107.1642263888889, 11.48611111111111, 164.13888888888889, 64.75
472, 537.7794862444796, 107.91492777777778, 10.027777777777779, 166.04166666666666, 65.36111111111111
473, 537.5130667314938, 107.60792361111109, 8.819444444444445, 165.875, 66.69444444444444
474, 537.2466472185081, 107.54435138888886, 6.486111111111111, 166.93055555555554, 66.81944444444444
475, 536.9802277055225, 107.80169027777781, 6.291666666666667, 167.13888888888889, 68.51388888888889
476, 536.7138081925368, 107.21427361111108, 4.486111111111111, 167.125, 68.16666666666667
477, 536.4473886795511, 107.93714861111111, 4.208333333333333, 168.05555555555554, 70.44444444444444
478, 536.1809691665653, 107.18782222222222, 3.4444444444444446, 167.30555555555554, 69.73611111111111
479, 535.9145496535797, 107.10055972222221, 2.4583333333333335, 167.40277777777777, 71.05555555555556
480, 535.6481301405939, 106.90642916666663, 1.8194444444444444, 167.40277777777777, 71.02777777777777
481, 535.3817106276083, 108.97947500000004, 2.611111111111111, 169.90277777777777, 74.26388888888889
482, 535.1152911146226, 108.96900833333333, 2.138888888888889, 170.13888888888889, 74.19444444444444
483, 534.8488716016368, 109.20206944444443, 1.5277777777777777, 170.75, 74.69444444444444
484, 534.5824520886512, 109.39013472222227, 1.4305555555555556, 171.04166666666666, 75.09722222222223
485, 534.3160325756655, 109.74064166666666, 1.6388888888888888, 171.13888888888889, 77.125
486, 534.0496130626798, 109.30081944444446, 1.25, 170.63888888888889, 76.86111111111111
487, 533.783193549694, 110.19144861111108, 1.4861111111111112, 171.75, 78.33333333333333
488, 533.5167740367084, 111.04023055555557, 2.138888888888889, 172.66666666666666, 79.34722222222223
489, 533.2503545237226, 111.54140277777775, 1.8055555555555556, 173.36111111111111, 81.04166666666667
490, 532.983935010737, 111.26658472222218, 1.6527777777777777, 173.01388888888889, 80.81944444444444
491, 532.7175154977513, 112.25161527777777, 1.9027777777777777, 174.125, 83.08333333333333
492, 532.4510959847656, 112.61454861111109, 2.1527777777777777, 174.5, 83.68055555555556
493, 532.1846764717799, 112.83685694444448, 1.8472222222222223, 174.69444444444446, 85.43055555555556
494, 531.9182569587942, 113.03307916666667, 2.125, 174.83333333333334, 85.70833333333333
495, 531.6518374458085, 113.22596111111113, 1.3611111111111112, 175.20833333333334, 87.47222222222223
496, 531.3854179328227, 113.87723611111113, 1.6666666666666667, 176.01388888888889, 88.23611111111111
497, 531.1189984198371, 114.73958472222223, 1.5138888888888888, 177.08333333333334, 90.69444444444444
498, 530.8525789068515, 115.47502083333332, 2.013888888888889, 177.93055555555554, 91.47222222222223
499, 530.5861593938657, 115.62295555555556, 1.4166666666666667, 178.31944444444446, 92.33333333333333
500, 530.31973988088, 115.58781527777779, 1.2916666666666667, 178.26388888888889, 92.63888888888889
501, 530.0533203678943, 116.4189680555555, 1.5694444444444444, 179.05555555555554, 95.125
502, 529.7869008549086, 115.79120277777777, 0.8888888888888888, 178.40277777777777, 94.76388888888889
503, 529.520481341923, 116.8376958333333, 1.6527777777777777, 179.40277777777777, 96.79166666666667
504, 529.2540618289372, 117.17852638888887, 1.9583333333333333, 179.73611111111111, 97.26388888888889
505, 528.9876423159515, 116.90995972222218, 1.2361111111111112, 179.43055555555554, 98.375
506, 528.7212228029658, 117.15922777777772, 1.6111111111111112, 179.58333333333334, 98.79166666666667
507, 528.4548032899802, 118.4467013888889, 2.013888888888889, 181.08333333333334, 101.30555555555556
508, 528.1883837769944, 118.15996388888887, 1.75, 180.77777777777777, 101.05555555555556
509, 527.9219642640087, 118.03547361111113, 1.375, 180.51388888888889, 102.30555555555556
510, 527.6555447510231, 118.07116666666664, 1.5277777777777777, 180.48611111111111, 102.36111111111111
511, 527.3891252380373, 118.63252916666673, 1.2361111111111112, 181.19444444444446, 104.40277777777777
512, 527.1227057250517, 119.01707777777781, 1.5833333333333333, 181.59722222222223, 104.79166666666667
513, 526.8562862120659, 118.94422361111113, 1.375, 181.34722222222223, 105.98611111111111
514, 526.5898666990803, 118.76897361111112, 1.375, 181.09722222222223, 105.73611111111111
515, 526.3234471860945, 119.15280416666666, 1.4027777777777777, 181.48611111111111, 107.02777777777777
516, 526.0570276731089, 118.85840416666666, 1.2361111111111112, 181.06944444444446, 107.02777777777777
517, 525.7906081601232, 119.66188333333331, 1.3055555555555556, 181.84722222222223, 109.88888888888889
518, 525.5241886471374, 119.41873194444446, 1.1527777777777777, 181.5, 109.94444444444444
519, 525.2577691341518, 120.13949722222226, 1.6944444444444444, 182.05555555555554, 111.98611111111111
520, 524.991349621166, 120.12158472222228, 1.6527777777777777, 182.01388888888889, 112.15277777777777
521, 524.7249301081804, 120.25527777777779, 1.3888888888888888, 181.94444444444446, 114.375
522, 524.4585105951946, 120.49074444444442, 1.7222222222222223, 182.11111111111111, 114.70833333333333
523, 524.192091082209, 121.0487888888889, 1.8333333333333333, 182.52777777777777, 117.16666666666667
524, 523.9256715692233, 121.47392916666666, 2.236111111111111, 182.94444444444446, 117.69444444444444
525, 523.6592520562376, 120.91256805555561, 1.2638888888888888, 182.29166666666666, 118.68055555555556
526, 523.3928325432519, 120.20635694444451, 0.7361111111111112, 181.41666666666666, 118.375
527, 523.1264130302661, 121.2781708333333, 1.4861111111111112, 182.19444444444446, 121.80555555555556
528, 522.8599935172805, 120.92791944444444, 1.0833333333333333, 181.80555555555554, 121.79166666666667
529, 522.5935740042949, 121.33685555555553, 1.4444444444444444, 181.72222222222223, 124.86111111111111
530, 522.3271544913091, 121.69373055555558, 1.5833333333333333, 182.11111111111111, 125.625
531, 522.0607349783234, 123.7607861111111, 3.25, 184.05555555555554, 129.375
532, 521.7943154653377, 122.72587500000002, 2.361111111111111, 182.86111111111111, 128.77777777777777
533, 521.527895952352, 121.92059444444446, 1.5555555555555556, 181.69444444444446, 129.83333333333334
534, 521.2614764393663, 120.95341388888886, 1.0, 180.48611111111111, 129.02777777777777
535, 520.9950569263806, 121.19429999999998, 1.0277777777777777, 180.56944444444446, 130.63888888888889
536, 520.7286374133948, 121.13624444444443, 0.8888888888888888, 180.52777777777777, 130.70833333333334
537, 520.4622179004092, 122.07864861111109, 1.4305555555555556, 181.36111111111111, 133.26388888888889
538, 520.1957983874236, 122.07537361111112, 1.5416666666666667, 181.26388888888889, 133.44444444444446
539, 519.9293788744378, 122.23185972222225, 1.6805555555555556, 181.04166666666666, 135.59722222222223
540, 519.6629593614521, 121.77254166666665, 1.25, 180.5, 135.48611111111111
541, 519.3965398484664, 122.29215555555551, 1.5, 180.77777777777777, 137.95833333333334
542, 519.1301203354807, 122.39129166666663, 1.6666666666666667, 180.79166666666666, 138.31944444444446
543, 518.863700822495, 122.68753194444444, 1.7638888888888888, 180.86111111111111, 140.30555555555554
544, 518.5972813095093, 122.64924861111113, 1.6805555555555556, 180.81944444444446, 140.40277777777777
545, 518.3308617965237, 122.55519166666666, 1.6944444444444444, 180.44444444444446, 141.47222222222223
546, 518.0644422835379, 121.80111805555559, 1.1805555555555556, 179.58333333333334, 140.63888888888889
547, 517.7980227705523, 122.28137361111112, 1.4027777777777777, 180.08333333333334, 141.69444444444446
548, 517.5316032575665, 122.15741111111113, 1.3055555555555556, 179.90277777777777, 141.79166666666666
549, 517.2651837445808, 122.18469722222224, 1.5, 179.48611111111111, 143.66666666666666
550, 516.9987642315951, 122.00501250000002, 1.4027777777777777, 179.19444444444446, 143.84722222222223
551, 516.7323447186095, 121.98285555555555, 1.3055555555555556, 179.04166666666666, 144.69444444444446
552, 516.4659252056238, 121.79491250000001, 1.0138888888888888, 178.88888888888889, 144.59722222222223
553, 516.199505692638, 122.36087638888893, 1.375, 179.19444444444446, 147.04166666666666
554, 515.9330861796524, 122.39134583333339, 1.4027777777777777, 179.19444444444446, 147.23611111111111
555, 515.6666666666666, 122.34179583333334, 1.4861111111111112, 178.81944444444446, 148.51388888888889
556, 515.400247153681, 122.15490138888893, 1.2638888888888888, 178.625, 148.45833333333334
557, 515.1338276406952, 122.44194305555548, 1.5416666666666667, 178.61111111111111, 150.31944444444446
558, 514.8674081277095, 122.17429305555554, 1.375, 178.27777777777777, 150.125
559, 514.6009886147239, 121.7913986111111, 1.2916666666666667, 177.43055555555554, 151.34722222222223
560, 514.3345691017382, 121.72856944444445, 1.1111111111111112, 177.375, 151.55555555555554
561, 514.0681495887525, 122.18894583333336, 1.0972222222222223, 177.59722222222223, 154.48611111111111
562, 513.8017300757667, 122.2291527777778, 1.25, 177.55555555555554, 154.65277777777777
563, 513.5353105627811, 123.13554861111109, 1.7361111111111112, 178.45833333333334, 156.68055555555554
564, 513.2688910497953, 123.0422291666667, 1.7361111111111112, 178.27777777777777, 156.79166666666666
565, 513.0024715368097, 122.5826138888889, 1.6388888888888888, 177.16666666666666, 158.73611111111111
566, 512.736052023824, 122.20217083333334, 1.3472222222222223, 176.68055555555554, 158.66666666666666
567, 512.4696325108383, 122.40072777777777, 1.4722222222222223, 176.56944444444446, 160.65277777777777
568, 512.2032129978526, 121.62807916666664, 0.875, 175.70833333333334, 159.875
569, 511.9367934848669, 122.21113055555553, 1.1944444444444444, 175.88888888888889, 163.22222222222223
570, 511.6703739718812, 122.24348194444448, 1.1527777777777777, 175.91666666666666, 163.47222222222223
571, 511.4039544588955, 122.89304722222225, 1.6111111111111112, 176.26388888888889, 166.18055555555554
572, 511.1375349459098, 121.88589583333334, 0.9027777777777778, 175.11111111111111, 165.13888888888889
573, 510.87111543292406, 122.20774722222225, 1.1388888888888888, 175.08333333333334, 167.48611111111111
574, 510.6046959199384, 122.21994305555556, 1.2638888888888888, 175.0, 167.69444444444446
575, 510.3382764069527, 122.2505166666667, 1.5, 174.41666666666666, 170.34722222222223
576, 510.07185689396704, 121.73952500000001, 1.1388888888888888, 173.80555555555554, 169.95833333333334
577, 509.8054373809813, 122.06941944444439, 1.3611111111111112, 173.75, 172.55555555555554
578, 509.5390178679956, 121.54847916666664, 1.0416666666666667, 173.125, 172.04166666666666
579, 509.2725983550099, 121.80032638888893, 1.4583333333333333, 173.06944444444446, 173.44444444444446
580, 509.0061788420242, 121.82441666666665, 1.5277777777777777, 172.98611111111111, 173.90277777777777
581, 508.7397593290385, 122.19500138888884, 1.375, 173.06944444444446, 177.125
582, 508.4733398160528, 122.29342916666663, 1.5416666666666667, 173.04166666666666, 177.69444444444446
583, 508.20692030306714, 122.39279027777775, 1.8194444444444444, 172.79166666666666, 179.125
584, 507.9405007900814, 121.63098749999997, 1.0972222222222223, 171.97222222222223, 178.55555555555554
585, 507.67408127709575, 122.25491527777778, 1.6805555555555556, 172.15277777777777, 181.56944444444446
586, 507.40766176411, 121.96477638888892, 1.5416666666666667, 171.77777777777777, 181.31944444444446
587, 507.14124225112437, 121.58883333333331, 1.6666666666666667, 170.75, 182.98611111111111
588, 506.8748227381386, 120.76309166666664, 0.8888888888888888, 169.84722222222223, 182.43055555555554
589, 506.6084032251529, 120.96937777777777, 1.2222222222222223, 169.69444444444446, 184.15277777777777
590, 506.34198371216723, 121.03712222222222, 1.2777777777777777, 169.72222222222223, 184.45833333333334
591, 506.07556419918154, 120.91583750000002, 1.3472222222222223, 169.09722222222223, 186.43055555555554
592, 505.80914468619585, 120.86666250000002, 1.4305555555555556, 168.93055555555554, 186.63888888888889
593, 505.54272517321016, 120.37077916666665, 1.2361111111111112, 167.86111111111111, 188.30555555555554
594, 505.27630566022447, 120.22011388888887, 1.2222222222222223, 167.625, 188.23611111111111
595, 505.0098861472387, 120.35356111111108, 1.6111111111111112, 167.33333333333334, 189.88888888888889
596, 504.7434666342531, 119.88551388888888, 1.1111111111111112, 166.84722222222223, 189.59722222222223
597, 504.47704712126733, 120.49777500000002, 1.5555555555555556, 167.01388888888889, 192.94444444444446
598, 504.2106276082817, 120.38870694444446, 1.4027777777777777, 166.91666666666666, 192.88888888888889
599, 503.94420809529595, 119.97507083333335, 1.6527777777777777, 165.94444444444446, 193.61111111111111
600, 503.67778858231026, 119.19564027777778, 1.0972222222222223, 165.06944444444446, 192.73611111111111
601, 503.41136906932456, 119.03331805555555, 1.4027777777777777, 164.30555555555554, 194.44444444444446
602, 503.1449495563389, 118.31703055555555, 0.8055555555555556, 163.5, 193.875
603, 502.8785300433532, 118.63295416666662, 1.2916666666666667, 163.29166666666666, 196.44444444444446
604, 502.6121105303675, 117.95537499999995, 0.6944444444444444, 162.52777777777777, 196.0
605, 502.3456910173818, 119.17025555555557, 1.6111111111111112, 163.38888888888889, 199.81944444444446
606, 502.07927150439605, 118.16295277777779, 0.75, 162.30555555555554, 198.81944444444446
607, 501.8128519914104, 118.91110555555555, 1.7222222222222223, 162.58333333333334, 201.40277777777777
608, 501.54643247842466, 118.09052361111107, 1.0138888888888888, 161.69444444444446, 200.63888888888889
609, 501.280012965439, 118.03343888888882, 1.3055555555555556, 161.125, 202.30555555555554
610, 501.0135934524533, 117.41271805555549, 0.875, 160.40277777777777, 201.70833333333334
611, 500.7471739394676, 117.51464861111107, 1.2916666666666667, 160.09722222222223, 203.08333333333334
612, 500.4807544264819, 117.00810833333331, 1.0, 159.45833333333334, 202.69444444444446
613, 500.2143349134962, 116.76996527777786, 1.4583333333333333, 158.34722222222223, 205.125
614, 499.9479154005105, 115.9454708333334, 0.9861111111111112, 157.36111111111111, 204.20833333333334
615, 499.68149588752476, 116.3531583333334, 1.3333333333333333, 157.54166666666666, 205.94444444444446
616, 499.4150763745391, 115.6685222222223, 0.8888888888888888, 156.75, 205.18055555555554
617, 499.1486568615534, 115.80093611111114, 1.0555555555555556, 156.48611111111111, 207.26388888888889
618, 498.88223734856774, 115.87677083333334, 1.1805555555555556, 156.51388888888889, 207.45833333333334
619, 498.615817835582, 115.94115833333333, 1.8888888888888888, 155.76388888888889, 210.02777777777777
620, 498.34939832259636, 115.16305138888886, 1.2916666666666667, 154.86111111111111, 209.41666666666666
621, 498.0829788096106, 114.39932777777774, 1.4444444444444444, 153.16666666666666, 211.04166666666666
622, 497.8165592966249, 113.54423055555554, 0.8888888888888888, 152.125, 210.36111111111111
623, 497.5501397836392, 112.78406111111111, 1.1944444444444444, 150.375, 211.90277777777777
624, 497.28372027065353, 112.41992499999998, 1.0277777777777777, 149.86111111111111, 211.79166666666666
625, 497.01730075766784, 112.35909722222227, 1.8055555555555556, 149.0, 213.65277777777777
626, 496.7508812446821, 111.48099722222219, 1.1388888888888888, 148.0, 212.84722222222223
627, 496.48446173169646, 111.11447777777781, 1.6111111111111112, 146.91666666666666, 213.97222222222223
628, 496.2180422187107, 110.5837083333334, 1.25, 146.16666666666666, 214.125
629, 495.9516227057251, 109.83273888888887, 1.5, 144.44444444444446, 215.75
630, 495.6852031927393, 109.33081527777773, 1.1527777777777777, 143.75, 215.83333333333334
631, 495.41878367975363, 109.33687916666668, 1.3472222222222223, 143.38888888888889, 217.23611111111111
632, 495.15236416676794, 108.78619444444445, 0.9722222222222222, 142.73611111111111, 216.75
633, 494.88594465378225, 108.53457638888888, 1.1805555555555556, 141.875, 218.43055555555554
634, 494.61952514079655, 108.28858194444442, 1.125, 141.51388888888889, 218.27777777777777
635, 494.35310562781086, 107.95738472222217, 1.5694444444444444, 140.38888888888889, 220.0
636, 494.08668611482517, 107.01248055555553, 1.0277777777777777, 139.22222222222223, 219.13888888888889
637, 493.8202666018394, 106.32785138888886, 1.3472222222222223, 137.66666666666666, 220.30555555555554
638, 493.5538470888538, 105.08422916666656, 0.625, 136.16666666666666, 219.01388888888889
639, 493.28742757586804, 105.06091111111108, 1.3055555555555556, 135.40277777777777, 220.95833333333334
640, 493.0210080628824, 104.2380625, 0.7638888888888888, 134.43055555555554, 220.16666666666666
641, 492.75458854989665, 104.92884861111112, 1.9305555555555556, 134.52777777777777, 222.66666666666666
642, 492.48816903691096, 104.20473055555557, 1.3055555555555556, 133.75, 221.95833333333334
643, 492.22174952392527, 104.00295694444442, 1.5416666666666667, 133.09722222222223, 222.93055555555554
644, 491.9553300109396, 103.06830138888894, 1.0138888888888888, 131.91666666666666, 222.19444444444446
645, 491.6889104979539, 102.62122916666662, 1.7361111111111112, 130.36111111111111, 224.38888888888889
646, 491.4224909849682, 101.58619444444442, 1.1111111111111112, 129.08333333333334, 223.52777777777777
647, 491.1560714719825, 101.23170416666662, 1.1527777777777777, 128.36111111111111, 224.02777777777777
648, 490.88965195899675, 100.5502333333333, 0.5833333333333334, 127.625, 223.33333333333334
649, 490.6232324460111, 100.82841944444448, 1.3611111111111112, 127.33333333333333, 225.23611111111111
650, 490.35681293302537, 100.72658611111116, 1.5, 127.09722222222223, 225.19444444444446
651, 490.09039342003973, 99.88371249999999, 1.625, 125.33333333333333, 226.55555555555554
652, 489.823973907054, 99.51482500000004, 1.3333333333333333, 124.875, 226.44444444444446
653, 489.5575543940683, 98.85697916666665, 1.5972222222222223, 123.26388888888889, 228.27777777777777
654, 489.2911348810826, 97.8856486111111, 1.1527777777777777, 122.0, 227.43055555555554
655, 489.0247153680969, 97.45013194444442, 1.875, 120.47222222222223, 229.58333333333334
656, 488.7582958551112, 96.54393472222219, 1.2083333333333333, 119.40277777777777, 228.88888888888889
657, 488.4918763421255, 96.45467083333331, 2.0416666666666665, 118.5, 230.56944444444446
658, 488.22545682913983, 95.56441527777777, 1.2638888888888888, 117.52777777777777, 229.80555555555554
659, 487.9590373161541, 94.61283055555556, 1.1388888888888888, 116.0, 229.65277777777777
660, 487.69261780316845, 93.74414583333329, 0.625, 114.91666666666667, 228.95833333333334
661, 487.4261982901827, 94.09211805555556, 1.875, 114.15277777777777, 232.66666666666666
662, 487.15977877719706, 92.99860138888887, 1.0694444444444444, 112.88888888888889, 231.69444444444446
663, 486.8933592642113, 92.23792361111117, 1.1805555555555556, 111.36111111111111, 232.59722222222223
664, 486.6269397512256, 91.44330138888893, 0.875, 110.31944444444444, 231.79166666666666
665, 486.3605202382399, 91.06886527777779, 1.9027777777777777, 108.875, 233.25
666, 486.09410072525424, 89.69486249999999, 1.2361111111111112, 107.11111111111111, 232.02777777777777
667, 485.82768121226854, 87.9392861111111, 1.3055555555555556, 103.86111111111111, 233.18055555555554
668, 485.5612616992828, 86.92595138888889, 1.1805555555555556, 102.33333333333333, 232.48611111111111
669, 485.29484218629716, 85.51186527777774, 1.3472222222222223, 99.48611111111111, 234.30555555555554
670, 485.0284226733114, 83.42074583333333, 0.5972222222222222, 96.68055555555556, 232.375
671, 484.7620031603258, 82.56959444444446, 1.4166666666666667, 94.51388888888889, 233.91666666666666
672, 484.49558364734, 80.52283194444448, 0.7083333333333334, 91.72222222222223, 232.19444444444446
673, 484.22916413435433, 80.02969027777773, 1.7083333333333333, 89.93055555555556, 234.47222222222223
674, 483.96274462136864, 78.52006666666666, 1.0, 88.0, 233.02777777777777
675, 483.69632510838295, 77.97288611111108, 1.5555555555555556, 86.65277777777777, 233.70833333333334
676, 483.42990559539726, 76.9152722222222, 1.1666666666666667, 85.11111111111111, 233.38888888888889
677, 483.16348608241157, 75.6243833333333, 1.4444444444444444, 82.52777777777777, 234.63888888888889
678, 482.8970665694259, 74.57292777777778, 0.8611111111111112, 81.04166666666667, 234.59722222222223
679, 482.6306470564401, 74.16029305555557, 1.6527777777777777, 79.63888888888889, 236.125
680, 482.3642275434545, 72.76938611111109, 1.0, 77.84722222222223, 234.86111111111111
681, 482.09780803046874, 71.24632222222223, 1.3611111111111112, 74.76388888888889, 236.43055555555554
682, 481.8313885174831, 70.09905416666669, 1.2638888888888888, 72.97222222222223, 235.84722222222223
683, 481.56496900449736, 68.67994861111112, 1.4861111111111112, 70.25, 236.83333333333334
684, 481.29854949151166, 66.81600833333331, 0.8888888888888888, 67.59722222222223, 235.70833333333334
685, 481.032129978526, 65.61514999999996, 1.5555555555555556, 65.05555555555556, 236.51388888888889
686, 480.7657104655403, 64.21696388888888, 1.3333333333333333, 62.90277777777778, 235.91666666666666
687, 480.4992909525546, 62.13204583333335, 1.3472222222222223, 59.138888888888886, 236.97222222222223
688, 480.2328714395689, 59.99723055555556, 1.0277777777777777, 55.97222222222222, 235.38888888888889
689, 479.9664519265832, 58.96232777777779, 1.5833333333333333, 53.59722222222222, 237.08333333333334
690, 479.70003241359746, 57.07245694444446, 1.125, 50.888888888888886, 235.65277777777777
691, 479.4336129006118, 55.39815694444447, 1.3472222222222223, 47.77777777777778, 236.40277777777777
692, 479.16719338762607, 53.5524888888889, 1.0833333333333333, 44.90277777777778, 235.70833333333334
693, 478.90077387464044, 53.05085555555553, 2.138888888888889, 43.125, 237.69444444444446
694, 478.6343543616547, 50.334002777777755, 1.2222222222222223, 39.31944444444444, 235.86111111111111
695, 478.367934848669, 49.340813888888874, 1.7222222222222223, 37.208333333333336, 236.70833333333334
696, 478.1015153356833, 47.14599444444443, 1.0277777777777777, 34.125, 235.15277777777777
697, 477.8350958226976, 45.38915833333331, 1.1944444444444444, 30.86111111111111, 236.11111111111111
698, 477.5686763097119, 44.05792083333333, 1.4861111111111112, 28.36111111111111, 236.54166666666666
699, 477.3022567967262, 41.85224444444444, 1.5833333333333333, 24.59722222222222, 236.31944444444446
700, 477.03583728374053, 38.24356111111112, 0.7777777777777778, 19.0, 235.59722222222223
701, 476.7694177707548, 36.45562083333332, 1.2916666666666667, 15.625, 235.94444444444446
702, 476.50299825776915, 33.69699583333334, 1.4305555555555556, 11.01388888888889, 235.125
703, 476.2365787447834, 31.13672083333333, 1.125, 6.791666666666667, 235.20833333333334
704, 475.97015923179777, 28.870965277777785, 0.7638888888888888, 3.361111111111111, 233.94444444444446
705, 475.703739718812, 28.39087777777778, 1.3611111111111112, 1.875, 235.81944444444446
706, 475.4373202058263, 27.924654166666663, 1.2361111111111112, 1.2361111111111112, 235.34722222222223
707, 475.17090069284063, 28.367668055555555, 1.9305555555555556, 1.2083333333333333, 237.55555555555554
708, 474.90448117985494, 28.404968055555553, 2.125, 1.1944444444444444, 237.44444444444446
709, 474.63806166686925, 28.330565277777783, 1.8472222222222223, 1.2361111111111112, 237.30555555555554
710, 474.3716421538835, 27.892544444444447, 1.3611111111111112, 0.875, 236.59722222222223
711, 474.10522264089786, 28.254684722222223, 1.7638888888888888, 1.125, 237.43055555555554
712, 473.8388031279121, 28.595751388888875, 2.0694444444444446, 1.4722222222222223, 237.83333333333334
713, 473.5723836149265, 28.3510625, 1.875, 1.2083333333333333, 237.55555555555554
714, 473.30596410194073, 28.331825, 1.75, 1.25, 237.5
715, 473.0395445889551, 28.516405555555554, 2.0555555555555554, 1.3333333333333333, 237.88888888888889
716, 472.77312507596935, 28.10327500000001, 1.5555555555555556, 1.0972222222222223, 236.79166666666666
717, 472.50670556298365, 28.747679166666664, 2.236111111111111, 1.6111111111111112, 238.01388888888889
718, 472.24028604999796, 28.5399888888889, 2.0555555555555554, 1.4166666666666667, 237.66666666666666
719, 471.97386653701227, 28.148404166666666, 1.6527777777777777, 1.1111111111111112, 236.86111111111111
720, 471.7074470240266, 28.283962500000005, 1.7638888888888888, 1.2638888888888888, 236.97222222222223
721, 471.44102751104083, 28.318566666666662, 1.8333333333333333, 1.3333333333333333, 236.73611111111111
722, 471.1746079980552, 28.13012916666667, 1.625, 1.0833333333333333, 236.91666666666666
723, 470.90818848506945, 28.505311111111116, 2.0277777777777777, 1.5416666666666667, 236.79166666666666
724, 470.6417689720838, 28.19717777777778, 1.6944444444444444, 1.2916666666666667, 236.25
725, 470.37534945909806, 27.9234625, 1.7638888888888888, 1.0138888888888888, 235.09722222222223
726, 470.10892994611237, 28.257384722222216, 2.125, 1.3611111111111112, 235.29166666666666
727, 469.8425104331267, 27.99568749999999, 1.875, 1.1666666666666667, 234.65277777777777
728, 469.576090920141, 27.988991666666667, 1.8888888888888888, 1.1805555555555556, 234.48611111111111
729, 469.3096714071553, 28.318440277777782, 2.263888888888889, 1.4861111111111112, 234.81944444444446
730, 469.0432518941696, 27.890949999999997, 1.75, 1.2083333333333333, 233.84722222222223
731, 468.7768323811839, 28.326600000000006, 2.3333333333333335, 1.5833333333333333, 234.20833333333334
732, 468.51041286819816, 28.273640277777787, 2.2083333333333335, 1.5972222222222223, 234.0
733, 468.2439933552125, 28.152890277777775, 2.0694444444444446, 1.5, 233.80555555555554
734, 467.9775738422268, 27.38420694444444, 1.2638888888888888, 0.9027777777777778, 232.25
735, 467.71115432924114, 27.920645833333335, 2.013888888888889, 1.3888888888888888, 232.48611111111111
736, 467.4447348162554, 27.550479166666662, 1.5972222222222223, 1.0972222222222223, 231.83333333333334
737, 467.1783153032697, 27.750679166666668, 1.8194444444444444, 1.2361111111111112, 232.29166666666666
738, 466.911895790284, 27.765275000000006, 1.8333333333333333, 1.2916666666666667, 232.09722222222223
739, 466.6454762772983, 28.36952083333333, 2.5694444444444446, 1.8194444444444444, 232.75
740, 466.3790567643126, 27.80676527777777, 1.9305555555555556, 1.2777777777777777, 232.27777777777777
741, 466.11263725132693, 27.895829166666662, 1.8472222222222223, 1.5555555555555556, 231.84722222222223
742, 465.84621773834124, 27.381762499999994, 1.4027777777777777, 1.1111111111111112, 230.79166666666666
743, 465.5797982253555, 27.926299999999987, 2.0, 1.5, 232.0
744, 465.31337871236985, 27.6438861111111, 1.6944444444444444, 1.25, 231.61111111111111
745, 465.0469591993841, 27.65247083333333, 1.6805555555555556, 1.3472222222222223, 231.22222222222223
746, 464.78053968639847, 28.152715277777773, 2.2916666666666665, 1.6805555555555556, 232.29166666666666
747, 464.5141201734127, 27.62802083333333, 1.875, 1.3333333333333333, 230.56944444444446
748, 464.24770066042703, 27.052598611111108, 1.2361111111111112, 0.7916666666666666, 229.98611111111111
749, 463.98128114744134, 27.918052777777774, 2.25, 1.5555555555555556, 230.98611111111111
750, 463.71486163445564, 27.48131666666667, 1.8333333333333333, 1.1666666666666667, 230.25
751, 463.44844212146995, 27.329633333333327, 1.8611111111111112, 1.0694444444444444, 229.34722222222223
752, 463.18202260848426, 27.646218055555558, 2.125, 1.3611111111111112, 229.93055555555554
753, 462.91560309549857, 27.308094444444446, 1.8333333333333333, 1.2222222222222223, 228.44444444444446
754, 462.6491835825128, 27.216874999999998, 1.6666666666666667, 1.2083333333333333, 228.15277777777777
755, 462.3827640695272, 27.27826944444445, 1.75, 1.3055555555555556, 227.97222222222223
756, 462.11634455654143, 27.318240277777786, 1.9027777777777777, 1.25, 228.20833333333334
757, 461.8499250435558, 27.416297222222234, 2.3055555555555554, 1.3333333333333333, 227.58333333333334
758, 461.58350553057005, 27.47695972222222, 2.3472222222222223, 1.375, 227.79166666666666
759, 461.31708601758436, 27.538802777777775, 2.388888888888889, 1.4861111111111112, 227.65277777777777
760, 461.05066650459867, 27.4754, 2.388888888888889, 1.3888888888888888, 227.59722222222223
761, 460.784246991613, 27.007059722222227, 1.9027777777777777, 1.0138888888888888, 226.69444444444446
762, 460.5178274786273, 27.091283333333323, 2.0277777777777777, 1.0694444444444444, 226.81944444444446
763, 460.25140796564153, 27.049454166666667, 1.9861111111111112, 1.1111111111111112, 226.34722222222223
764, 459.9849884526559, 27.235830555555555, 2.25, 1.1944444444444444, 226.86111111111111
765, 459.71856893967015, 27.360294444444435, 2.3333333333333335, 1.5555555555555556, 225.875
766, 459.4521494266845, 26.993720833333338, 1.9583333333333333, 1.2083333333333333, 225.43055555555554
767, 459.18572991369876, 27.508315277777772, 2.6805555555555554, 1.7361111111111112, 225.33333333333334
768, 458.9193104007131, 26.906425, 2.0, 1.2083333333333333, 224.55555555555554
769, 458.6528908877274, 26.916294444444436, 2.0555555555555554, 1.2777777777777777, 224.13888888888889
770, 458.3864713747417, 26.6320611111111, 1.75, 1.0138888888888888, 223.80555555555554
771, 458.120051861756, 26.9225875, 2.0416666666666665, 1.3333333333333333, 223.94444444444446
772, 457.8536323487703, 26.637116666666667, 1.75, 1.125, 223.27777777777777
773, 457.5872128357846, 26.944423611111123, 2.2916666666666665, 1.3888888888888888, 223.19444444444446
774, 457.32079332279886, 26.550869444444455, 1.8611111111111112, 1.0833333333333333, 222.44444444444446
775, 457.0543738098132, 26.391623611111104, 1.6805555555555556, 0.9444444444444444, 222.23611111111111
776, 456.7879542968275, 26.27552083333333, 1.5972222222222223, 0.8888888888888888, 221.72222222222223
777, 456.52153478384184, 26.70116388888889, 2.111111111111111, 1.4305555555555556, 221.31944444444446
778, 456.2551152708561, 26.59778472222222, 2.013888888888889, 1.25, 221.59722222222223
779, 455.9886957578704, 26.550630555555564, 2.0277777777777777, 1.3055555555555556, 220.86111111111111
780, 455.7222762448847, 26.420397222222213, 1.8611111111111112, 1.1388888888888888, 221.01388888888889
781, 455.455856731899, 26.185993055555542, 1.7361111111111112, 1.0972222222222223, 219.5
782, 455.1894372189133, 26.371747222222226, 1.9722222222222223, 1.1666666666666667, 220.15277777777777
783, 454.92301770592763, 26.196587499999996, 1.7638888888888888, 1.1388888888888888, 219.30555555555554
784, 454.65659819294194, 25.983548611111104, 1.5972222222222223, 0.9444444444444444, 218.875
785, 454.3901786799562, 26.395723611111112, 2.0694444444444446, 1.3333333333333333, 219.25
786, 454.12375916697056, 26.532433333333334, 2.1944444444444446, 1.4027777777777777, 219.76388888888889
787, 453.8573396539848, 26.22049444444444, 1.8611111111111112, 1.2083333333333333, 218.90277777777777
788, 453.5909201409992, 26.322134722222227, 1.9861111111111112, 1.2638888888888888, 219.18055555555554
789, 453.3245006280134, 26.010991666666673, 1.75, 1.0833333333333333, 218.0
790, 453.05808111502773, 25.795723611111114, 1.5138888888888888, 0.8611111111111112, 217.875
791, 452.79166160204204, 26.40415972222223, 2.1527777777777777, 1.3888888888888888, 218.81944444444446
792, 452.52524208905635, 26.19336527777778, 1.9027777777777777, 1.2083333333333333, 218.55555555555554
793, 452.25882257607066, 25.924420833333333, 1.7638888888888888, 1.0555555555555556, 217.34722222222223
794, 451.99240306308496, 26.02081527777777, 1.8472222222222223, 1.0694444444444444, 217.90277777777777
795, 451.7259835500993, 26.15334027777778, 2.013888888888889, 1.2777777777777777, 217.55555555555554
796, 451.4595640371135, 25.74264583333333, 1.5972222222222223, 0.9305555555555556, 216.83333333333334
797, 451.1931445241279, 25.71434166666667, 1.5833333333333333, 1.0, 216.26388888888889
798, 450.92672501114214, 26.120309722222228, 2.0416666666666665, 1.3611111111111112, 216.76388888888889
799, 450.6603054981565, 26.122223611111117, 2.2083333333333335, 1.4305555555555556, 215.98611111111111
800, 450.39388598517075, 26.34063472222222, 2.4027777777777777, 1.6388888888888888, 216.31944444444446
801, 450.12746647218506, 26.123665277777775, 2.375, 1.4722222222222223, 215.34722222222223
802, 449.86104695919937, 25.327499999999993, 1.5277777777777777, 0.7361111111111112, 214.375
803, 449.5946274462137, 25.769781944444446, 2.0416666666666665, 1.1388888888888888, 214.83333333333334
804, 449.328207933228, 25.992281944444446, 2.3194444444444446, 1.3333333333333333, 215.05555555555554
805, 449.06178842024224, 25.34005416666667, 1.6805555555555556, 0.9305555555555556, 213.08333333333334
806, 448.7953689072566, 25.414541666666665, 1.8055555555555556, 0.9722222222222222, 213.19444444444446
807, 448.52894939427085, 25.54824166666667, 2.0277777777777777, 1.1111111111111112, 213.06944444444446
808, 448.2625298812852, 25.554597222222213, 1.9444444444444444, 1.1805555555555556, 212.98611111111111
809, 447.99611036829947, 25.30499166666667, 1.75, 1.0, 212.23611111111111
810, 447.72969085531383, 25.683869444444447, 2.138888888888889, 1.3611111111111112, 212.68055555555554
811, 447.4632713423281, 25.68635833333333, 2.25, 1.4166666666666667, 212.125
812, 447.1968518293424, 25.450640277777776, 2.0694444444444446, 1.25, 211.38888888888889
813, 446.9304323163567, 25.679286111111107, 2.5555555555555554, 1.4027777777777777, 211.33333333333334
814, 446.664012803371, 25.208566666666666, 1.9722222222222223, 1.0138888888888888, 210.73611111111111
815, 446.3975932903853, 25.065791666666666, 2.0833333333333335, 1.0, 209.26388888888889
816, 446.13117377739957, 24.48778472222222, 1.4583333333333333, 0.5277777777777778, 208.26388888888889
817, 445.86475426441393, 25.398759722222238, 2.5416666666666665, 1.4444444444444444, 208.69444444444446
818, 445.5983347514282, 25.092422222222226, 2.1666666666666665, 1.1944444444444444, 208.27777777777777
819, 445.33191523844255, 25.536144444444442, 2.7222222222222223, 1.6944444444444444, 208.13888888888889
820, 445.0654957254568, 25.03863611111111, 2.25, 1.2222222222222223, 207.44444444444446
821, 444.7990762124711, 24.469756944444438, 1.7361111111111112, 0.9166666666666666, 205.375
822, 444.5326566994854, 24.51360833333333, 1.8333333333333333, 1.0416666666666667, 204.86111111111111
823, 444.2662371864997, 24.336733333333314, 1.6944444444444444, 0.9027777777777778, 204.38888888888889
824, 443.99981767351403, 24.59802777777777, 1.9444444444444444, 1.1666666666666667, 204.66666666666666
825, 443.73339816052834, 24.901572222222217, 2.75, 1.3194444444444444, 204.43055555555554
826, 443.46697864754265, 24.37331666666666, 2.111111111111111, 0.9444444444444444, 203.40277777777777
827, 443.2005591345569, 24.655272222222223, 2.5555555555555554, 1.3333333333333333, 202.70833333333334
828, 442.93413962157126, 24.563241666666666, 2.4444444444444446, 1.3194444444444444, 202.26388888888889
829, 442.6677201085855, 24.188481944444447, 2.125, 1.0972222222222223, 200.95833333333334
830, 442.4013005955999, 24.17879166666667, 2.0833333333333335, 1.1666666666666667, 200.625
831, 442.13488108261413, 24.4692625, 2.513888888888889, 1.5555555555555556, 200.04166666666666
832, 441.86846156962844, 24.244920833333325, 2.3194444444444446, 1.2777777777777777, 200.01388888888889
833, 441.60204205664274, 24.696415277777778, 2.7916666666666665, 1.9305555555555556, 199.375
834, 441.33562254365705, 23.53937083333334, 1.5694444444444444, 0.9027777777777778, 197.72222222222223
835, 441.06920303067136, 23.521165277777772, 1.5416666666666667, 0.9722222222222222, 197.27777777777777
836, 440.80278351768567, 24.06311805555555, 2.1527777777777777, 1.4305555555555556, 198.06944444444446
837, 440.5363640047, 24.133358333333334, 2.388888888888889, 1.5972222222222223, 197.20833333333334
838, 440.2699444917142, 23.994955555555567, 2.25, 1.4861111111111112, 196.93055555555554
839, 440.0035249787286, 24.083377777777777, 2.4722222222222223, 1.5694444444444444, 196.69444444444446
840, 439.73710546574284, 23.692668055555547, 2.0694444444444446, 1.2222222222222223, 196.11111111111111
841, 439.4706859527572, 23.917655555555555, 2.3333333333333335, 1.5277777777777777, 195.81944444444446
842, 439.20426643977146, 22.957368055555563, 1.3194444444444444, 0.6805555555555556, 194.41666666666666
843, 438.93784692678577, 23.24276666666667, 1.7777777777777777, 1.0277777777777777, 193.93055555555554
844, 438.6714274138001, 23.007559722222222, 1.4861111111111112, 0.8888888888888888, 193.34722222222223
845, 438.4050079008144, 23.252918055555554, 1.7916666666666667, 1.1944444444444444, 193.125
846, 438.1385883878287, 23.385184722222224, 2.0416666666666665, 1.3194444444444444, 192.98611111111111
847, 437.872168874843, 23.118651388888892, 1.8194444444444444, 1.0972222222222223, 192.375
848, 437.6057493618573, 22.861127777777785, 1.5, 0.9722222222222222, 191.59722222222223
849, 437.33932984887156, 23.099336111111125, 1.9166666666666667, 1.1388888888888888, 191.73611111111111
850, 437.0729103358859, 22.824113888888892, 1.6388888888888888, 0.9166666666666666, 191.19444444444446
851, 436.8064908229002, 23.358858333333337, 2.25, 1.4166666666666667, 191.70833333333334
852, 436.54007130991454, 22.830390277777777, 1.6527777777777777, 1.0416666666666667, 190.56944444444446
853, 436.2736517969288, 22.82750833333334, 1.8611111111111112, 1.0277777777777777, 190.06944444444446
854, 436.0072322839431, 22.881694444444435, 1.9444444444444444, 1.1666666666666667, 189.61111111111111
855, 435.7408127709574, 22.64011388888889, 1.6388888888888888, 1.0833333333333333, 188.72222222222223
856, 435.4743932579717, 22.466358333333332, 1.4166666666666667, 0.9166666666666666, 188.63888888888889
857, 435.207973744986, 23.15346388888888, 2.3055555555555554, 1.5833333333333333, 188.90277777777777
858, 434.94155423200027, 22.51545555555556, 1.5555555555555556, 1.0833333333333333, 187.84722222222223
859, 434.67513471901464, 22.40978888888889, 1.6944444444444444, 1.1805555555555556, 186.05555555555554
860, 434.4087152060289, 22.516973611111112, 1.7916666666666667, 1.3055555555555556, 186.09722222222223
861, 434.14229569304325, 22.26558055555556, 1.8333333333333333, 1.1527777777777777, 184.56944444444446
862, 433.8758761800575, 22.656440277777776, 2.263888888888889, 1.4861111111111112, 185.15277777777777
863, 433.60945666707187, 21.97768333333334, 1.7777777777777777, 1.0277777777777777, 182.83333333333334
864, 433.3430371540861, 21.899904166666673, 1.7916666666666667, 0.9583333333333334, 182.47222222222223
865, 433.0766176411004, 22.243355555555564, 2.138888888888889, 1.4583333333333333, 182.0
866, 432.81019812811473, 21.56693333333333, 1.5, 0.75, 181.38888888888889
867, 432.54377861512904, 21.540430555555556, 1.3888888888888888, 0.9583333333333334, 180.375
868, 432.27735910214335, 21.723433333333332, 1.6388888888888888, 1.1805555555555556, 180.18055555555554
869, 432.0109395891576, 21.621870833333343, 1.7083333333333333, 1.25, 178.75
870, 431.74452007617197, 21.631061111111116, 1.75, 1.4305555555555556, 177.79166666666666
871, 431.4781005631862, 21.43208333333334, 1.6666666666666667, 1.25, 177.19444444444446
872, 431.2116810502006, 21.372365277777792, 1.625, 1.2638888888888888, 176.70833333333334
873, 430.94526153721483, 21.25325416666667, 1.7638888888888888, 1.2222222222222223, 175.51388888888889
874, 430.67884202422914, 21.221366666666672, 1.6111111111111112, 1.1944444444444444, 175.77777777777777
875, 430.41242251124345, 20.832474999999995, 1.5, 1.0416666666666667, 173.44444444444446
876, 430.14600299825776, 21.10750694444445, 1.7361111111111112, 1.3333333333333333, 173.73611111111111
877, 429.87958348527206, 21.002606944444445, 1.9861111111111112, 1.2916666666666667, 172.375
878, 429.6131639722864, 20.95075972222222, 1.9861111111111112, 1.2222222222222223, 172.27777777777777
879, 429.3467444593007, 20.365765277777772, 1.5138888888888888, 0.8194444444444444, 170.45833333333334
880, 429.08032494631493, 20.465994444444448, 1.5833333333333333, 0.9305555555555556, 170.58333333333334
881, 428.8139054333293, 20.759719444444436, 2.111111111111111, 1.2916666666666667, 169.91666666666666
882, 428.54748592034355, 20.705027777777772, 2.0833333333333335, 1.2638888888888888, 169.65277777777777
883, 428.2810664073579, 20.22449305555556, 1.5972222222222223, 0.9166666666666666, 168.5
884, 428.01464689437216, 20.434798611111113, 1.875, 1.1388888888888888, 168.47222222222223
885, 427.74822738138647, 20.41623888888889, 2.0555555555555554, 1.25, 167.26388888888889
886, 427.4818078684008, 20.236370833333332, 1.9861111111111112, 1.1111111111111112, 166.58333333333334
887, 427.2153883554151, 20.538798611111122, 2.2916666666666665, 1.5138888888888888, 166.36111111111111
888, 426.9489688424294, 19.974230555555565, 1.7222222222222223, 1.0416666666666667, 165.33333333333334
889, 426.6825493294437, 20.05970416666668, 1.8472222222222223, 1.2638888888888888, 164.61111111111111
890, 426.416129816458, 19.81193472222223, 1.625, 1.0277777777777777, 164.23611111111111
891, 426.14971030347226, 19.9179125, 1.8472222222222223, 1.3055555555555556, 163.15277777777777
892, 425.8832907904866, 19.530779166666672, 1.5138888888888888, 0.9722222222222222, 162.34722222222223
893, 425.6168712775009, 19.814848611111117, 2.0694444444444446, 1.2083333333333333, 162.16666666666666
894, 425.35045176451524, 19.349720833333336, 1.5416666666666667, 0.9166666666666666, 160.97222222222223
895, 425.0840322515295, 19.29608611111111, 1.7777777777777777, 0.875, 160.09722222222223
896, 424.8176127385438, 19.455188888888888, 2.0, 1.1111111111111112, 159.69444444444446
897, 424.5511932255581, 19.170969444444438, 1.8333333333333333, 1.0138888888888888, 158.13888888888889
898, 424.2847737125724, 19.320422222222227, 2.0277777777777777, 1.2638888888888888, 157.65277777777777
899, 424.0183541995867, 19.17603888888889, 1.9722222222222223, 1.2916666666666667, 156.38888888888889
900, 423.751934686601, 18.970841666666658, 1.7222222222222223, 1.3472222222222223, 154.95833333333334
901, 423.48551517361534, 18.712643055555564, 1.7638888888888888, 1.1666666666666667, 153.51388888888889
902, 423.2190956606296, 19.001341666666665, 2.2777777777777777, 1.5694444444444444, 152.625
903, 422.95267614764396, 18.54171388888889, 1.8888888888888888, 1.2083333333333333, 151.47222222222223
904, 422.6862566346582, 17.93037083333333, 1.2916666666666667, 0.7083333333333334, 150.25
905, 422.4198371216726, 18.36977916666667, 2.2083333333333335, 1.125, 149.55555555555554
906, 422.1534176086868, 17.70488333333334, 1.4444444444444444, 0.7777777777777778, 147.51388888888889
907, 421.88699809570113, 18.13699861111112, 2.513888888888889, 1.1527777777777777, 146.56944444444446
908, 421.62057858271544, 17.806216666666675, 2.2777777777777777, 1.0277777777777777, 144.93055555555554
909, 421.35415906972975, 17.328619444444442, 1.8611111111111112, 0.75, 143.26388888888889
910, 421.08773955674405, 17.51925277777777, 2.1944444444444446, 1.1666666666666667, 141.91666666666666
911, 420.8213200437583, 17.429670833333336, 2.1805555555555554, 1.2638888888888888, 140.66666666666666
912, 420.55490053077267, 16.713659722222218, 1.4583333333333333, 0.9027777777777778, 138.13888888888889
913, 420.2884810177869, 17.468519444444453, 2.7222222222222223, 1.5694444444444444, 138.01388888888889
914, 420.0220615048013, 16.640929166666673, 1.8194444444444444, 0.9861111111111112, 136.125
915, 419.75564199181554, 16.72991666666666, 2.0833333333333335, 1.2083333333333333, 135.06944444444446
916, 419.48922247882984, 16.838287500000003, 2.125, 1.5416666666666667, 134.19444444444446
917, 419.22280296584415, 16.46121666666667, 2.138888888888889, 1.0972222222222223, 133.13888888888889
918, 418.95638345285846, 15.6449125, 1.2916666666666667, 0.6666666666666666, 130.41666666666666
919, 418.68996393987277, 16.349261111111115, 2.111111111111111, 1.3333333333333333, 131.01388888888889
920, 418.4235444268871, 16.276277777777775, 2.0833333333333335, 1.3472222222222223, 130.375
921, 418.1571249139014, 15.939122222222226, 1.8333333333333333, 1.2777777777777777, 128.43055555555554
922, 417.89070540091564, 15.59251666666667, 1.5, 1.0, 127.69444444444444
923, 417.62428588793, 15.807366666666667, 1.8888888888888888, 1.3055555555555556, 126.98611111111111
924, 417.35786637494425, 15.480452777777783, 1.5833333333333333, 1.1388888888888888, 125.77777777777777
925, 417.0914468619586, 15.830838888888886, 2.1666666666666665, 1.5277777777777777, 125.31944444444444
926, 416.82502734897287, 15.03037916666667, 1.3472222222222223, 0.8888888888888888, 123.73611111111111
927, 416.5586078359872, 15.597748611111115, 2.0972222222222223, 1.6111111111111112, 123.02777777777777
928, 416.2921883230015, 14.514805555555556, 0.9722222222222222, 0.625, 121.55555555555556
929, 416.0257688100158, 15.453236111111108, 2.361111111111111, 1.4166666666666667, 122.06944444444444
930, 415.7593492970301, 14.39349583333334, 1.1527777777777777, 0.6527777777777778, 119.875
931, 415.4929297840444, 14.815840277777783, 1.7361111111111112, 1.0833333333333333, 119.83333333333333
932, 415.2265102710587, 14.318194444444446, 1.25, 0.8472222222222222, 117.95833333333333
933, 414.96009075807297, 14.693213888888888, 2.0277777777777777, 1.2222222222222223, 117.27777777777777
