Extraction [ img/s4/seq3/4.jpg ] effectuee 2026-05-28 17:16:31.625266
Calibration: -0.2664195129856975*x + 663.5294963737288 [largueur 2619 + 934]

pixel, longueur d'onde, intensite, r, g, b
0, 663.5294963737288, 91.56736025641025, 183.83333333333334, 46.03846153846154, 84.16666666666667
1, 663.263076860743, 92.63746410256408, 186.0, 46.47435897435897, 85.62820512820512
2, 662.9966573477574, 92.53504871794871, 185.92307692307693, 46.35897435897436, 85.52564102564102
3, 662.7302378347716, 93.19872564102565, 187.10256410256412, 46.69230769230769, 86.53846153846153
4, 662.463818321786, 93.34771538461534, 187.33333333333334, 46.756410256410255, 86.91025641025641
5, 662.1973988088002, 93.84210769230769, 189.56410256410257, 45.98717948717949, 89.35897435897436
6, 661.9309792958146, 93.91341153846156, 189.73076923076923, 45.96153846153846, 89.67948717948718
7, 661.6645597828289, 94.54927820512822, 191.06410256410257, 46.166666666666664, 90.7051282051282
8, 661.3981402698432, 94.55526282051284, 191.0897435897436, 46.15384615384615, 90.75641025641026
9, 661.1317207568575, 94.34444487179486, 191.7051282051282, 45.37179487179487, 91.32051282051282
10, 660.8653012438718, 93.76416282051282, 191.19230769230768, 44.756410256410255, 90.74358974358974
11, 660.5988817308861, 95.33689743589744, 194.10256410256412, 45.43589743589744, 93.41025641025641
12, 660.3324622179003, 96.18484358974362, 195.02564102564102, 46.243589743589745, 94.26923076923077
13, 660.0660427049147, 96.5475333333333, 196.84615384615384, 45.62820512820513, 95.84615384615384
14, 659.799623191929, 96.67286153846155, 197.02564102564102, 45.717948717948715, 96.01282051282051
15, 659.5332036789433, 96.9746128205128, 198.35897435897436, 45.26923076923077, 97.47435897435898
16, 659.2667841659576, 97.24450769230768, 198.64102564102564, 45.52564102564103, 97.78205128205128
17, 659.0003646529719, 98.3737628205128, 200.7051282051282, 46.0, 99.83333333333333
18, 658.7339451399862, 99.11135256410259, 201.47435897435898, 46.717948717948715, 100.58974358974359
19, 658.4675256270006, 99.19238974358973, 201.87179487179486, 46.47435897435897, 101.51282051282051
20, 658.2011061140148, 98.65098076923078, 201.47435897435898, 45.85897435897436, 100.97435897435898
21, 657.9346866010292, 99.47240512820514, 203.76923076923077, 45.833333333333336, 102.2948717948718
22, 657.6682670880434, 98.9959217948718, 203.47435897435898, 45.256410256410255, 101.85897435897436
23, 657.4018475750577, 99.25775769230773, 204.0897435897436, 45.282051282051285, 102.41025641025641
24, 657.135428062072, 98.64243461538464, 203.47435897435898, 44.666666666666664, 101.7948717948718
25, 656.8690085490863, 99.35037435897438, 204.84615384615384, 44.91025641025641, 103.15384615384616
26, 656.6025890361007, 99.0170743589744, 204.51282051282053, 44.57692307692308, 102.82051282051282
27, 656.3361695231149, 99.16681666666668, 205.55128205128204, 44.15384615384615, 103.58974358974359
28, 656.0697500101293, 99.81745641025643, 206.2051282051282, 44.794871794871796, 104.28205128205128
29, 655.8033304971435, 100.11117692307691, 207.97435897435898, 44.205128205128204, 105.25641025641026
30, 655.5369109841579, 100.39221153846155, 208.26923076923077, 44.46153846153846, 105.62820512820512
31, 655.2704914711721, 101.0517205128205, 209.84615384615384, 44.52564102564103, 106.94871794871794
32, 655.0040719581864, 100.5630487179487, 209.3846153846154, 44.01282051282051, 106.51282051282051
33, 654.7376524452008, 100.569008974359, 210.16666666666666, 43.42307692307692, 107.55128205128206
34, 654.471232932215, 101.32534358974357, 210.92307692307693, 44.17948717948718, 108.3076923076923
35, 654.2048134192294, 101.33599102564102, 211.62820512820514, 43.756410256410255, 108.73076923076923
36, 653.9383939062436, 100.98554615384614, 211.33333333333334, 43.37179487179487, 108.41025641025641
37, 653.671974393258, 101.07008333333336, 212.5, 42.705128205128204, 109.52564102564102
38, 653.4055548802722, 101.09376666666662, 212.5897435897436, 42.69230769230769, 109.56410256410257
39, 653.1391353672866, 101.26543589743589, 213.46153846153845, 42.44871794871795, 110.03846153846153
40, 652.8727158543008, 101.07397692307693, 213.30769230769232, 42.23076923076923, 109.88461538461539
41, 652.6062963413152, 101.26936538461538, 214.67948717948718, 41.64102564102564, 111.03846153846153
42, 652.3398768283295, 100.97110641025643, 214.44871794871796, 41.30769230769231, 110.74358974358974
43, 652.0734573153437, 101.22484615384612, 215.89743589743588, 40.82051282051282, 111.67948717948718
44, 651.8070378023581, 101.53612179487186, 216.21794871794873, 41.11538461538461, 112.05128205128206
45, 651.5406182893723, 101.8952794871795, 217.71794871794873, 40.76923076923077, 113.05128205128206
46, 651.2741987763867, 101.07498717948718, 216.92307692307693, 39.93589743589744, 112.23076923076923
47, 651.007779263401, 101.43775769230771, 218.32051282051282, 39.62820512820513, 113.33333333333333
48, 650.7413597504153, 101.41768974358972, 218.35897435897436, 39.57692307692308, 113.32051282051282
49, 650.4749402374296, 101.39316025641025, 219.16666666666666, 39.06410256410256, 113.62820512820512
50, 650.2085207244439, 100.67528333333333, 218.44871794871796, 38.34615384615385, 112.91025641025641
51, 649.9421012114582, 101.07325897435898, 219.84615384615384, 38.217948717948715, 113.3974358974359
52, 649.6756816984725, 100.99648333333332, 219.9102564102564, 38.07692307692308, 113.28205128205128
53, 649.4092621854868, 101.58663205128207, 222.14102564102564, 37.782051282051285, 114.12820512820512
54, 649.142842672501, 101.64425128205129, 222.35897435897436, 37.76923076923077, 114.12820512820512
55, 648.8764231595154, 101.7902102564102, 223.4102564102564, 37.5, 114.03846153846153
56, 648.6100036465297, 101.51278974358972, 223.12820512820514, 37.23076923076923, 113.73076923076923
57, 648.343584133544, 100.67886153846155, 223.43589743589743, 35.8974358974359, 112.47435897435898
58, 648.0771646205583, 100.7744641025641, 223.56410256410257, 36.0, 112.44871794871794
59, 647.8107451075726, 100.48259999999998, 224.3846153846154, 35.26923076923077, 111.5
60, 647.5443255945869, 100.42652435897435, 224.37179487179486, 35.205128205128204, 111.37179487179488
61, 647.2779060816013, 101.9534307692308, 226.71794871794873, 36.48717948717949, 112.01282051282051
62, 647.0114865686155, 101.39985512820512, 226.19230769230768, 35.94871794871795, 111.3076923076923
63, 646.7450670556299, 102.4531217948718, 228.26923076923077, 36.62820512820513, 111.6025641025641
64, 646.4786475426441, 101.78312564102563, 227.5897435897436, 35.98717948717949, 110.8076923076923
65, 646.2122280296584, 102.14431025641024, 228.69230769230768, 36.12820512820513, 110.35897435897436
66, 645.9458085166727, 102.28123461538463, 228.80769230769232, 36.30769230769231, 110.33333333333333
67, 645.679389003687, 102.17908589743595, 229.26923076923077, 36.02564102564103, 109.67948717948718
68, 645.4129694907014, 102.14888846153849, 229.32051282051282, 36.01282051282051, 109.34615384615384
69, 645.1465499777156, 102.1341564102564, 230.74358974358975, 35.48717948717949, 108.1923076923077
70, 644.88013046473, 101.69666666666666, 230.3846153846154, 35.06410256410256, 107.47435897435898
71, 644.6137109517442, 103.03176666666664, 231.94871794871796, 36.32051282051282, 108.61538461538461
72, 644.3472914387586, 102.14384358974358, 231.05128205128204, 35.46153846153846, 107.6025641025641
73, 644.0808719257728, 102.45585897435896, 231.92307692307693, 35.56410256410256, 107.52564102564102
74, 643.8144524127872, 102.1866551282051, 231.65384615384616, 35.294871794871796, 107.25641025641026
75, 643.5480328998015, 102.53426794871797, 232.96153846153845, 35.243589743589745, 107.14102564102564
76, 643.2816133868157, 102.47017179487182, 232.89743589743588, 35.17948717948718, 107.07692307692308
77, 643.0151938738301, 103.76212692307689, 235.39743589743588, 36.01282051282051, 107.56410256410257
78, 642.7487743608443, 104.10824615384612, 235.74358974358975, 36.35897435897436, 107.91025641025641
79, 642.4823548478587, 104.2973435897436, 236.69230769230768, 36.217948717948715, 107.8076923076923
80, 642.2159353348729, 104.45431538461537, 236.84615384615384, 36.38461538461539, 107.92307692307692
81, 641.9495158218873, 104.40996410256406, 237.7948717948718, 35.92307692307692, 107.42307692307692
82, 641.6830963089016, 105.29010641025637, 238.67948717948718, 36.80769230769231, 108.26923076923077
83, 641.4166767959159, 105.71523974358969, 239.52564102564102, 37.05128205128205, 108.52564102564102
84, 641.1502572829302, 105.77430384615386, 239.65384615384616, 37.15384615384615, 108.17948717948718
85, 640.8838377699444, 106.00491025641028, 241.66666666666666, 36.56410256410256, 107.96153846153847
86, 640.6174182569588, 105.49074487179489, 241.26923076923077, 36.08974358974359, 106.93589743589743
87, 640.350998743973, 106.37840384615386, 242.75641025641025, 36.794871794871796, 107.1923076923077
88, 640.0845792309874, 106.58959743589742, 243.0, 37.02564102564103, 107.21794871794872
89, 639.8181597180017, 107.83448333333334, 245.2948717948718, 37.92307692307692, 107.5
90, 639.551740205016, 107.10242820512819, 244.69230769230768, 37.17948717948718, 106.48717948717949
91, 639.2853206920303, 108.66406923076927, 247.76923076923077, 38.23076923076923, 106.7051282051282
92, 639.0189011790446, 108.57244615384617, 247.97435897435898, 38.08974358974359, 106.08974358974359
93, 638.7524816660589, 108.7603923076923, 249.53846153846155, 37.80769230769231, 105.08974358974359
94, 638.4860621530732, 109.06687692307692, 250.07692307692307, 38.11538461538461, 104.78205128205128
95, 638.2196426400875, 109.45985128205132, 251.87179487179486, 38.01282051282051, 104.05128205128206
96, 637.9532231271018, 109.47621153846157, 251.98717948717947, 38.06410256410256, 103.62820512820512
97, 637.6868036141161, 108.76400000000002, 252.17948717948718, 37.06410256410256, 102.02564102564102
98, 637.4203841011304, 108.81612435897438, 251.96153846153845, 37.256410256410255, 102.06410256410257
99, 637.1539645881447, 108.88811410256407, 252.57692307692307, 37.205128205128204, 101.34615384615384
100, 636.887545075159, 108.55255128205125, 252.82051282051282, 36.65384615384615, 100.6025641025641
101, 636.6211255621733, 108.8808282051282, 254.02564102564102, 36.666666666666664, 100.25641025641026
102, 636.3547060491876, 108.62512307692305, 254.15384615384616, 36.30769230769231, 99.52564102564102
103, 636.088286536202, 108.52390128205127, 254.32051282051282, 36.19230769230769, 98.7948717948718
104, 635.8218670232162, 108.5706551282051, 254.34615384615384, 36.256410256410255, 98.8076923076923
105, 635.5554475102306, 109.70862692307696, 254.8846153846154, 37.84615384615385, 99.1923076923077
106, 635.2890279972448, 109.48236794871795, 254.78205128205127, 37.6025641025641, 98.73076923076923
107, 635.0226084842591, 109.97114230769228, 254.85897435897436, 38.43589743589744, 98.52564102564102
108, 634.7561889712734, 109.67444871794866, 254.87179487179486, 38.03846153846154, 97.93589743589743
109, 634.4897694582877, 110.07686410256407, 254.94871794871796, 38.69230769230769, 97.8974358974359
110, 634.2233499453021, 109.73655641025638, 254.82051282051282, 38.294871794871796, 97.2948717948718
111, 633.9569304323163, 110.0336974358975, 254.82051282051282, 38.92307692307692, 96.66666666666667
112, 633.6905109193307, 110.36723333333336, 254.84615384615384, 39.43589743589744, 96.88461538461539
113, 633.4240914063449, 111.19224871794874, 254.94871794871796, 40.76923076923077, 96.98717948717949
114, 633.1576718933593, 110.70536025641024, 254.73076923076923, 40.205128205128204, 96.1923076923077
115, 632.8912523803735, 111.44561666666664, 254.85897435897436, 41.34615384615385, 96.47435897435898
116, 632.6248328673878, 111.34283076923076, 254.89743589743588, 41.243589743589745, 96.0
117, 632.3584133544022, 111.22020000000005, 254.92307692307693, 41.23076923076923, 94.92307692307692
118, 632.0919938414164, 111.20444230769233, 254.93589743589743, 41.282051282051285, 94.48717948717949
119, 631.8255743284308, 111.35610256410251, 254.87179487179486, 41.61538461538461, 94.26923076923077
120, 631.559154815445, 111.54851153846147, 254.8846153846154, 41.96153846153846, 94.14102564102564
121, 631.2927353024594, 112.15771666666663, 254.8846153846154, 43.06410256410256, 93.8076923076923
122, 631.0263157894736, 112.5678756410256, 254.96153846153845, 43.743589743589745, 93.7051282051282
123, 630.759896276488, 113.02475512820514, 254.8846153846154, 44.717948717948715, 92.8974358974359
124, 630.4934767635023, 113.33726153846153, 254.94871794871796, 45.294871794871796, 92.5
125, 630.2270572505166, 114.22122179487175, 254.96153846153845, 46.85897435897436, 92.16666666666667
126, 629.9606377375309, 114.27608589743592, 254.9102564102564, 47.205128205128204, 91.0
127, 629.6942182245452, 114.74686923076919, 254.89743589743588, 48.12820512820513, 90.41025641025641
128, 629.4277987115595, 115.07847692307689, 254.97435897435898, 48.743589743589745, 89.94871794871794
129, 629.1613791985737, 115.09168974358974, 254.89743589743588, 49.15384615384615, 88.15384615384616
130, 628.8949596855881, 115.37815897435893, 254.94871794871796, 49.62820512820513, 88.08974358974359
131, 628.6285401726024, 115.80773717948709, 254.93589743589743, 50.44871794871795, 87.66666666666667
132, 628.3621206596167, 115.89511153846149, 254.9102564102564, 50.794871794871796, 86.71794871794872
133, 628.095701146631, 116.70926794871787, 254.8846153846154, 52.282051282051285, 86.26923076923077
134, 627.8292816336453, 117.03477435897435, 254.94871794871796, 52.93589743589744, 85.58974358974359
135, 627.5628621206596, 117.58628205128211, 254.87179487179486, 53.97435897435897, 85.28205128205128
136, 627.296442607674, 118.13512307692305, 254.92307692307693, 54.92307692307692, 85.07692307692308
137, 627.0300230946882, 118.8698358974359, 254.97435897435898, 56.23076923076923, 84.65384615384616
138, 626.7636035817025, 119.51166794871794, 254.98717948717947, 57.30769230769231, 84.7051282051282
139, 626.4971840687168, 120.12543846153847, 254.97435897435898, 58.47435897435897, 84.11538461538461
140, 626.2307645557311, 120.09328974358978, 254.92307692307693, 58.6025641025641, 83.3076923076923
141, 625.9643450427454, 120.81111153846152, 254.9102564102564, 59.87179487179487, 83.1025641025641
142, 625.6979255297597, 120.90035641025642, 254.89743589743588, 60.1025641025641, 82.73076923076923
143, 625.431506016774, 121.71282820512822, 254.92307692307693, 61.44871794871795, 82.85897435897436
144, 625.1650865037883, 122.08061794871794, 254.97435897435898, 62.06410256410256, 82.78205128205128
145, 624.8986669908027, 122.51260897435891, 254.93589743589743, 62.96153846153846, 82.05128205128206
146, 624.6322474778169, 122.6081948717948, 254.97435897435898, 63.17948717948718, 81.66666666666667
147, 624.3658279648313, 122.50983461538456, 254.85897435897436, 63.205128205128204, 80.97435897435898
148, 624.0994084518455, 123.38063076923069, 254.97435897435898, 64.51282051282051, 81.57692307692308
149, 623.8329889388598, 124.00778846153844, 254.93589743589743, 65.62820512820512, 81.43589743589743
150, 623.5665694258741, 124.19241666666669, 254.93589743589743, 66.0, 81.14102564102564
151, 623.3001499128884, 124.95975000000001, 254.93589743589743, 67.2051282051282, 81.66666666666667
152, 623.0337303999028, 125.28730128205127, 254.93589743589743, 67.73076923076923, 81.83333333333333
153, 622.767310886917, 126.09951282051286, 255.0, 68.98717948717949, 82.32051282051282
154, 622.5008913739314, 126.12292435897432, 254.98717948717947, 69.12820512820512, 81.83333333333333
155, 622.2344718609456, 127.18197692307695, 254.97435897435898, 70.78205128205128, 82.64102564102564
156, 621.96805234796, 127.06429871794876, 254.96153846153845, 70.7051282051282, 82.03846153846153
157, 621.7016328349742, 127.57298076923078, 254.93589743589743, 71.58974358974359, 82.01282051282051
158, 621.4352133219886, 127.71036153846161, 254.97435897435898, 71.85897435897436, 81.73076923076923
159, 621.1687938090029, 128.56464358974355, 254.97435897435898, 73.1923076923077, 82.35897435897436
160, 620.9023742960171, 128.69805384615384, 254.97435897435898, 73.47435897435898, 82.07692307692308
161, 620.6359547830315, 129.42096666666663, 254.94871794871796, 74.66666666666667, 82.34615384615384
162, 620.3695352700457, 129.6627756410256, 254.93589743589743, 75.1025641025641, 82.25641025641026
163, 620.1031157570601, 130.30195512820515, 254.93589743589743, 76.07692307692308, 82.84615384615384
164, 619.8366962440743, 130.83564358974363, 254.97435897435898, 76.96153846153847, 82.87179487179488
165, 619.5702767310887, 131.37095256410265, 254.96153846153845, 77.8974358974359, 82.78205128205128
166, 619.303857218103, 131.78099358974356, 254.93589743589743, 78.65384615384616, 82.55128205128206
167, 619.0374377051173, 132.62659230769228, 254.97435897435898, 80.08974358974359, 82.47435897435898
168, 618.7710181921316, 133.27782564102566, 254.94871794871796, 81.1923076923077, 82.57692307692308
169, 618.5045986791458, 133.7257346153846, 254.96153846153845, 82.03846153846153, 82.11538461538461
170, 618.2381791661602, 134.43938461538463, 255.0, 83.1923076923077, 82.33333333333333
171, 617.9717596531744, 135.20951410256407, 254.98717948717947, 84.61538461538461, 81.7948717948718
172, 617.7053401401888, 135.3504128205128, 254.97435897435898, 84.96153846153847, 81.28205128205128
173, 617.4389206272031, 136.6422717948718, 254.97435897435898, 87.1025641025641, 81.58974358974359
174, 617.1725011142174, 136.82652820512817, 254.97435897435898, 87.53846153846153, 80.96153846153847
175, 616.9060816012317, 137.2791602564102, 254.80769230769232, 88.55128205128206, 80.15384615384616
176, 616.639662088246, 138.00269102564107, 254.8846153846154, 89.78205128205128, 79.96153846153847
177, 616.3732425752603, 138.60317051282044, 254.96153846153845, 90.91025641025641, 79.21794871794872
178, 616.1068230622747, 139.0177192307692, 254.98717948717947, 91.71794871794872, 78.62820512820512
179, 615.8404035492889, 139.79184999999998, 254.96153846153845, 93.0, 78.88461538461539
180, 615.5739840363033, 140.24084871794867, 254.97435897435898, 93.91025641025641, 78.1025641025641
181, 615.3075645233175, 141.399782051282, 255.0, 95.94871794871794, 77.7051282051282
182, 615.0411450103318, 141.59637435897434, 254.97435897435898, 96.61538461538461, 76.06410256410257
183, 614.7747254973461, 143.0138205128206, 255.0, 98.98717948717949, 76.21794871794872
184, 614.5083059843604, 143.70261923076913, 254.96153846153845, 100.46153846153847, 74.76923076923077
185, 614.2418864713748, 145.06283589743586, 254.97435897435898, 102.61538461538461, 75.57692307692308
186, 613.975466958389, 145.69982692307696, 254.93589743589743, 104.05128205128206, 73.87179487179488
187, 613.7090474454034, 146.8436666666667, 255.0, 105.98717948717949, 73.76923076923077
188, 613.4426279324176, 147.4729602564102, 254.8846153846154, 107.2051282051282, 73.32051282051282
189, 613.176208419432, 149.24669487179486, 254.97435897435898, 110.06410256410257, 73.92307692307692
190, 612.9097889064462, 149.7528589743589, 255.0, 111.1025641025641, 72.94871794871794
191, 612.6433693934605, 150.51941153846155, 254.98717948717947, 112.48717948717949, 72.57692307692308
192, 612.3769498804749, 151.0311935897436, 254.98717948717947, 113.7051282051282, 70.7948717948718
193, 612.1105303674891, 151.75702948717947, 254.96153846153845, 114.8974358974359, 71.08974358974359
194, 611.8441108545035, 152.3080551282051, 254.96153846153845, 116.1025641025641, 69.71794871794872
195, 611.5776913415177, 152.8128, 254.94871794871796, 117.21794871794872, 68.43589743589743
196, 611.3112718285321, 153.55559102564104, 254.98717948717947, 118.53846153846153, 68.05128205128206
197, 611.0448523155463, 154.16995128205133, 254.97435897435898, 119.65384615384616, 67.73076923076923
198, 610.7784328025607, 154.71788846153845, 254.96153846153845, 120.73076923076923, 67.02564102564102
199, 610.512013289575, 155.3517064102564, 254.98717948717947, 121.88461538461539, 66.57692307692308
200, 610.2455937765892, 155.65395000000015, 254.98717948717947, 122.64102564102564, 65.33333333333333
201, 609.9791742636036, 156.85071794871803, 255.0, 124.55128205128206, 65.96153846153847
202, 609.7127547506178, 157.37223076923087, 255.0, 125.65384615384616, 64.85897435897436
203, 609.4463352376322, 158.02685, 254.96153846153845, 126.92307692307692, 64.16666666666667
204, 609.1799157246464, 158.6232576923077, 254.98717948717947, 128.02564102564102, 63.65384615384615
205, 608.9134962116608, 159.72693846153854, 254.97435897435898, 129.89743589743588, 63.73076923076923
206, 608.647076698675, 160.4129564102565, 254.92307692307693, 131.0897435897436, 63.743589743589745
207, 608.3806571856894, 161.4137717948717, 254.97435897435898, 132.83333333333334, 63.41025641025641
208, 608.1142376727037, 161.9690012820513, 254.98717948717947, 133.97435897435898, 62.37179487179487
209, 607.847818159718, 162.71978974358973, 254.92307692307693, 135.33333333333334, 62.12820512820513
210, 607.5813986467323, 163.57436025641013, 254.98717948717947, 136.84615384615384, 61.666666666666664
211, 607.3149791337466, 164.02462307692318, 254.92307692307693, 137.80769230769232, 60.833333333333336
212, 607.0485596207609, 164.84519487179483, 254.97435897435898, 139.17948717948718, 60.833333333333336
213, 606.7821401077751, 165.99080897435903, 254.98717948717947, 141.0897435897436, 61.01282051282051
214, 606.5157205947895, 166.65733333333327, 255.0, 142.24358974358975, 60.88461538461539
215, 606.2493010818038, 167.4993602564101, 254.98717948717947, 143.76923076923077, 60.44871794871795
216, 605.9828815688181, 167.8930051282051, 254.94871794871796, 144.47435897435898, 60.37179487179487
217, 605.7164620558324, 168.81305256410263, 254.98717948717947, 146.07692307692307, 60.08974358974359
218, 605.4500425428467, 169.5577346153845, 254.96153846153845, 147.34615384615384, 60.15384615384615
219, 605.183623029861, 170.52323333333325, 254.97435897435898, 149.06410256410257, 59.743589743589745
220, 604.9172035168754, 171.4366153846154, 255.0, 150.5, 60.294871794871796
221, 604.6507840038896, 172.33939999999998, 254.97435897435898, 152.12820512820514, 59.8974358974359
222, 604.3843644909039, 172.8634102564103, 255.0, 153.01282051282053, 59.87179487179487
223, 604.1179449779182, 173.76481282051287, 254.94871794871796, 154.66666666666666, 59.3974358974359
224, 603.8515254649325, 174.62912948717948, 254.98717948717947, 156.0, 60.01282051282051
225, 603.5851059519468, 175.74705384615382, 254.97435897435898, 157.93589743589743, 59.88461538461539
226, 603.3186864389611, 176.34341282051287, 254.97435897435898, 158.8846153846154, 60.23076923076923
227, 603.0522669259755, 177.15205256410258, 254.98717948717947, 160.23076923076923, 60.35897435897436
228, 602.7858474129897, 177.41709230769237, 254.97435897435898, 160.74358974358975, 60.07692307692308
229, 602.5194279000041, 178.73924487179485, 254.98717948717947, 162.80769230769232, 61.01282051282051
230, 602.2530083870183, 178.8153935897436, 254.9102564102564, 163.05128205128204, 60.62820512820513
231, 601.9865888740327, 179.1662769230769, 254.92307692307693, 163.69230769230768, 60.37179487179487
232, 601.7201693610469, 179.94247564102565, 254.98717948717947, 164.80769230769232, 61.26923076923077
233, 601.4537498480612, 181.14508974358972, 255.0, 166.71794871794873, 61.94871794871795
234, 601.1873303350756, 181.10951794871795, 254.94871794871796, 166.73076923076923, 61.705128205128204
235, 600.9209108220898, 181.60060897435892, 254.93589743589743, 167.73076923076923, 60.8974358974359
236, 600.6544913091042, 182.40527307692304, 254.96153846153845, 168.96153846153845, 61.55128205128205
237, 600.3880717961184, 183.48538846153843, 254.96153846153845, 170.76923076923077, 61.717948717948715
238, 600.1216522831328, 183.7202461538462, 254.97435897435898, 171.2051282051282, 61.5
239, 599.855232770147, 184.51492435897438, 254.98717948717947, 172.5897435897436, 61.30769230769231
240, 599.5888132571614, 185.0427820512821, 255.0, 173.4102564102564, 61.67948717948718
241, 599.3223937441757, 185.96092564102574, 254.97435897435898, 174.9102564102564, 62.07692307692308
242, 599.05597423119, 186.18829487179488, 255.0, 175.28205128205127, 62.08974358974359
243, 598.7895547182043, 187.01569487179484, 254.97435897435898, 176.60256410256412, 62.61538461538461
244, 598.5231352052185, 187.10709230769228, 254.97435897435898, 176.82051282051282, 62.294871794871796
245, 598.2567156922329, 187.71112051282054, 254.94871794871796, 177.89743589743588, 62.11538461538461
246, 597.9902961792471, 187.82122564102565, 254.92307692307693, 178.2051282051282, 61.56410256410256
247, 597.7238766662615, 188.71673461538472, 254.96153846153845, 179.65384615384616, 61.85897435897436
248, 597.4574571532758, 189.26770641025652, 254.98717948717947, 180.57692307692307, 61.87179487179487
249, 597.1910376402901, 189.59044871794882, 255.0, 181.28205128205127, 61.03846153846154
250, 596.9246181273044, 189.5845705128206, 254.93589743589743, 181.46153846153845, 60.23076923076923
251, 596.6581986143187, 190.56728846153834, 254.93589743589743, 183.12820512820514, 60.26923076923077
252, 596.391779101333, 190.93278717948712, 254.94871794871796, 183.76923076923077, 60.14102564102564
253, 596.1253595883472, 191.2252128205128, 254.7948717948718, 184.5897435897436, 58.88461538461539
254, 595.8589400753616, 191.6444397435898, 254.96153846153845, 185.25641025641025, 58.69230769230769
255, 595.5925205623759, 192.31304230769217, 254.96153846153845, 186.5, 58.15384615384615
256, 595.3261010493902, 192.46595256410245, 254.96153846153845, 186.89743589743588, 57.44871794871795
257, 595.0596815364045, 193.43217948717944, 255.0, 188.55128205128204, 57.30769230769231
258, 594.7932620234188, 193.42501538461536, 254.97435897435898, 188.66666666666666, 56.717948717948715
259, 594.5268425104331, 194.0950794871796, 254.97435897435898, 189.9102564102564, 56.19230769230769
260, 594.2604229974474, 194.2171807692308, 254.98717948717947, 190.33333333333334, 55.05128205128205
261, 593.9940034844617, 194.60937564102565, 254.96153846153845, 191.24358974358975, 53.87179487179487
262, 593.7275839714761, 194.96693974358973, 254.96153846153845, 191.98717948717947, 53.17948717948718
263, 593.4611644584903, 195.15944999999996, 254.98717948717947, 192.37179487179486, 52.82051282051282
264, 593.1947449455047, 195.35770512820505, 255.0, 192.71794871794873, 52.743589743589745
265, 592.9283254325189, 195.50795256410254, 254.96153846153845, 193.2051282051282, 51.65384615384615
266, 592.6619059195332, 195.43643846153844, 254.97435897435898, 193.24358974358975, 50.794871794871796
267, 592.3954864065475, 195.9872615384615, 254.94871794871796, 194.37179487179486, 49.88461538461539
268, 592.1290668935618, 196.4765141025642, 254.98717948717947, 195.30769230769232, 49.256410256410255
269, 591.8626473805762, 197.03143974358977, 254.96153846153845, 196.33333333333334, 48.91025641025641
270, 591.5962278675904, 196.971926923077, 254.96153846153845, 196.6153846153846, 46.93589743589744
271, 591.3298083546048, 197.53236410256412, 254.94871794871796, 197.65384615384616, 46.53846153846154
272, 591.063388841619, 198.0384538461539, 254.94871794871796, 198.7948717948718, 45.1025641025641
273, 590.7969693286334, 198.5311025641025, 255.0, 199.7051282051282, 44.6025641025641
274, 590.5305498156476, 198.6828333333333, 255.0, 200.2051282051282, 43.35897435897436
275, 590.2641303026619, 198.83476025641016, 254.96153846153845, 200.7051282051282, 42.217948717948715
276, 589.9977107896763, 199.24376025641024, 254.96153846153845, 201.55128205128204, 41.44871794871795
277, 589.7312912766905, 199.9897717948718, 254.97435897435898, 202.9102564102564, 40.96153846153846
278, 589.4648717637049, 199.76024615384623, 254.97435897435898, 202.82051282051282, 39.41025641025641
279, 589.1984522507191, 200.60815641025647, 254.97435897435898, 204.2948717948718, 39.256410256410255
280, 588.9320327377335, 200.86948717948727, 255.0, 204.85897435897436, 38.57692307692308
281, 588.6656132247477, 201.32153076923083, 254.94871794871796, 205.87179487179486, 37.46153846153846
282, 588.3991937117621, 201.32881282051292, 254.94871794871796, 206.12820512820514, 36.205128205128204
283, 588.1327741987764, 202.57342435897436, 254.98717948717947, 208.16666666666666, 36.52564102564103
284, 587.8663546857906, 202.22736282051284, 254.96153846153845, 207.94871794871796, 34.67948717948718
285, 587.599935172805, 202.76850256410256, 254.97435897435898, 208.94871794871796, 34.243589743589745
286, 587.3335156598193, 202.98764487179488, 254.96153846153845, 209.51282051282053, 33.294871794871796
287, 587.0670961468336, 203.64477307692297, 254.96153846153845, 210.76923076923077, 32.58974358974359
288, 586.8006766338478, 203.7364525641026, 254.96153846153845, 211.0897435897436, 31.743589743589745
289, 586.5342571208622, 204.4018346153846, 254.98717948717947, 212.2948717948718, 31.307692307692307
290, 586.2678376078765, 204.5697743589744, 254.94871794871796, 212.7051282051282, 30.76923076923077
291, 586.0014180948908, 205.1485, 255.0, 213.69230769230768, 30.628205128205128
292, 585.7349985819051, 205.25989102564105, 254.93589743589743, 214.06410256410257, 29.858974358974358
293, 585.4685790689194, 206.10031282051284, 254.94871794871796, 215.47435897435898, 29.935897435897434
294, 585.2021595559337, 206.10281153846154, 254.96153846153845, 215.65384615384616, 29.0
295, 584.935740042948, 206.55591282051282, 254.97435897435898, 216.46153846153845, 28.78205128205128
296, 584.6693205299623, 206.59422179487183, 254.96153846153845, 216.7051282051282, 27.897435897435898
297, 584.4029010169766, 206.81734999999998, 254.96153846153845, 217.19230769230768, 27.346153846153847
298, 584.1364815039909, 206.83654230769233, 254.96153846153845, 217.46153846153845, 26.128205128205128
299, 583.8700619910052, 207.27866923076928, 254.97435897435898, 218.39743589743588, 25.153846153846153
300, 583.6036424780195, 207.54407051282053, 254.93589743589743, 219.03846153846155, 24.28205128205128
301, 583.3372229650338, 207.9662884615384, 254.93589743589743, 219.97435897435898, 23.166666666666668
302, 583.0708034520482, 207.96300512820508, 254.94871794871796, 220.24358974358975, 21.71794871794872
303, 582.8043839390624, 208.20497948717951, 254.94871794871796, 220.80769230769232, 20.935897435897434
304, 582.5379644260768, 207.82030641025636, 254.8846153846154, 220.62820512820514, 18.653846153846153
305, 582.271544913091, 208.4763243589743, 254.96153846153845, 221.75641025641025, 18.397435897435898
306, 582.0051254001053, 208.69714615384615, 254.94871794871796, 222.33333333333334, 17.397435897435898
307, 581.7387058871196, 208.5617538461538, 254.89743589743588, 222.32051282051282, 16.41025641025641
308, 581.4722863741339, 208.86763333333332, 254.94871794871796, 223.07692307692307, 15.064102564102564
309, 581.2058668611483, 209.46560384615375, 254.98717948717947, 224.21794871794873, 14.333333333333334
310, 580.9394473481625, 209.2514269230769, 254.96153846153845, 224.19230769230768, 12.653846153846153
311, 580.6730278351769, 209.53290512820504, 254.92307692307693, 224.83333333333334, 11.923076923076923
312, 580.4066083221911, 209.57032692307683, 254.93589743589743, 225.0897435897436, 10.897435897435898
313, 580.1401888092055, 210.1502435897435, 255.0, 226.17948717948718, 10.205128205128204
314, 579.8737692962197, 210.35879871794867, 254.96153846153845, 226.74358974358975, 9.23076923076923
315, 579.6073497832341, 211.22634743589742, 254.98717948717947, 228.32051282051282, 8.653846153846153
316, 579.3409302702484, 211.20038589743592, 254.98717948717947, 228.51282051282053, 7.435897435897436
317, 579.0745107572627, 211.85095512820524, 254.93589743589743, 229.76923076923077, 6.8076923076923075
318, 578.808091244277, 212.17628589743595, 254.96153846153845, 230.48717948717947, 5.897435897435898
319, 578.5416717312912, 213.15322179487188, 254.96153846153845, 232.24358974358975, 5.423076923076923
320, 578.2752522183056, 213.46838461538476, 254.87179487179486, 233.10256410256412, 4.0
321, 578.0088327053198, 214.1435512820514, 254.87179487179486, 234.47435897435898, 2.858974358974359
322, 577.7424131923342, 214.88308076923082, 254.57692307692307, 235.96153846153845, 2.4615384615384617
323, 577.4759936793484, 215.86704358974347, 254.17948717948718, 237.89743589743588, 2.1666666666666665
324, 577.2095741663628, 216.70759615384617, 253.01282051282053, 239.93589743589743, 2.1025641025641026
325, 576.9431546533771, 217.35617179487178, 250.97435897435898, 242.14102564102564, 1.7820512820512822
326, 576.6767351403914, 218.11123333333344, 249.46153846153845, 244.2051282051282, 1.7435897435897436
327, 576.4103156274057, 217.54766410256423, 246.82051282051282, 244.67948717948718, 1.2820512820512822
328, 576.1438961144199, 217.8138615384615, 243.82051282051282, 246.62820512820514, 1.4487179487179487
329, 575.8774766014343, 218.58668717948714, 241.5897435897436, 248.94871794871796, 2.128205128205128
330, 575.6110570884485, 218.43904743589744, 237.47435897435898, 250.80769230769232, 2.051282051282051
331, 575.3446375754629, 218.78173717948724, 235.7051282051282, 252.2948717948718, 2.0384615384615383
332, 575.0782180624772, 218.40274487179477, 232.2948717948718, 253.42307692307693, 1.8461538461538463
333, 574.8117985494915, 218.10122692307692, 230.03846153846155, 254.03846153846155, 1.9487179487179487
334, 574.5453790365058, 217.42471282051278, 227.23076923076923, 254.4102564102564, 1.4615384615384615
335, 574.2789595235201, 217.20465769230773, 225.85897435897436, 254.66666666666666, 1.8076923076923077
336, 574.0125400105344, 216.168691025641, 222.83333333333334, 254.57692307692307, 1.1153846153846154
337, 573.7461204975486, 216.20146794871792, 222.5, 254.62820512820514, 2.0128205128205128
338, 573.479700984563, 215.29826025641015, 219.7051282051282, 254.67948717948718, 1.1538461538461537
339, 573.2132814715774, 214.93812051282046, 218.4102564102564, 254.62820512820514, 1.6538461538461537
340, 572.9468619585916, 214.4214692307693, 216.71794871794873, 254.67948717948718, 1.294871794871795
341, 572.6804424456059, 213.9479128205128, 215.35897435897436, 254.5, 1.6282051282051282
342, 572.4140229326202, 213.23513333333327, 212.76923076923077, 254.66666666666666, 1.3076923076923077
343, 572.1476034196345, 212.485158974359, 210.46153846153845, 254.56410256410257, 1.3076923076923077
344, 571.8811839066489, 211.4589076923077, 206.94871794871796, 254.75641025641025, 0.5256410256410257
345, 571.6147643936631, 210.5702794871795, 203.87179487179486, 254.69230769230768, 1.1282051282051282
346, 571.3483448806775, 209.46560641025644, 200.0897435897436, 254.83333333333334, 0.6282051282051282
347, 571.0819253676917, 208.52729615384624, 197.03846153846155, 254.57692307692307, 1.7179487179487178
348, 570.8155058547061, 207.24451794871797, 192.89743589743588, 254.67948717948718, 0.7948717948717948
349, 570.5490863417203, 206.0094487179487, 189.23076923076923, 254.32051282051282, 1.4230769230769231
350, 570.2826668287346, 205.04213589743594, 185.56410256410257, 254.66666666666666, 0.7692307692307693
351, 570.016247315749, 203.89281538461543, 181.07692307692307, 254.69230769230768, 2.3205128205128207
352, 569.7498278027632, 202.20066794871798, 176.14102564102564, 254.57692307692307, 1.0128205128205128
353, 569.4834082897776, 200.8435397435897, 171.39743589743588, 254.53846153846155, 1.7435897435897436
354, 569.2169887767918, 199.50987692307697, 167.12820512820514, 254.5897435897436, 0.9743589743589743
355, 568.9505692638062, 198.30839102564107, 163.39743589743588, 254.4102564102564, 1.141025641025641
356, 568.6841497508204, 196.90861025641024, 158.89743589743588, 254.37179487179486, 0.8589743589743589
357, 568.4177302378348, 195.12419743589734, 153.4102564102564, 254.05128205128204, 1.2435897435897436
358, 568.151310724849, 193.58602307692303, 147.5897435897436, 254.47435897435898, 0.8333333333333334
359, 567.8848912118633, 191.89572692307698, 141.96153846153845, 254.34615384615384, 1.4230769230769231
360, 567.6184716988777, 190.09208461538472, 135.82051282051282, 254.5897435897436, 0.44871794871794873
361, 567.3520521858919, 188.43159358974364, 130.21794871794873, 254.47435897435898, 1.1666666666666667
362, 567.0856326729063, 186.63409487179493, 124.56410256410257, 254.42307692307693, 0.48717948717948717
363, 566.8192131599205, 185.55474871794877, 120.58974358974359, 254.44871794871796, 1.3076923076923077
364, 566.5527936469349, 183.7541076923077, 114.82051282051282, 254.43589743589743, 0.7051282051282052
365, 566.2863741339492, 182.19694102564105, 109.3076923076923, 254.43589743589743, 1.5
366, 566.0199546209635, 180.4366948717948, 103.3076923076923, 254.66666666666666, 0.6025641025641025
367, 565.7535351079778, 178.74683974358973, 98.14102564102564, 254.35897435897436, 0.9102564102564102
368, 565.4871155949921, 176.71751282051278, 91.53846153846153, 254.25641025641025, 0.9487179487179487
369, 565.2206960820064, 175.53785384615387, 86.33333333333333, 254.71794871794873, 1.8717948717948718
370, 564.9542765690207, 172.91254358974356, 78.53846153846153, 254.44871794871796, 0.6666666666666666
371, 564.687857056035, 170.8004076923077, 71.43589743589743, 254.39743589743588, 1.0256410256410255
372, 564.4214375430493, 168.48818589743584, 64.03846153846153, 254.2948717948718, 0.6666666666666666
373, 564.1550180300636, 166.14526025641024, 56.11538461538461, 254.32051282051282, 0.7564102564102564
374, 563.8885985170779, 163.7851346153847, 48.52564102564103, 254.17948717948718, 0.6794871794871795
375, 563.6221790040922, 161.89914615384623, 42.0, 254.19230769230768, 1.1794871794871795
376, 563.3557594911065, 159.27785128205127, 33.53846153846154, 254.10256410256412, 0.8333333333333334
377, 563.0893399781208, 156.48764615384607, 24.307692307692307, 254.07692307692307, 0.6923076923076923
378, 562.8229204651351, 153.7008846153846, 15.512820512820513, 253.89743589743588, 0.23076923076923078
379, 562.5565009521495, 152.3005743589744, 10.282051282051283, 254.03846153846155, 0.9358974358974359
380, 562.2900814391637, 151.01407179487188, 5.3076923076923075, 254.47435897435898, 0.44871794871794873
381, 562.023661926178, 150.60786410256412, 3.5384615384615383, 254.55128205128204, 1.1282051282051282
382, 561.7572424131923, 150.3583820512821, 2.2051282051282053, 254.80769230769232, 1.1153846153846154
383, 561.4908229002066, 150.28045512820518, 1.9871794871794872, 254.74358974358975, 1.3333333333333333
384, 561.224403387221, 149.94215384615387, 1.1538461538461537, 254.65384615384616, 1.0128205128205128
385, 560.9579838742352, 150.11182179487184, 1.2692307692307692, 254.78205128205127, 1.5384615384615385
386, 560.6915643612496, 150.06909615384617, 1.2179487179487178, 254.71794871794873, 1.6282051282051282
387, 560.4251448482638, 150.0463782051283, 0.9615384615384616, 254.7948717948718, 1.705128205128205
388, 560.1587253352782, 149.98465256410267, 0.9102564102564102, 254.73076923076923, 1.6282051282051282
389, 559.8923058222924, 150.2813730769231, 1.3974358974358974, 254.93589743589743, 1.8974358974358974
390, 559.6258863093067, 149.92757179487188, 0.8205128205128205, 254.75641025641025, 1.2307692307692308
391, 559.359466796321, 149.96352051282062, 0.8205128205128205, 254.80769230769232, 1.2820512820512822
392, 559.0930472833353, 150.08513461538467, 1.0897435897435896, 254.82051282051282, 1.5769230769230769
393, 558.8266277703497, 150.01511025641042, 0.8205128205128205, 254.83333333333334, 1.6025641025641026
394, 558.5602082573639, 150.0241564102565, 0.8717948717948718, 254.80769230769232, 1.6794871794871795
395, 558.2937887443783, 150.10203974358984, 1.0128205128205128, 254.84615384615384, 1.794871794871795
396, 558.0273692313925, 149.94307435897443, 0.7948717948717948, 254.74358974358975, 1.5
397, 557.7609497184069, 150.14932692307698, 1.2179487179487178, 254.7948717948718, 1.935897435897436
398, 557.4945302054211, 149.80575769230776, 0.7564102564102564, 254.56410256410257, 1.3205128205128205
399, 557.2281106924355, 149.90544615384624, 0.7948717948717948, 254.67948717948718, 1.5
400, 556.9616911794498, 150.03308461538478, 0.8205128205128205, 254.85897435897436, 1.6282051282051282
401, 556.6952716664641, 150.10077564102568, 1.0897435897435896, 254.7948717948718, 1.8461538461538463
402, 556.4288521534784, 150.04337564102576, 0.9871794871794872, 254.76923076923077, 1.7435897435897436
403, 556.1624326404926, 150.10747179487188, 1.0512820512820513, 254.83333333333334, 1.8076923076923077
404, 555.896013127507, 150.0465756410257, 1.0384615384615385, 254.74358974358975, 1.7692307692307692
405, 555.6295936145212, 150.1538692307693, 1.0512820512820513, 254.89743589743588, 1.8846153846153846
406, 555.3631741015356, 150.11185641025654, 1.0512820512820513, 254.83333333333334, 1.8461538461538463
407, 555.0967545885499, 150.024294871795, 0.8974358974358975, 254.7948717948718, 1.6794871794871795
408, 554.8303350755642, 149.9569397435899, 0.7307692307692307, 254.7948717948718, 1.5256410256410255
409, 554.5639155625785, 150.09660769230774, 0.9743589743589743, 254.85897435897436, 1.7820512820512822
410, 554.2974960495928, 149.95755256410263, 0.8846153846153846, 254.7051282051282, 1.5897435897435896
411, 554.0310765366071, 150.06658461538476, 0.9487179487179487, 254.83333333333334, 1.7179487179487178
412, 553.7646570236213, 149.99363974358982, 0.9102564102564102, 254.74358974358975, 1.641025641025641
413, 553.4982375106357, 150.18841666666665, 1.2179487179487178, 254.85897435897436, 1.9487179487179487
414, 553.23181799765, 149.97616025641028, 0.9615384615384616, 254.7051282051282, 1.5512820512820513
415, 552.9653984846643, 150.05497179487188, 0.9230769230769231, 254.85897435897436, 1.5512820512820513
416, 552.6989789716786, 150.0068948717949, 0.9230769230769231, 254.78205128205127, 1.5256410256410255
417, 552.4325594586929, 150.12420256410257, 1.0512820512820513, 254.87179487179486, 1.7564102564102564
418, 552.1661399457072, 149.93138205128216, 0.7948717948717948, 254.74358974358975, 1.3974358974358974
419, 551.8997204327216, 150.03818333333342, 0.9871794871794872, 254.80769230769232, 1.5
420, 551.6333009197358, 149.94906025641032, 0.9358974358974359, 254.67948717948718, 1.5128205128205128
421, 551.36688140675, 150.379341025641, 1.5897435897435896, 254.9102564102564, 2.3846153846153846
422, 551.1004618937644, 150.13447307692317, 1.294871794871795, 254.71794871794873, 2.0
423, 550.8340423807788, 150.11600128205137, 1.0128205128205128, 254.80769230769232, 2.1153846153846154
424, 550.567622867793, 150.26757948717963, 1.2564102564102564, 254.8846153846154, 2.41025641025641
425, 550.3012033548073, 150.28890641025643, 1.1923076923076923, 254.85897435897436, 2.8974358974358974
426, 550.0347838418216, 150.38369487179492, 1.2564102564102564, 254.92307692307693, 3.230769230769231
427, 549.7683643288359, 150.49169102564105, 1.4230769230769231, 254.82051282051282, 4.269230769230769
428, 549.5019448158503, 150.41328974358976, 1.0769230769230769, 254.83333333333334, 4.423076923076923
429, 549.2355253028645, 150.56071153846153, 1.3461538461538463, 254.73076923076923, 5.538461538461538
430, 548.9691057898789, 150.63777948717956, 1.3076923076923077, 254.78205128205127, 6.051282051282051
431, 548.7026862768931, 151.09038333333334, 1.6794871794871795, 254.92307692307693, 8.320512820512821
432, 548.4362667639075, 151.06497051282054, 1.4487179487179487, 254.82051282051282, 9.23076923076923
433, 548.1698472509217, 151.23616025641027, 1.3461538461538463, 254.74358974358975, 11.397435897435898
434, 547.903427737936, 151.5091987179487, 1.4743589743589745, 254.7948717948718, 13.192307692307692
435, 547.6370082249504, 152.08234871794872, 2.1538461538461537, 254.89743589743588, 15.91025641025641
436, 547.3705887119646, 152.2831705128205, 2.269230769230769, 254.7948717948718, 17.897435897435898
437, 547.104169198979, 152.37360769230773, 1.6153846153846154, 254.84615384615384, 20.141025641025642
438, 546.8377496859932, 152.3884051282051, 1.3333333333333333, 254.74358974358975, 21.53846153846154
439, 546.5713301730076, 152.96169102564102, 1.8076923076923077, 254.93589743589743, 24.333333333333332
440, 546.3049106600218, 153.02069871794873, 1.7307692307692308, 254.85897435897436, 25.44871794871795
441, 546.0384911470362, 153.2525653846154, 1.5256410256410255, 254.9102564102564, 27.756410256410255
442, 545.7720716340505, 153.29662307692308, 1.4615384615384615, 254.84615384615384, 28.641025641025642
443, 545.5056521210647, 153.6281, 1.435897435897436, 254.93589743589743, 31.153846153846153
444, 545.2392326080791, 153.7440717948718, 1.4615384615384615, 254.85897435897436, 32.5
445, 544.9728130950933, 153.95800128205136, 1.2692307692307692, 254.83333333333334, 35.01282051282051
446, 544.7063935821077, 154.24386025641027, 1.5256410256410255, 254.84615384615384, 36.782051282051285
447, 544.439974069122, 154.540791025641, 1.4487179487179487, 254.92307692307693, 39.19230769230769
448, 544.1735545561363, 154.58130769230763, 1.2820512820512822, 254.82051282051282, 40.51282051282051
449, 543.9071350431506, 154.798655128205, 1.141025641025641, 254.78205128205127, 42.98717948717949
450, 543.6407155301649, 155.1208564102564, 1.435897435897436, 254.7948717948718, 44.97435897435897
451, 543.3742960171792, 155.56519487179483, 1.7692307692307692, 254.78205128205127, 48.06410256410256
452, 543.1078765041935, 155.5610282051282, 1.3846153846153846, 254.67948717948718, 49.56410256410256
453, 542.8414569912078, 155.97445128205118, 1.2564102564102564, 254.85897435897436, 52.6025641025641
454, 542.5750374782222, 156.09006538461534, 1.141025641025641, 254.83333333333334, 54.05128205128205
455, 542.3086179652364, 156.44205000000008, 1.4230769230769231, 254.84615384615384, 56.333333333333336
456, 542.0421984522507, 156.7712820512821, 1.6666666666666667, 254.8846153846154, 58.38461538461539
457, 541.775778939265, 156.99048205128207, 1.3333333333333333, 254.89743589743588, 61.11538461538461
458, 541.5093594262793, 157.2938589743589, 1.6666666666666667, 254.84615384615384, 63.166666666666664
459, 541.2429399132936, 157.37493461538457, 1.294871794871795, 254.71794871794873, 65.51282051282051
460, 540.9765204003079, 157.60787948717947, 1.4615384615384615, 254.74358974358975, 66.98717948717949
461, 540.7101008873223, 157.9332717948718, 1.5128205128205128, 254.75641025641025, 69.64102564102564
462, 540.4436813743365, 157.94416282051282, 1.1923076923076923, 254.75641025641025, 70.57692307692308
463, 540.1772618613509, 158.45473589743594, 1.7435897435897436, 254.80769230769232, 73.34615384615384
464, 539.9108423483651, 158.7067602564102, 1.8846153846153846, 254.85897435897436, 74.92307692307692
465, 539.6444228353794, 158.81755897435897, 1.3333333333333333, 254.82051282051282, 77.53846153846153
466, 539.3780033223937, 158.89586538461538, 1.3461538461538463, 254.73076923076923, 78.65384615384616
467, 539.111583809408, 159.24779358974362, 1.8076923076923077, 254.67948717948718, 80.7948717948718
468, 538.8451642964224, 159.50872435897438, 1.858974358974359, 254.76923076923077, 82.48717948717949
469, 538.5787447834366, 159.79398846153853, 1.2692307692307692, 254.92307692307693, 85.74358974358974
470, 538.312325270451, 160.01172179487182, 1.3717948717948718, 254.92307692307693, 87.38461538461539
471, 538.0459057574652, 160.19792564102562, 1.2564102564102564, 254.92307692307693, 89.32051282051282
472, 537.7794862444796, 160.25998076923074, 1.3461538461538463, 254.84615384615384, 90.02564102564102
473, 537.5130667314938, 160.4662102564102, 1.2307692307692308, 254.82051282051282, 92.26923076923077
474, 537.2466472185081, 160.67111025641012, 1.4615384615384615, 254.82051282051282, 93.46153846153847
475, 536.9802277055225, 161.05637564102568, 1.7564102564102564, 254.84615384615384, 95.93589743589743
476, 536.7138081925368, 160.76808461538465, 1.3333333333333333, 254.52564102564102, 96.16666666666667
477, 536.4473886795511, 161.05939358974354, 1.3205128205128205, 254.69230769230768, 97.8974358974359
478, 536.1809691665653, 161.11088076923085, 1.1923076923076923, 254.73076923076923, 98.48717948717949
479, 535.9145496535797, 161.59917179487175, 1.4871794871794872, 254.8846153846154, 101.2051282051282
480, 535.6481301405939, 161.47010512820515, 1.1282051282051282, 254.80769230769232, 101.41025641025641
481, 535.3817106276083, 161.81357564102564, 1.4230769230769231, 254.78205128205127, 103.78205128205128
482, 535.1152911146226, 161.74979230769227, 1.3076923076923077, 254.69230769230768, 103.98717948717949
483, 534.8488716016368, 162.06668333333337, 1.5, 254.82051282051282, 105.6025641025641
484, 534.5824520886512, 162.07173205128203, 1.5256410256410255, 254.66666666666666, 106.37179487179488
485, 534.3160325756655, 162.47242692307688, 1.8846153846153846, 254.73076923076923, 108.61538461538461
486, 534.0496130626798, 162.58413717948721, 1.9615384615384615, 254.7051282051282, 109.52564102564102
487, 533.783193549694, 162.4351538461539, 1.4102564102564104, 254.60256410256412, 110.1923076923077
488, 533.5167740367084, 162.63010000000003, 1.6923076923076923, 254.57692307692307, 111.2948717948718
489, 533.2503545237226, 163.06996410256417, 1.1282051282051282, 254.94871794871796, 114.71794871794872
490, 532.983935010737, 163.02737051282045, 1.0384615384615385, 254.7948717948718, 115.37179487179488
491, 532.7175154977513, 163.31982564102557, 1.358974358974359, 254.75641025641025, 117.2948717948718
492, 532.4510959847656, 163.27307948717944, 1.1282051282051282, 254.60256410256412, 118.28205128205128
493, 532.1846764717799, 163.69533717948713, 1.1153846153846154, 254.82051282051282, 120.8974358974359
494, 531.9182569587942, 163.93691282051276, 1.2564102564102564, 254.85897435897436, 122.44871794871794
495, 531.6518374458085, 164.07405, 1.0384615384615385, 254.80769230769232, 124.48717948717949
496, 531.3854179328227, 164.14216282051282, 1.064102564102564, 254.66666666666666, 125.74358974358974
497, 531.1189984198371, 164.71152179487183, 1.5769230769230769, 254.89743589743588, 128.2051282051282
498, 530.8525789068515, 164.648858974359, 1.4102564102564104, 254.74358974358975, 128.8846153846154
499, 530.5861593938657, 164.9843282051282, 1.4615384615384615, 254.83333333333334, 131.23076923076923
500, 530.31973988088, 164.80601025641036, 1.1794871794871795, 254.46153846153845, 132.32051282051282
501, 530.0533203678943, 165.62818461538467, 1.7435897435897436, 254.82051282051282, 136.2051282051282
502, 529.7869008549086, 165.67515897435905, 1.6153846153846154, 254.67948717948718, 137.67948717948718
503, 529.520481341923, 166.29298333333332, 2.217948717948718, 254.80769230769232, 140.85897435897436
504, 529.2540618289372, 166.28404615384616, 1.9743589743589745, 254.78205128205127, 141.55128205128204
505, 528.9876423159515, 166.37304615384622, 1.5897435897435896, 254.74358974358975, 143.53846153846155
506, 528.7212228029658, 166.60980897435897, 1.9102564102564104, 254.78205128205127, 144.57692307692307
507, 528.4548032899802, 166.8176512820513, 1.564102564102564, 254.78205128205127, 147.30769230769232
508, 528.1883837769944, 166.9576833333333, 1.6282051282051282, 254.75641025641025, 148.5
509, 527.9219642640087, 167.22752692307697, 1.2692307692307692, 254.84615384615384, 151.34615384615384
510, 527.6555447510231, 167.20963974358975, 1.0384615384615385, 254.75641025641025, 152.25641025641025
511, 527.3891252380373, 167.60634358974363, 1.435897435897436, 254.76923076923077, 154.62820512820514
512, 527.1227057250517, 167.9572141025641, 1.8333333333333333, 254.92307692307693, 155.87179487179486
513, 526.8562862120659, 167.7599487179488, 1.0256410256410255, 254.76923076923077, 157.05128205128204
514, 526.5898666990803, 168.01411282051288, 1.435897435897436, 254.76923076923077, 158.2051282051282
515, 526.3234471860945, 168.43307179487178, 1.5897435897435896, 254.87179487179486, 160.94871794871796
516, 526.0570276731089, 168.33546923076923, 1.3333333333333333, 254.75641025641025, 161.35897435897436
517, 525.7906081601232, 168.65457307692307, 1.705128205128205, 254.78205128205127, 163.05128205128204
518, 525.5241886471374, 168.62324102564108, 1.564102564102564, 254.73076923076923, 163.4102564102564
519, 525.2577691341518, 169.07798333333335, 2.08974358974359, 254.87179487179486, 165.2948717948718
520, 524.991349621166, 168.82266538461545, 1.6794871794871795, 254.71794871794873, 164.92307692307693
521, 524.7249301081804, 169.05440256410262, 1.7435897435897436, 254.75641025641025, 166.5897435897436
522, 524.4585105951946, 168.97997435897437, 1.6666666666666667, 254.65384615384616, 166.66666666666666
523, 524.192091082209, 169.24292051282063, 1.8205128205128205, 254.69230769230768, 168.37179487179486
524, 523.9256715692233, 169.24353076923074, 1.7435897435897436, 254.7051282051282, 168.51282051282053
525, 523.6592520562376, 169.2890602564102, 1.1923076923076923, 254.78205128205127, 169.96153846153845
526, 523.3928325432519, 169.28038717948715, 1.2564102564102564, 254.69230769230768, 170.17948717948718
527, 523.1264130302661, 169.477714102564, 1.064102564102564, 254.80769230769232, 171.82051282051282
528, 522.8599935172805, 169.50625384615378, 1.0512820512820513, 254.82051282051282, 172.03846153846155
529, 522.5935740042949, 169.68086794871797, 1.064102564102564, 254.80769230769232, 173.60256410256412
530, 522.3271544913091, 169.7479256410257, 1.2564102564102564, 254.76923076923077, 173.8846153846154
531, 522.0607349783234, 169.90806282051284, 1.294871794871795, 254.74358974358975, 175.32051282051282
532, 521.7943154653377, 170.1000115384616, 1.5512820512820513, 254.82051282051282, 175.93589743589743
533, 521.527895952352, 170.05768589743596, 1.2179487179487178, 254.66666666666666, 177.23076923076923
534, 521.2614764393663, 170.1639500000001, 1.3974358974358974, 254.66666666666666, 177.69230769230768
535, 520.9950569263806, 170.37198205128212, 1.3333333333333333, 254.7051282051282, 179.48717948717947
536, 520.7286374133948, 170.35127948717948, 1.1794871794871795, 254.73076923076923, 179.57692307692307
537, 520.4622179004092, 170.53386923076923, 1.0512820512820513, 254.74358974358975, 181.44871794871796
538, 520.1957983874236, 170.8238089743589, 1.6538461538461537, 254.75641025641025, 182.34615384615384
539, 519.9293788744378, 170.99703205128202, 1.3461538461538463, 254.7948717948718, 184.47435897435898
540, 519.6629593614521, 170.95023333333333, 1.1282051282051282, 254.75641025641025, 184.83333333333334
541, 519.3965398484664, 171.48447435897432, 1.794871794871795, 254.85897435897436, 187.24358974358975
542, 519.1301203354807, 171.24754102564097, 1.5128205128205128, 254.56410256410257, 187.42307692307693
543, 518.863700822495, 171.82479743589752, 2.0256410256410255, 254.74358974358975, 190.21794871794873
544, 518.5972813095093, 171.45269871794875, 1.6025641025641026, 254.30769230769232, 190.30769230769232
545, 518.3308617965237, 171.89196410256403, 2.1538461538461537, 254.2051282051282, 193.24358974358975
546, 518.0644422835379, 171.63897179487176, 1.564102564102564, 254.07692307692307, 193.23076923076923
547, 517.7980227705523, 171.63046410256402, 1.7692307692307692, 253.66666666666666, 194.73076923076923
548, 517.5316032575665, 170.99218333333332, 1.3717948717948718, 252.76923076923077, 194.7948717948718
549, 517.2651837445808, 171.32698333333335, 1.9615384615384615, 252.55128205128204, 197.30769230769232
550, 516.9987642315951, 171.0171205128205, 2.128205128205128, 251.76923076923077, 198.17948717948718
551, 516.7323447186095, 170.46250128205125, 2.0384615384615383, 250.64102564102564, 199.35897435897436
552, 516.4659252056238, 169.85817564102564, 1.5769230769230769, 249.85897435897436, 199.2948717948718
553, 516.199505692638, 169.84062948717948, 1.5256410256410255, 249.3846153846154, 201.71794871794873
554, 515.9330861796524, 169.42454871794874, 1.8205128205128205, 248.52564102564102, 201.71794871794873
555, 515.6666666666666, 169.29615384615383, 2.3076923076923075, 247.53846153846155, 204.39743589743588
556, 515.400247153681, 168.7338423076923, 1.9615384615384615, 246.76923076923077, 204.33333333333334
557, 515.1338276406952, 167.49057820512823, 1.7820512820512822, 244.53846153846155, 205.3846153846154
558, 514.8674081277095, 166.74452948717948, 1.2435897435897436, 243.56410256410257, 205.26923076923077
559, 514.6009886147239, 165.93391538461537, 1.6153846153846154, 241.6153846153846, 207.21794871794873
560, 514.3345691017382, 165.53288076923076, 1.4487179487179487, 240.98717948717947, 207.37179487179486
561, 514.0681495887525, 164.13772564102564, 1.5897435897435896, 238.37179487179486, 208.23076923076923
562, 513.8017300757667, 163.65232692307686, 1.0897435897435896, 237.78205128205127, 208.32051282051282
563, 513.5353105627811, 164.01243076923075, 1.7179487179487178, 237.60256410256412, 210.75641025641025
564, 513.2688910497953, 164.13469358974368, 2.0384615384615383, 237.52564102564102, 211.3846153846154
565, 513.0024715368097, 163.5918871794872, 2.282051282051282, 236.21794871794873, 212.71794871794873
566, 512.736052023824, 162.59341025641018, 1.6666666666666667, 234.98717948717947, 211.9102564102564
567, 512.4696325108383, 161.79781794871798, 1.6923076923076923, 233.47435897435898, 212.65384615384616
568, 512.2032129978526, 160.6704576923077, 0.9358974358974359, 232.12820512820514, 211.67948717948718
569, 511.9367934848669, 160.68266666666665, 1.1538461538461537, 231.67948717948718, 213.52564102564102
570, 511.6703739718812, 161.33737307692303, 1.9102564102564104, 232.21794871794873, 214.51282051282053
571, 511.4039544588955, 161.19944102564094, 2.128205128205128, 231.44871794871796, 216.69230769230768
572, 511.1375349459098, 160.35021025641024, 1.358974358974359, 230.52564102564102, 216.01282051282053
573, 510.87111543292406, 160.79489230769235, 1.9743589743589745, 230.47435897435898, 218.56410256410257
574, 510.6046959199384, 160.21458846153843, 1.4230769230769231, 229.84615384615384, 218.15384615384616
575, 510.3382764069527, 160.22705897435904, 2.230769230769231, 229.10256410256412, 219.97435897435898
576, 510.07185689396704, 158.88078205128207, 1.1538461538461537, 227.56410256410257, 218.9102564102564
577, 509.8054373809813, 158.95983333333334, 1.794871794871795, 226.96153846153845, 221.02564102564102
578, 509.5390178679956, 157.51725128205126, 0.9487179487179487, 225.24358974358975, 219.43589743589743
579, 509.2725983550099, 157.79900641025637, 1.6025641025641026, 225.07692307692307, 221.05128205128204
580, 509.0061788420242, 157.7522679487179, 1.5512820512820513, 224.94871794871796, 221.43589743589743
581, 508.7397593290385, 158.2809512820513, 1.8974358974358974, 225.1153846153846, 224.30769230769232
582, 508.4733398160528, 158.06001538461535, 1.641025641025641, 224.7948717948718, 224.69230769230768
583, 508.20692030306714, 158.14551153846156, 2.0641025641025643, 224.44871794871796, 226.1153846153846
584, 507.9405007900814, 157.33815641025635, 1.3846153846153846, 223.55128205128204, 225.43589743589743
585, 507.67408127709575, 156.96318333333332, 1.6282051282051282, 222.48717948717947, 226.98717948717947
586, 507.40766176411, 155.89225512820508, 0.9102564102564102, 221.2051282051282, 226.07692307692307
587, 507.14124225112437, 155.82383076923068, 1.3076923076923077, 220.42307692307693, 228.46153846153845
588, 506.8748227381386, 155.26134358974352, 0.9230769230769231, 219.71794871794873, 228.16666666666666
589, 506.6084032251529, 155.39093846153847, 1.641025641025641, 219.10256410256412, 230.5897435897436
590, 506.34198371216723, 154.58587564102564, 1.1153846153846154, 218.12820512820514, 229.92307692307693
591, 506.07556419918154, 154.41464358974366, 1.5128205128205128, 217.23076923076923, 232.0
592, 505.80914468619585, 154.47836153846154, 1.5128205128205128, 217.28205128205127, 232.2948717948718
593, 505.54272517321016, 154.04147948717943, 1.4871794871794872, 216.19230769230768, 234.14102564102564
594, 505.27630566022447, 153.87018461538455, 1.358974358974359, 215.93589743589743, 234.2948717948718
595, 505.0098861472387, 154.07116923076924, 1.7692307692307692, 215.73076923076923, 236.03846153846155
596, 504.7434666342531, 152.8403833333334, 0.9102564102564102, 214.23076923076923, 235.21794871794873
597, 504.47704712126733, 153.00111923076918, 1.3717948717948718, 213.67948717948718, 238.25641025641025
598, 504.2106276082817, 153.57442435897428, 2.0384615384615383, 214.10256410256412, 239.35897435897436
599, 503.94420809529595, 152.97536153846153, 1.7692307692307692, 213.0, 240.48717948717947
600, 503.67778858231026, 151.63617820512815, 1.0384615384615385, 211.2948717948718, 239.43589743589743
601, 503.41136906932456, 151.31735384615388, 1.205128205128205, 210.24358974358975, 241.6153846153846
602, 503.1449495563389, 151.89879230769233, 1.564102564102564, 210.7948717948718, 242.93589743589743
603, 502.8785300433532, 151.48735128205132, 2.0, 209.44871794871796, 245.1153846153846
604, 502.6121105303675, 150.84932820512827, 1.3333333333333333, 208.74358974358975, 244.89743589743588
605, 502.3456910173818, 150.28893846153846, 1.3846153846153846, 207.46153846153845, 246.44871794871796
606, 502.07927150439605, 149.4770794871795, 1.0, 206.35897435897436, 246.01282051282053
607, 501.8128519914104, 149.0853333333333, 1.2820512820512822, 205.17948717948718, 247.9102564102564
608, 501.54643247842466, 148.93147564102563, 1.141025641025641, 204.8846153846154, 248.44871794871796
609, 501.280012965439, 148.68544102564107, 1.2307692307692308, 204.05128205128204, 250.34615384615384
610, 501.0135934524533, 148.6666525641026, 1.1666666666666667, 203.98717948717947, 250.67948717948718
611, 500.7471739394676, 148.66069871794872, 1.6025641025641026, 203.53846153846155, 251.7948717948718
612, 500.4807544264819, 147.99999230769234, 0.9743589743589743, 202.62820512820514, 252.33333333333334
613, 500.2143349134962, 148.1367487179487, 1.8717948717948718, 202.1153846153846, 253.82051282051282
614, 499.9479154005105, 147.05745128205132, 0.8717948717948718, 200.74358974358975, 254.03846153846155
615, 499.68149588752476, 146.7235551282051, 0.9871794871794872, 200.05128205128204, 254.37179487179486
616, 499.4150763745391, 146.31140000000002, 0.6153846153846154, 199.53846153846155, 254.37179487179486
617, 499.1486568615534, 146.19916794871793, 1.5256410256410255, 198.76923076923077, 254.96153846153845
618, 498.88223734856774, 145.64181410256413, 1.0897435897435896, 198.06410256410257, 254.84615384615384
619, 498.615817835582, 145.5339115384615, 1.7820512820512822, 197.51282051282053, 254.92307692307693
620, 498.34939832259636, 144.67645897435895, 1.0512820512820513, 196.46153846153845, 254.73076923076923
621, 498.0829788096106, 144.59223589743596, 1.4871794871794872, 196.05128205128204, 254.96153846153845
622, 497.8165592966249, 144.07626153846155, 0.9743589743589743, 195.43589743589743, 254.94871794871796
623, 497.5501397836392, 143.66114999999994, 1.4487179487179487, 194.48717948717947, 254.94871794871796
624, 497.28372027065353, 143.15653461538454, 1.064102564102564, 193.83333333333334, 254.89743589743588
625, 497.01730075766784, 142.97957692307688, 1.6666666666666667, 193.2051282051282, 255.0
626, 496.7508812446821, 141.94583333333335, 0.7692307692307693, 191.93589743589743, 254.82051282051282
627, 496.48446173169646, 141.45457564102566, 1.0384615384615385, 190.97435897435898, 254.75641025641025
628, 496.2180422187107, 140.8109076923077, 0.7948717948717948, 190.06410256410257, 254.43589743589743
629, 495.9516227057251, 140.40728846153843, 1.4743589743589745, 188.93589743589743, 254.92307692307693
630, 495.6852031927393, 140.10940256410257, 1.358974358974359, 188.48717948717947, 254.92307692307693
631, 495.41878367975363, 139.67694743589752, 1.6794871794871795, 187.5897435897436, 254.9102564102564
632, 495.15236416676794, 138.43347820512827, 1.1153846153846154, 185.83333333333334, 254.52564102564102
633, 494.88594465378225, 137.19488974358978, 1.2307692307692308, 183.67948717948718, 254.44871794871796
634, 494.61952514079655, 136.1907000000001, 0.6923076923076923, 182.30769230769232, 254.1153846153846
635, 494.35310562781086, 135.70925384615387, 1.0512820512820513, 181.2051282051282, 254.62820512820514
636, 494.08668611482517, 135.58671410256414, 1.1923076923076923, 180.97435897435898, 254.37179487179486
637, 493.8202666018394, 135.53839871794875, 1.7820512820512822, 180.48717948717947, 254.9102564102564
638, 493.5538470888538, 134.58655512820516, 1.3717948717948718, 179.16666666666666, 254.43589743589743
639, 493.28742757586804, 134.09146025641024, 1.6794871794871795, 178.07692307692307, 254.89743589743588
640, 493.0210080628824, 133.23746282051277, 1.0128205128205128, 176.96153846153845, 254.89743589743588
641, 492.75458854989665, 133.14321025641019, 1.8717948717948718, 176.34615384615384, 254.98717948717947
642, 492.48816903691096, 132.07782179487177, 0.8846153846153846, 175.05128205128204, 254.89743589743588
643, 492.22174952392527, 131.42028974358973, 1.3333333333333333, 173.7051282051282, 254.8846153846154
644, 491.9553300109396, 130.45230512820504, 0.9230769230769231, 172.2948717948718, 254.73076923076923
645, 491.6889104979539, 129.7067333333333, 1.2564102564102564, 170.80769230769232, 254.97435897435898
646, 491.4224909849682, 128.83962307692306, 0.9487179487179487, 169.48717948717947, 254.97435897435898
647, 491.1560714719825, 127.67951410256407, 1.2692307692307692, 167.39743589743588, 254.71794871794873
648, 490.88965195899675, 126.48684743589743, 0.6282051282051282, 165.76923076923077, 254.32051282051282
649, 490.6232324460111, 125.96675128205133, 1.3333333333333333, 164.47435897435898, 254.57692307692307
650, 490.35681293302537, 125.3394743589744, 1.1538461538461537, 163.48717948717947, 254.62820512820514
651, 490.09039342003973, 124.59760128205133, 1.935897435897436, 161.80769230769232, 254.71794871794873
652, 489.823973907054, 123.67761282051273, 1.435897435897436, 160.5, 254.69230769230768
653, 489.5575543940683, 122.59800897435893, 1.5769230769230769, 158.56410256410257, 254.82051282051282
654, 489.2911348810826, 121.24684487179486, 0.782051282051282, 156.67948717948718, 254.75641025641025
655, 489.0247153680969, 120.00884871794875, 1.1282051282051282, 154.37179487179486, 254.87179487179486
656, 488.7582958551112, 118.39516410256412, 0.7948717948717948, 151.8846153846154, 254.39743589743588
657, 488.4918763421255, 117.42228461538463, 1.3846153846153846, 149.8846153846154, 254.6153846153846
658, 488.22545682913983, 116.5357948717949, 0.8974358974358975, 148.60256410256412, 254.71794871794873
659, 487.9590373161541, 116.14703974358973, 1.9102564102564104, 147.47435897435898, 254.46153846153845
660, 487.69261780316845, 115.2266141025641, 1.294871794871795, 146.19230769230768, 254.60256410256412
661, 487.4261982901827, 114.75642820512824, 1.4871794871794872, 145.24358974358975, 254.85897435897436
662, 487.15977877719706, 114.07433974358982, 1.2179487179487178, 144.24358974358975, 254.73076923076923
663, 486.8933592642113, 112.91075128205135, 1.7179487179487178, 141.97435897435898, 254.89743589743588
664, 486.6269397512256, 111.20857179487182, 0.9487179487179487, 139.53846153846155, 254.52564102564102
665, 486.3605202382399, 109.88512564102555, 1.3076923076923077, 137.05128205128204, 254.78205128205127
666, 486.09410072525424, 108.37008076923077, 0.8589743589743589, 134.74358974358975, 254.55128205128204
667, 485.82768121226854, 107.40047692307687, 1.1282051282051282, 132.89743589743588, 254.84615384615384
668, 485.5612616992828, 106.69860256410252, 1.4102564102564104, 131.6153846153846, 254.55128205128204
669, 485.29484218629716, 105.04441923076921, 1.064102564102564, 128.94871794871796, 254.67948717948718
670, 485.0284226733114, 103.31853974358977, 0.6282051282051282, 126.3076923076923, 254.28205128205127
671, 484.7620031603258, 102.47557051282051, 1.4743589743589745, 124.34615384615384, 254.76923076923077
672, 484.49558364734, 100.73677307692313, 1.2435897435897436, 121.55128205128206, 254.51282051282053
673, 484.22916413435433, 98.84255897435898, 1.205128205128205, 118.26923076923077, 254.89743589743588
674, 483.96274462136864, 96.65093974358975, 0.7307692307692307, 114.87179487179488, 254.4102564102564
675, 483.69632510838295, 95.03026153846155, 0.9743589743589743, 111.97435897435898, 254.47435897435898
676, 483.42990559539726, 93.0428230769231, 1.0, 108.61538461538461, 254.26923076923077
677, 483.16348608241157, 90.63078589743597, 1.5, 104.17948717948718, 254.64102564102564
678, 482.8970665694259, 87.95061025641023, 0.9487179487179487, 99.96153846153847, 254.2948717948718
679, 482.6306470564401, 85.72278589743591, 0.8589743589743589, 96.26923076923077, 254.0
680, 482.3642275434545, 83.8694487179487, 0.8974358974358975, 93.17948717948718, 253.55128205128204
681, 482.09780803046874, 82.6998269230769, 1.3461538461538463, 90.76923076923077, 254.52564102564102
682, 481.8313885174831, 81.09240128205124, 1.3717948717948718, 88.01282051282051, 254.55128205128204
683, 481.56496900449736, 78.92807564102567, 1.1666666666666667, 84.41025641025641, 254.65384615384616
684, 481.29854949151166, 77.19103461538464, 0.6794871794871795, 81.75641025641026, 254.35897435897436
685, 481.032129978526, 75.74340512820513, 1.0769230769230769, 79.02564102564102, 254.67948717948718
686, 480.7657104655403, 74.39922307692309, 1.1025641025641026, 76.7948717948718, 254.30769230769232
687, 480.4992909525546, 72.83333589743587, 1.5128205128205128, 73.84615384615384, 254.67948717948718
688, 480.2328714395689, 71.12630128205132, 1.4743589743589745, 71.0, 254.46153846153845
689, 479.9664519265832, 68.72465384615383, 1.4102564102564104, 66.94871794871794, 254.42307692307693
690, 479.70003241359746, 66.73644102564104, 1.1025641025641026, 63.73076923076923, 254.35897435897436
691, 479.4336129006118, 65.13608717948718, 1.435897435897436, 60.794871794871796, 254.56410256410257
692, 479.16719338762607, 63.27584871794872, 1.2564102564102564, 57.69230769230769, 254.69230769230768
693, 478.90077387464044, 61.086937179487194, 1.5256410256410255, 53.84615384615385, 254.5897435897436
694, 478.6343543616547, 58.15547179487183, 1.0512820512820513, 49.14102564102564, 254.34615384615384
695, 478.367934848669, 55.54207948717951, 0.8717948717948718, 44.80769230769231, 254.2051282051282
696, 478.1015153356833, 52.92377179487183, 0.7435897435897436, 40.48717948717949, 253.82051282051282
697, 477.8350958226976, 50.52410000000001, 1.0512820512820513, 36.205128205128204, 254.01282051282053
698, 477.5686763097119, 48.78953076923074, 1.6153846153846154, 32.92307692307692, 254.21794871794873
699, 477.3022567967262, 46.28882307692309, 1.641025641025641, 28.602564102564102, 254.46153846153845
700, 477.03583728374053, 42.841997435897426, 0.9230769230769231, 23.141025641025642, 254.23076923076923
701, 476.7694177707548, 40.868784615384605, 1.7692307692307692, 19.346153846153847, 254.24358974358975
702, 476.50299825776915, 36.82351153846154, 1.0384615384615385, 13.038461538461538, 253.15384615384616
703, 476.2365787447834, 33.83442692307694, 0.8589743589743589, 8.012820512820513, 253.28205128205127
704, 475.97015923179777, 31.901983333333348, 0.6794871794871795, 4.961538461538462, 252.51282051282053
705, 475.703739718812, 31.588871794871782, 2.1794871794871793, 3.5, 253.35897435897436
706, 475.4373202058263, 30.51159999999998, 1.6923076923076923, 2.0, 252.9102564102564
707, 475.17090069284063, 30.12915256410255, 1.6794871794871795, 1.3076923076923077, 253.15384615384616
708, 474.90448117985494, 30.416039743589746, 2.0384615384615383, 1.641025641025641, 253.01282051282053
709, 474.63806166686925, 30.80551282051282, 2.5641025641025643, 1.8974358974358974, 253.73076923076923
710, 474.3716421538835, 30.647828205128196, 2.358974358974359, 1.7307692307692308, 253.74358974358975
711, 474.10522264089786, 30.533901282051268, 2.269230769230769, 1.6794871794871795, 253.24358974358975
712, 473.8388031279121, 30.79163076923076, 2.5384615384615383, 1.9615384615384615, 253.34615384615384
713, 473.5723836149265, 30.447439743589747, 2.141025641025641, 1.5128205128205128, 253.67948717948718
714, 473.30596410194073, 30.575594871794866, 2.2564102564102564, 1.6923076923076923, 253.57692307692307
715, 473.0395445889551, 30.71202564102563, 2.4358974358974357, 1.8333333333333333, 253.57692307692307
716, 472.77312507596935, 30.507805128205135, 2.2051282051282053, 1.6153846153846154, 253.51282051282053
717, 472.50670556298365, 30.519396153846156, 2.1923076923076925, 1.5769230769230769, 253.84615384615384
718, 472.24028604999796, 30.244723076923066, 1.8717948717948718, 1.3717948717948718, 253.33333333333334
719, 471.97386653701227, 30.681071794871787, 2.358974358974359, 1.794871794871795, 253.7051282051282
720, 471.7074470240266, 30.506911538461527, 2.1666666666666665, 1.5512820512820513, 253.93589743589743
721, 471.44102751104083, 30.721937179487167, 2.423076923076923, 1.7820512820512822, 253.96153846153845
722, 471.1746079980552, 30.143949999999993, 1.7820512820512822, 1.3205128205128205, 252.94871794871796
723, 470.90818848506945, 30.426701282051265, 2.08974358974359, 1.5384615384615385, 253.5
724, 470.6417689720838, 30.690335897435872, 2.41025641025641, 1.7820512820512822, 253.71794871794873
725, 470.37534945909806, 30.12456666666667, 1.7692307692307692, 1.1794871794871795, 253.53846153846155
726, 470.10892994611237, 30.4124205128205, 2.076923076923077, 1.5256410256410255, 253.47435897435898
727, 469.8425104331267, 31.100594871794865, 2.8974358974358974, 2.217948717948718, 253.7948717948718
728, 469.576090920141, 30.216533333333334, 1.8461538461538463, 1.2820512820512822, 253.6153846153846
729, 469.3096714071553, 30.42753076923076, 2.128205128205128, 1.5128205128205128, 253.53846153846155
730, 469.0432518941696, 30.585389743589733, 2.2564102564102564, 1.6666666666666667, 253.7948717948718
731, 468.7768323811839, 30.43199487179486, 2.1025641025641026, 1.5384615384615385, 253.51282051282053
732, 468.51041286819816, 30.29368846153846, 1.9615384615384615, 1.3846153846153846, 253.46153846153845
733, 468.2439933552125, 30.79539871794871, 2.551282051282051, 1.8717948717948718, 253.80769230769232
734, 467.9775738422268, 30.46620641025641, 2.1666666666666665, 1.564102564102564, 253.51282051282053
735, 467.71115432924114, 29.966648717948722, 1.5897435897435896, 1.064102564102564, 253.21794871794873
736, 467.4447348162554, 30.288038461538452, 1.9230769230769231, 1.3846153846153846, 253.51282051282053
737, 467.1783153032697, 30.889735897435887, 2.641025641025641, 1.9743589743589745, 253.87179487179486
738, 466.911895790284, 30.513869230769224, 2.2051282051282053, 1.6282051282051282, 253.5
739, 466.6454762772983, 30.540533333333315, 2.230769230769231, 1.6282051282051282, 253.66666666666666
740, 466.3790567643126, 30.207610256410256, 1.8461538461538463, 1.358974358974359, 253.14102564102564
741, 466.11263725132693, 30.564397435897433, 2.3076923076923075, 1.6794871794871795, 253.4102564102564
742, 465.84621773834124, 30.64674487179487, 2.423076923076923, 1.7435897435897436, 253.5
743, 465.5797982253555, 30.513906410256403, 2.217948717948718, 1.5769230769230769, 253.73076923076923
744, 465.31337871236985, 30.61590769230769, 2.3333333333333335, 1.6794871794871795, 253.7948717948718
745, 465.0469591993841, 30.17860769230769, 1.8717948717948718, 1.1794871794871795, 253.74358974358975
746, 464.78053968639847, 30.57995897435896, 2.3333333333333335, 1.6282051282051282, 253.74358974358975
747, 464.5141201734127, 30.018143589743584, 1.641025641025641, 1.1282051282051282, 253.2051282051282
748, 464.24770066042703, 30.70353333333332, 2.4871794871794872, 1.8076923076923077, 253.5
749, 463.98128114744134, 30.533821794871784, 2.2948717948717947, 1.6538461538461537, 253.30769230769232
750, 463.71486163445564, 30.132571794871776, 1.8461538461538463, 1.2435897435897436, 253.07692307692307
751, 463.44844212146995, 30.2979205128205, 2.076923076923077, 1.4102564102564104, 253.06410256410257
752, 463.18202260848426, 30.21904871794872, 1.9487179487179487, 1.3461538461538463, 253.03846153846155
753, 462.91560309549857, 30.30396923076922, 2.1025641025641026, 1.4871794871794872, 252.65384615384616
754, 462.6491835825128, 30.312780769230756, 2.0641025641025643, 1.564102564102564, 252.43589743589743
755, 462.3827640695272, 30.18426025641025, 2.0128205128205128, 1.5256410256410255, 251.64102564102564
756, 462.11634455654143, 29.749612820512805, 1.564102564102564, 1.1282051282051282, 251.05128205128204
757, 461.8499250435558, 29.834658974358955, 2.0, 1.2179487179487178, 250.19230769230768
758, 461.58350553057005, 29.74631794871794, 1.9487179487179487, 1.3076923076923077, 249.0897435897436
759, 461.31708601758436, 29.38159871794871, 1.705128205128205, 0.9871794871794872, 248.17948717948718
760, 461.05066650459867, 29.850898717948706, 2.1666666666666665, 1.564102564102564, 248.1153846153846
761, 460.784246991613, 29.402238461538452, 1.8461538461538463, 1.2692307692307692, 246.53846153846155
762, 460.5178274786273, 29.412751282051268, 1.8461538461538463, 1.3717948717948718, 246.10256410256412
763, 460.25140796564153, 29.306807692307686, 1.794871794871795, 1.3717948717948718, 245.30769230769232
764, 459.9849884526559, 28.89777820512819, 1.4487179487179487, 0.9358974358974359, 244.87179487179486
765, 459.71856893967015, 29.4466153846154, 2.1794871794871793, 1.3717948717948718, 245.52564102564102
766, 459.4521494266845, 29.078157692307688, 1.7564102564102564, 1.064102564102564, 244.98717948717947
767, 459.18572991369876, 29.29427307692309, 2.0128205128205128, 1.358974358974359, 244.69230769230768
768, 458.9193104007131, 29.184433333333345, 1.9487179487179487, 1.2692307692307692, 244.35897435897436
769, 458.6528908877274, 29.031720512820513, 1.8974358974358974, 1.2692307692307692, 243.15384615384616
770, 458.3864713747417, 28.742235897435904, 1.6153846153846154, 1.064102564102564, 242.4102564102564
771, 458.120051861756, 28.715503846153844, 1.6282051282051282, 1.2435897435897436, 241.21794871794873
772, 457.8536323487703, 28.710960256410264, 1.6794871794871795, 1.1923076923076923, 241.30769230769232
773, 457.5872128357846, 29.561473076923093, 2.576923076923077, 2.0, 242.25641025641025
774, 457.32079332279886, 28.748515384615377, 1.7692307692307692, 1.3076923076923077, 240.80769230769232
775, 457.0543738098132, 28.28194743589743, 1.294871794871795, 0.8589743589743589, 240.26923076923077
776, 456.7879542968275, 28.343817948717952, 1.435897435897436, 0.9871794871794872, 239.78205128205127
777, 456.52153478384184, 29.01658333333334, 2.1153846153846154, 1.705128205128205, 240.2051282051282
778, 456.2551152708561, 28.70916153846154, 1.8461538461538463, 1.4230769230769231, 239.66666666666666
779, 455.9886957578704, 28.745319230769237, 1.935897435897436, 1.6282051282051282, 238.69230769230768
780, 455.7222762448847, 28.389156410256412, 1.641025641025641, 1.4230769230769231, 237.39743589743588
781, 455.455856731899, 28.32039102564103, 1.7307692307692308, 1.4743589743589745, 236.2948717948718
782, 455.1894372189133, 27.79180512820513, 1.1794871794871795, 1.0512820512820513, 235.28205128205127
783, 454.92301770592763, 28.36459487179487, 2.2564102564102564, 1.5384615384615385, 234.97435897435898
784, 454.65659819294194, 28.263997435897434, 2.2051282051282053, 1.4230769230769231, 234.82051282051282
785, 454.3901786799562, 28.041816666666655, 2.217948717948718, 1.2820512820512822, 233.56410256410257
786, 454.12375916697056, 27.6425282051282, 1.7692307692307692, 0.9871794871794872, 232.75641025641025
787, 453.8573396539848, 28.814367948717944, 3.1153846153846154, 1.9743589743589745, 234.42307692307693
788, 453.5909201409992, 27.657188461538453, 1.9615384615384615, 0.9615384615384616, 232.51282051282053
789, 453.3245006280134, 27.846088461538447, 2.3205128205128207, 1.205128205128205, 231.97435897435898
790, 453.05808111502773, 27.447570512820512, 1.858974358974359, 0.9230769230769231, 231.14102564102564
791, 452.79166160204204, 27.52831923076922, 2.0641025641025643, 0.9487179487179487, 231.17948717948718
792, 452.52524208905635, 27.805702564102557, 2.3333333333333335, 1.2692307692307692, 231.25641025641025
793, 452.25882257607066, 27.57089743589744, 2.1794871794871793, 1.1666666666666667, 230.12820512820514
794, 451.99240306308496, 27.211724358974372, 1.7307692307692308, 0.9102564102564102, 229.47435897435898
795, 451.7259835500993, 27.673878205128204, 2.371794871794872, 1.435897435897436, 229.14102564102564
796, 451.4595640371135, 26.922251282051292, 1.4615384615384615, 0.9102564102564102, 227.64102564102564
797, 451.1931445241279, 27.339293589743594, 2.0641025641025643, 1.435897435897436, 227.01282051282053
798, 450.92672501114214, 27.285529487179485, 2.0128205128205128, 1.4102564102564104, 226.80769230769232
799, 450.6603054981565, 27.011730769230773, 1.9230769230769231, 1.1538461538461537, 225.96153846153845
800, 450.39388598517075, 27.268078205128205, 2.1666666666666665, 1.4615384615384615, 225.98717948717947
801, 450.12746647218506, 26.70321538461538, 1.6923076923076923, 1.0769230769230769, 224.25641025641025
802, 449.86104695919937, 26.94827948717948, 1.9487179487179487, 1.2692307692307692, 224.74358974358975
803, 449.5946274462137, 27.176146153846165, 2.2564102564102564, 1.5256410256410255, 224.6153846153846
804, 449.328207933228, 26.139079487179483, 1.1282051282051282, 0.6794871794871795, 222.83333333333334
805, 449.06178842024224, 27.297692307692312, 2.5641025641025643, 1.7179487179487178, 223.8846153846154
806, 448.7953689072566, 27.15111025641026, 2.358974358974359, 1.6025641025641026, 223.73076923076923
807, 448.52894939427085, 26.12071923076923, 1.2692307692307692, 0.7307692307692307, 222.03846153846155
808, 448.2625298812852, 26.842742307692298, 2.0641025641025643, 1.3717948717948718, 222.98717948717947
809, 447.99611036829947, 26.50838076923076, 1.8333333333333333, 1.064102564102564, 222.24358974358975
810, 447.72969085531383, 26.60039102564102, 1.9871794871794872, 1.1923076923076923, 221.98717948717947
811, 447.4632713423281, 26.19439230769232, 1.7179487179487178, 0.8717948717948718, 220.78205128205127
812, 447.1968518293424, 26.5378282051282, 2.1025641025641026, 1.2435897435897436, 220.87179487179486
813, 446.9304323163567, 26.29871282051282, 1.9743589743589745, 1.0384615384615385, 220.16666666666666
814, 446.664012803371, 26.232974358974367, 1.9230769230769231, 0.9102564102564102, 220.3846153846154
815, 446.3975932903853, 26.263147435897434, 1.9871794871794872, 1.1282051282051282, 219.35897435897436
816, 446.13117377739957, 26.174517948717945, 1.8717948717948718, 1.0384615384615385, 219.34615384615384
817, 445.86475426441393, 26.31158717948718, 2.076923076923077, 1.2820512820512822, 218.75641025641025
818, 445.5983347514282, 25.696130769230763, 1.3846153846153846, 0.8076923076923077, 217.6153846153846
819, 445.33191523844255, 26.11175769230769, 1.9102564102564104, 1.141025641025641, 218.16666666666666
820, 445.0654957254568, 26.050191025641023, 1.8076923076923077, 1.1282051282051282, 217.96153846153845
821, 444.7990762124711, 26.352980769230765, 2.2435897435897436, 1.4743589743589745, 217.69230769230768
822, 444.5326566994854, 25.94045897435897, 1.8205128205128205, 1.1538461538461537, 216.83333333333334
823, 444.2662371864997, 25.7431, 1.564102564102564, 1.1025641025641026, 216.03846153846155
824, 443.99981767351403, 25.98255769230769, 1.858974358974359, 1.3205128205128205, 216.24358974358975
825, 443.73339816052834, 26.082529487179485, 2.0128205128205128, 1.4871794871794872, 215.85897435897436
826, 443.46697864754265, 25.612900000000007, 1.5128205128205128, 1.0512820512820513, 215.2948717948718
827, 443.2005591345569, 25.70766410256409, 1.6923076923076923, 1.3205128205128205, 214.26923076923077
828, 442.93413962157126, 25.62571025641025, 1.6153846153846154, 1.205128205128205, 214.34615384615384
829, 442.6677201085855, 25.807482051282047, 1.8461538461538463, 1.564102564102564, 213.48717948717947
830, 442.4013005955999, 25.726043589743597, 1.7435897435897436, 1.5, 213.37179487179486
831, 442.13488108261413, 25.225692307692313, 1.4102564102564104, 1.141025641025641, 211.7051282051282
832, 441.86846156962844, 25.09272179487179, 1.2435897435897436, 1.064102564102564, 211.37179487179486
833, 441.60204205664274, 25.460994871794874, 2.230769230769231, 1.2435897435897436, 211.0897435897436
834, 441.33562254365705, 25.520232051282054, 2.1666666666666665, 1.3846153846153846, 211.05128205128204
835, 441.06920303067136, 25.778856410256402, 2.58974358974359, 1.6794871794871795, 210.69230769230768
836, 440.80278351768567, 25.612860256410247, 2.423076923076923, 1.5512820512820513, 210.33333333333334
837, 440.5363640047, 24.961803846153845, 1.9615384615384615, 1.1153846153846154, 208.07692307692307
838, 440.2699444917142, 25.060285897435897, 2.0128205128205128, 1.1923076923076923, 208.4102564102564
839, 440.0035249787286, 25.431629487179485, 2.423076923076923, 1.5512820512820513, 208.74358974358975
840, 439.73710546574284, 24.806810256410248, 1.8974358974358974, 0.9487179487179487, 207.74358974358975
841, 439.4706859527572, 25.080523076923072, 2.3333333333333335, 1.2179487179487178, 207.6153846153846
842, 439.20426643977146, 24.79346666666666, 2.0, 1.0256410256410255, 206.96153846153845
843, 438.93784692678577, 25.435446153846154, 2.8461538461538463, 1.7307692307692308, 206.74358974358975
844, 438.6714274138001, 24.481884615384608, 1.794871794871795, 0.8333333333333334, 205.75641025641025
845, 438.4050079008144, 24.622893589743587, 2.08974358974359, 1.1923076923076923, 204.37179487179486
846, 438.1385883878287, 24.487946153846156, 1.9487179487179487, 1.064102564102564, 204.21794871794873
847, 437.872168874843, 24.54899358974359, 2.1153846153846154, 1.294871794871795, 203.12820512820514
848, 437.6057493618573, 24.4267858974359, 2.0128205128205128, 1.1538461538461537, 203.05128205128204
849, 437.33932984887156, 24.47257948717949, 2.1538461538461537, 1.2820512820512822, 202.42307692307693
850, 437.0729103358859, 24.49594871794871, 2.1794871794871793, 1.3461538461538463, 202.23076923076923
851, 436.8064908229002, 24.686229487179478, 2.448717948717949, 1.6153846153846154, 201.80769230769232
852, 436.54007130991454, 24.01665256410255, 1.6794871794871795, 1.1153846153846154, 200.52564102564102
853, 436.2736517969288, 24.094174358974353, 2.230769230769231, 1.141025641025641, 199.62820512820514
854, 436.0072322839431, 23.865665384615387, 1.935897435897436, 1.0512820512820513, 198.85897435897436
855, 435.7408127709574, 23.841569230769235, 2.0, 1.0, 198.74358974358975
856, 435.4743932579717, 23.9415141025641, 2.1666666666666665, 1.0256410256410255, 199.05128205128204
857, 435.207973744986, 24.233162820512828, 2.4743589743589745, 1.4230769230769231, 198.75641025641025
858, 434.94155423200027, 23.586556410256403, 1.7435897435897436, 0.9102564102564102, 197.64102564102564
859, 434.67513471901464, 24.050465384615375, 2.5256410256410255, 1.294871794871795, 197.67948717948718
860, 434.4087152060289, 23.531164102564098, 1.9487179487179487, 0.9230769230769231, 196.55128205128204
861, 434.14229569304325, 23.55129743589744, 2.0256410256410255, 1.0128205128205128, 196.06410256410257
862, 433.8758761800575, 23.974348717948708, 2.5384615384615383, 1.3205128205128205, 196.84615384615384
863, 433.60945666707187, 23.1405641025641, 1.794871794871795, 0.7692307692307693, 194.32051282051282
864, 433.3430371540861, 23.278892307692306, 1.9743589743589745, 0.9358974358974359, 194.2051282051282
865, 433.0766176411004, 23.689012820512822, 2.4358974358974357, 1.3846153846153846, 194.28205128205127
866, 432.81019812811473, 23.272733333333335, 2.0256410256410255, 0.9615384615384616, 193.8846153846154
867, 432.54377861512904, 23.355564102564106, 2.051282051282051, 1.2564102564102564, 193.02564102564102
868, 432.27735910214335, 23.19577051282052, 1.9102564102564104, 1.1282051282051282, 192.65384615384616
869, 432.0109395891576, 22.970728205128207, 1.6923076923076923, 1.1794871794871795, 190.98717948717947
870, 431.74452007617197, 23.067930769230774, 1.8461538461538463, 1.2692307692307692, 190.97435897435898
871, 431.4781005631862, 22.739755128205136, 1.5512820512820513, 1.0769230769230769, 189.85897435897436
872, 431.2116810502006, 23.11317179487179, 2.0, 1.3974358974358974, 190.30769230769232
873, 430.94526153721483, 22.940325641025638, 1.8717948717948718, 1.3076923076923077, 189.5897435897436
874, 430.67884202422914, 22.680661538461543, 1.5897435897435896, 1.0512820512820513, 189.37179487179486
875, 430.41242251124345, 22.801515384615406, 1.7692307692307692, 1.3076923076923077, 188.64102564102564
876, 430.14600299825776, 22.565460256410258, 1.5512820512820513, 1.141025641025641, 188.0
877, 429.87958348527206, 22.487533333333342, 1.7179487179487178, 1.1923076923076923, 186.6153846153846
878, 429.6131639722864, 22.482276923076924, 1.7179487179487178, 1.141025641025641, 186.83333333333334
879, 429.3467444593007, 21.836223076923073, 1.358974358974359, 0.7435897435897436, 184.15384615384616
880, 429.08032494631493, 22.044356410256402, 1.6923076923076923, 0.9358974358974359, 184.1153846153846
881, 428.8139054333293, 22.248860256410246, 2.0384615384615383, 1.205128205128205, 183.6153846153846
882, 428.54748592034355, 22.459835897435898, 2.282051282051282, 1.4230769230769231, 183.7051282051282
883, 428.2810664073579, 21.666479487179487, 1.4871794871794872, 0.8846153846153846, 181.60256410256412
884, 428.01464689437216, 21.64345641025641, 1.4615384615384615, 1.0128205128205128, 180.80769230769232
885, 427.74822738138647, 21.53621153846154, 1.4743589743589745, 1.0128205128205128, 179.83333333333334
886, 427.4818078684008, 21.518753846153853, 1.564102564102564, 0.9871794871794872, 179.57692307692307
887, 427.2153883554151, 21.469088461538465, 1.5512820512820513, 1.1282051282051282, 178.44871794871796
888, 426.9489688424294, 21.45604102564103, 1.5128205128205128, 1.294871794871795, 177.57692307692307
889, 426.6825493294437, 21.338506410256418, 1.4743589743589745, 1.3333333333333333, 176.44871794871796
890, 426.416129816458, 21.069926923076917, 1.3717948717948718, 1.1794871794871795, 175.15384615384616
891, 426.14971030347226, 21.200903846153842, 1.858974358974359, 1.435897435897436, 173.7051282051282
892, 425.8832907904866, 20.66088076923077, 1.3205128205128205, 0.9743589743589743, 172.75641025641025
893, 425.6168712775009, 21.13006923076924, 2.2564102564102564, 1.3717948717948718, 172.37179487179486
894, 425.35045176451524, 21.137319230769233, 2.3205128205128207, 1.358974358974359, 172.33333333333334
895, 425.0840322515295, 20.657829487179498, 2.08974358974359, 1.0256410256410255, 170.44871794871796
896, 424.8176127385438, 20.541276923076925, 1.9743589743589745, 1.0128205128205128, 169.7948717948718
897, 424.5511932255581, 20.76712051282052, 2.3846153846153846, 1.4102564102564104, 168.65384615384616
898, 424.2847737125724, 20.190324358974365, 1.7564102564102564, 1.0512820512820513, 167.0897435897436
899, 424.0183541995867, 20.10448717948717, 1.794871794871795, 1.0, 166.5
900, 423.751934686601, 20.271978205128207, 2.0128205128205128, 1.3461538461538463, 165.6153846153846
901, 423.48551517361534, 19.711838461538466, 1.8717948717948718, 0.7948717948717948, 163.9102564102564
902, 423.2190956606296, 19.546042307692307, 1.8846153846153846, 0.9615384615384616, 161.56410256410257
903, 422.95267614764396, 19.545989743589747, 1.8974358974358974, 1.0769230769230769, 160.93589743589743
904, 422.6862566346582, 19.548332051282053, 2.0641025641025643, 1.5512820512820513, 158.07692307692307
905, 422.4198371216726, 19.180639743589744, 2.0641025641025643, 1.2435897435897436, 156.43589743589743
906, 422.1534176086868, 18.715282051282063, 1.794871794871795, 1.1282051282051282, 153.65384615384616
907, 421.88699809570113, 18.506158974358968, 1.7435897435897436, 1.0769230769230769, 152.21794871794873
908, 421.62057858271544, 18.289121794871793, 1.6025641025641026, 1.1923076923076923, 150.0897435897436
909, 421.35415906972975, 18.084844871794868, 1.935897435897436, 1.0256410256410255, 148.28205128205127
910, 421.08773955674405, 17.737748717948723, 1.6153846153846154, 0.8589743589743589, 146.93589743589743
911, 420.8213200437583, 18.16219743589744, 2.5128205128205128, 1.1923076923076923, 146.5897435897436
912, 420.55490053077267, 17.500616666666662, 1.9102564102564104, 0.8974358974358975, 143.8846153846154
913, 420.2884810177869, 17.91394358974359, 2.4871794871794872, 1.3974358974358974, 143.42307692307693
914, 420.0220615048013, 17.11936538461539, 1.7307692307692308, 0.8846153846153846, 141.07692307692307
915, 419.75564199181554, 17.568093589743587, 2.269230769230769, 1.564102564102564, 140.10256410256412
916, 419.48922247882984, 16.64282948717949, 1.3205128205128205, 0.8717948717948718, 138.03846153846155
917, 419.22280296584415, 17.145137179487183, 2.08974358974359, 1.3333333333333333, 138.05128205128204
918, 418.95638345285846, 17.02840384615385, 1.9871794871794872, 1.2564102564102564, 137.69230769230768
919, 418.68996393987277, 17.106635897435897, 2.358974358974359, 1.3846153846153846, 136.74358974358975
920, 418.4235444268871, 16.321494871794876, 1.4615384615384615, 0.8974358974358975, 134.71794871794873
921, 418.1571249139014, 16.934334615384618, 2.423076923076923, 1.3846153846153846, 135.06410256410257
922, 417.89070540091564, 16.19999871794872, 1.6794871794871795, 0.9230769230769231, 132.94871794871796
923, 417.62428588793, 16.530151282051275, 2.3333333333333335, 1.2820512820512822, 132.28205128205127
924, 417.35786637494425, 16.374232051282043, 2.1666666666666665, 1.2307692307692308, 131.6153846153846
925, 417.0914468619586, 16.44918461538462, 2.5128205128205128, 1.358974358974359, 130.7051282051282
926, 416.82502734897287, 15.611751282051285, 1.5897435897435896, 0.6538461538461539, 129.4102564102564
927, 416.5586078359872, 16.519835897435893, 2.6666666666666665, 1.6923076923076923, 129.2051282051282
928, 416.2921883230015, 16.01738333333333, 2.1923076923076925, 1.2820512820512822, 128.15384615384616
929, 416.0257688100158, 15.62075, 1.9871794871794872, 0.9871794871794872, 126.73076923076923
930, 415.7593492970301, 15.507301282051284, 1.858974358974359, 1.0384615384615385, 125.8076923076923
931, 415.4929297840444, 16.03431923076923, 2.8333333333333335, 1.4102564102564104, 125.96153846153847
932, 415.2265102710587, 15.548864102564094, 2.3846153846153846, 1.205128205128205, 123.93589743589743
933, 414.96009075807297, 14.891779487179484, 1.8205128205128205, 0.7564102564102564, 121.96153846153847
