Extraction [ img/s4/seq3/2.jpg ] effectuee 2026-05-28 17:14:57.171156
Calibration: -0.2664195129856975*x + 663.5294963737288 [largueur 2619 + 934]

pixel, longueur d'onde, intensite, r, g, b
0, 663.5294963737288, 83.74908247422681, 174.43298969072166, 40.175257731958766, 70.42268041237114
1, 663.263076860743, 83.82725876288657, 175.04123711340208, 39.88659793814433, 71.0
2, 662.9966573477574, 84.00249896907215, 175.2164948453608, 40.06185567010309, 71.17525773195877
3, 662.7302378347716, 84.83422577319588, 176.29896907216494, 40.71134020618557, 72.28865979381443
4, 662.463818321786, 84.75085463917526, 176.29896907216494, 40.577319587628864, 72.24742268041237
5, 662.1973988088002, 85.76674432989697, 178.3298969072165, 40.845360824742265, 74.45360824742268
6, 661.9309792958146, 85.96941340206186, 178.5463917525773, 41.01030927835052, 74.81443298969072
7, 661.6645597828289, 86.30402371134018, 179.1443298969072, 41.123711340206185, 75.5979381443299
8, 661.3981402698432, 86.25230721649484, 179.09278350515464, 41.06185567010309, 75.5979381443299
9, 661.1317207568575, 87.29219896907213, 181.20618556701032, 41.36082474226804, 77.63917525773196
10, 660.8653012438718, 87.86702886597942, 181.77319587628867, 41.90721649484536, 78.38144329896907
11, 660.5988817308861, 88.39899072164947, 183.28865979381445, 41.78350515463917, 79.71134020618557
12, 660.3324622179003, 87.97622474226804, 182.90721649484536, 41.31958762886598, 79.3917525773196
13, 660.0660427049147, 88.78113711340207, 184.71134020618555, 41.391752577319586, 81.35051546391753
14, 659.799623191929, 88.7025309278351, 184.69072164948454, 41.27835051546392, 81.29896907216495
15, 659.5332036789433, 89.22395979381443, 185.96907216494844, 41.24742268041237, 82.68041237113403
16, 659.2667841659576, 89.73258969072167, 186.4742268041237, 41.75257731958763, 83.21649484536083
17, 659.0003646529719, 90.52945670103091, 188.42268041237114, 41.855670103092784, 84.56701030927834
18, 658.7339451399862, 90.17897628865978, 188.0721649484536, 41.50515463917526, 84.21649484536083
19, 658.4675256270006, 90.47062474226801, 188.8041237113402, 41.50515463917526, 84.85567010309278
20, 658.2011061140148, 90.34568659793813, 188.70103092783506, 41.36082474226804, 84.77319587628865
21, 657.9346866010292, 90.9208340206186, 190.62886597938143, 41.02061855670103, 86.51546391752578
22, 657.6682670880434, 90.58132886597939, 190.31958762886597, 40.65979381443299, 86.20618556701031
23, 657.4018475750577, 91.10733505154637, 191.18556701030928, 40.95876288659794, 87.01030927835052
24, 657.135428062072, 90.65377216494845, 190.7319587628866, 40.50515463917526, 86.55670103092784
25, 656.8690085490863, 91.33589999999998, 192.340206185567, 40.670103092783506, 87.47422680412372
26, 656.6025890361007, 91.67354639175261, 192.68041237113403, 41.0, 87.84536082474227
27, 656.3361695231149, 92.9621257731959, 194.9278350515464, 41.68041237113402, 89.75257731958763
28, 656.0697500101293, 93.04459175257733, 195.01030927835052, 41.76288659793814, 89.83505154639175
29, 655.8033304971435, 92.972706185567, 196.03092783505156, 41.02061855670103, 90.35051546391753
30, 655.5369109841579, 93.42626907216494, 196.48453608247422, 41.47422680412371, 90.80412371134021
31, 655.2704914711721, 93.5684412371134, 197.64948453608247, 40.96907216494845, 91.5979381443299
32, 655.0040719581864, 93.61998247422683, 197.70103092783506, 41.02061855670103, 91.64948453608247
33, 654.7376524452008, 94.16633711340205, 199.10309278350516, 41.04123711340206, 92.65979381443299
34, 654.471232932215, 94.82606494845355, 199.76288659793815, 41.70103092783505, 93.31958762886597
35, 654.2048134192294, 95.20294536082474, 200.64948453608247, 41.78350515463917, 93.87628865979381
36, 653.9383939062436, 95.24579896907215, 200.77319587628867, 41.78350515463917, 93.9278350515464
37, 653.671974393258, 94.94834329896902, 202.1340206185567, 40.52577319587629, 94.22680412371135
38, 653.4055548802722, 94.60221443298968, 201.8762886597938, 40.11340206185567, 93.98969072164948
39, 653.1391353672866, 94.62188041237111, 202.53608247422682, 39.76288659793814, 94.23711340206185
40, 652.8727158543008, 94.69403814432988, 202.60824742268042, 39.83505154639175, 94.30927835051547
41, 652.6062963413152, 94.60256701030924, 203.29896907216494, 39.24742268041237, 94.72164948453609
42, 652.3398768283295, 94.32289381443302, 203.02061855670104, 38.95876288659794, 94.48453608247422
43, 652.0734573153437, 94.42255051546391, 204.49484536082474, 38.25773195876289, 95.10309278350516
44, 651.8070378023581, 94.38131752577314, 204.4536082474227, 38.21649484536083, 95.0618556701031
45, 651.5406182893723, 94.74348659793816, 206.06185567010309, 37.74226804123711, 96.4639175257732
46, 651.2741987763867, 93.94975154639178, 205.2680412371134, 36.94845360824742, 95.6701030927835
47, 651.007779263401, 94.34435876288657, 206.9278350515464, 36.577319587628864, 96.69072164948453
48, 650.7413597504153, 94.58279896907217, 207.16494845360825, 36.824742268041234, 96.88659793814433
49, 650.4749402374296, 94.42666907216494, 208.05154639175257, 36.04123711340206, 97.22680412371135
50, 650.2085207244439, 94.45759381443307, 208.08247422680412, 36.07216494845361, 97.25773195876289
51, 649.9421012114582, 94.88107422680409, 208.94845360824743, 36.21649484536083, 97.95876288659794
52, 649.6756816984725, 94.17242577319588, 208.31958762886597, 35.45360824742268, 97.31958762886597
53, 649.4092621854868, 94.75875567010306, 210.48453608247422, 34.98969072164948, 99.17525773195877
54, 649.142842672501, 95.26160412371132, 211.0721649484536, 35.43298969072165, 99.76288659793815
55, 648.8764231595154, 95.13882061855672, 211.0721649484536, 35.123711340206185, 100.27835051546391
56, 648.6100036465297, 95.0460463917526, 210.97938144329896, 35.03092783505155, 100.18556701030928
57, 648.343584133544, 95.6966453608248, 212.41237113402062, 35.24742268041237, 101.02061855670104
58, 648.0771646205583, 95.38739793814433, 212.10309278350516, 34.93814432989691, 100.71134020618557
59, 647.8107451075726, 94.97915154639175, 212.29896907216494, 34.16494845360825, 100.5979381443299
60, 647.5443255945869, 94.72144536082475, 212.04123711340208, 33.90721649484536, 100.34020618556701
61, 647.2779060816013, 95.77209690721651, 213.97938144329896, 34.4639175257732, 101.6082474226804
62, 647.0114865686155, 95.75943814432992, 213.96907216494844, 34.45360824742268, 101.57731958762886
63, 646.7450670556299, 96.01705463917523, 215.02061855670104, 34.29896907216495, 101.87628865979381
64, 646.4786475426441, 95.50164226804122, 214.50515463917526, 33.78350515463917, 101.36082474226804
65, 646.2122280296584, 95.97612577319589, 215.44329896907217, 34.0, 101.94845360824742
66, 645.9458085166727, 96.03797525773194, 215.50515463917526, 34.06185567010309, 102.01030927835052
67, 645.679389003687, 96.23647422680412, 215.77319587628867, 34.31958762886598, 101.72164948453609
68, 645.4129694907014, 96.20084845360829, 215.7422680412371, 34.28865979381443, 101.64948453608247
69, 645.1465499777156, 96.79343195876291, 217.53608247422682, 34.28865979381443, 102.14432989690722
70, 644.88013046473, 95.51432061855668, 216.27835051546393, 33.01030927835052, 100.80412371134021
71, 644.6137109517442, 96.52329278350518, 217.58762886597938, 33.876288659793815, 101.76288659793815
72, 644.3472914387586, 96.09169690721649, 217.15463917525773, 33.45360824742268, 101.28865979381443
73, 644.0808719257728, 97.12289587628867, 218.77319587628867, 34.2680412371134, 101.89690721649484
74, 643.8144524127872, 97.51966082474225, 219.16494845360825, 34.68041237113402, 102.22680412371135
75, 643.5480328998015, 97.46603298969073, 219.77319587628867, 34.381443298969074, 101.70103092783505
76, 643.2816133868157, 97.25786804123713, 219.56701030927834, 34.1958762886598, 101.37113402061856
77, 643.0151938738301, 97.78174226804126, 220.82474226804123, 34.4639175257732, 101.28865979381443
78, 642.7487743608443, 96.90292164948453, 219.95876288659792, 33.597938144329895, 100.30927835051547
79, 642.4823548478587, 97.53398144329897, 221.7319587628866, 33.8041237113402, 100.1340206185567
80, 642.2159353348729, 97.42076597938144, 221.61855670103094, 33.70103092783505, 99.96907216494846
81, 641.9495158218873, 97.2425020618557, 221.98969072164948, 33.350515463917525, 99.23711340206185
82, 641.6830963089016, 97.74543092783506, 222.49484536082474, 33.865979381443296, 99.6701030927835
83, 641.4166767959159, 97.87693402061856, 223.03092783505156, 33.83505154639175, 99.57731958762886
84, 641.1502572829302, 97.5733587628866, 222.8041237113402, 33.51546391752577, 99.15463917525773
85, 640.8838377699444, 97.79056597938141, 224.44329896907217, 33.16494845360825, 98.56701030927834
86, 640.6174182569588, 96.71141030927832, 223.42268041237114, 32.08247422680412, 97.35051546391753
87, 640.350998743973, 97.24307525773195, 224.29896907216494, 32.4639175257732, 97.75257731958763
88, 640.0845792309874, 97.08610103092781, 224.1443298969072, 32.30927835051546, 97.57731958762886
89, 639.8181597180017, 97.7621237113402, 225.8762886597938, 32.56701030927835, 97.63917525773196
90, 639.551740205016, 97.38206907216491, 225.49484536082474, 32.1958762886598, 97.21649484536083
91, 639.2853206920303, 98.54132164948456, 227.60824742268042, 32.94845360824742, 97.96907216494846
92, 639.0189011790446, 98.07168556701026, 227.16494845360825, 32.47422680412371, 97.45360824742268
93, 638.7524816660589, 98.3776958762887, 228.81443298969072, 32.25773195876289, 96.9278350515464
94, 638.4860621530732, 97.93780927835049, 228.4020618556701, 31.814432989690722, 96.43298969072166
95, 638.2196426400875, 98.64750206185565, 229.9278350515464, 32.21649484536083, 96.58762886597938
96, 637.9532231271018, 98.62218453608249, 229.90721649484536, 32.1958762886598, 96.52577319587628
97, 637.6868036141161, 99.22117216494841, 231.4742268041237, 32.41237113402062, 96.55670103092784
98, 637.4203841011304, 99.25579793814431, 231.50515463917526, 32.45360824742268, 96.56701030927834
99, 637.1539645881447, 98.96140824742267, 231.79381443298968, 31.90721649484536, 96.04123711340206
100, 636.887545075159, 98.58235463917532, 231.50515463917526, 31.484536082474225, 95.64948453608247
101, 636.6211255621733, 99.804512371134, 234.05154639175257, 32.1958762886598, 96.03092783505154
102, 636.3547060491876, 99.77190515463917, 234.1443298969072, 32.103092783505154, 95.97938144329896
103, 636.088286536202, 100.11679999999997, 234.88659793814432, 32.28865979381443, 96.10309278350516
104, 635.8218670232162, 99.66323711340202, 234.43298969072166, 31.835051546391753, 95.64948453608247
105, 635.5554475102306, 100.17907113402067, 235.57731958762886, 32.103092783505154, 95.79381443298969
106, 635.2890279972448, 100.04209381443295, 235.4536082474227, 31.95876288659794, 95.65979381443299
107, 635.0226084842591, 100.63429999999993, 236.69072164948454, 32.391752577319586, 95.38144329896907
108, 634.7561889712734, 100.50359690721646, 236.60824742268042, 32.23711340206186, 95.24742268041237
109, 634.4897694582877, 102.03701649484533, 239.2164948453608, 33.371134020618555, 96.02061855670104
110, 634.2233499453021, 101.96133298969073, 239.1443298969072, 33.29896907216495, 95.91752577319588
111, 633.9569304323163, 102.60873608247424, 240.57731958762886, 33.74226804123711, 95.55670103092784
112, 633.6905109193307, 102.80829381443297, 240.77319587628867, 33.94845360824742, 95.73195876288659
113, 633.4240914063449, 102.73608350515462, 241.3298969072165, 33.670103092783506, 95.0721649484536
114, 633.1576718933593, 102.75126804123711, 241.340206185567, 33.69072164948454, 95.0721649484536
115, 632.8912523803735, 103.152981443299, 242.4536082474227, 33.8041237113402, 95.09278350515464
116, 632.6248328673878, 103.08200412371137, 242.43298969072166, 33.79381443298969, 94.57731958762886
117, 632.3584133544022, 103.83617422680413, 244.03092783505156, 34.29896907216495, 94.4020618556701
118, 632.0919938414164, 103.38348865979384, 243.6701030927835, 33.855670103092784, 93.65979381443299
119, 631.8255743284308, 103.71661855670096, 244.43298969072166, 34.09278350515464, 93.36082474226804
120, 631.559154815445, 103.66515876288658, 244.39175257731958, 34.07216494845361, 93.12371134020619
121, 631.2927353024594, 105.06463092783508, 246.06185567010309, 35.52577319587629, 93.5360824742268
122, 631.0263157894736, 105.00762886597938, 246.08247422680412, 35.47422680412371, 93.24742268041237
123, 630.759896276488, 105.55928865979385, 247.5257731958763, 35.77319587628866, 92.76288659793815
124, 630.4934767635023, 105.56293195876296, 247.69072164948454, 35.78350515463917, 92.30927835051547
125, 630.2270572505166, 106.07005567010314, 249.1340206185567, 36.02061855670103, 91.75257731958763
126, 629.9606377375309, 106.3425412371134, 249.43298969072166, 36.422680412371136, 91.28865979381443
127, 629.6942182245452, 106.17044536082471, 249.8762886597938, 36.134020618556704, 90.10309278350516
128, 629.4277987115595, 106.60662371134025, 250.36082474226805, 36.68041237113402, 89.84536082474227
129, 629.1613791985737, 107.29670206185563, 251.63917525773195, 37.23711340206186, 89.68041237113403
130, 628.8949596855881, 107.35118865979382, 251.72164948453607, 37.402061855670105, 89.09278350515464
131, 628.6285401726024, 107.40889999999996, 252.03092783505156, 37.43298969072165, 88.62886597938144
132, 628.3621206596167, 107.8318329896907, 252.39175257731958, 38.06185567010309, 88.15463917525773
133, 628.095701146631, 108.23005670103089, 253.24742268041237, 38.422680412371136, 87.54639175257732
134, 627.8292816336453, 108.08035051546392, 253.29896907216494, 38.31958762886598, 86.62886597938144
135, 627.5628621206596, 108.92991546391748, 253.93814432989691, 39.30927835051546, 87.30927835051547
136, 627.296442607674, 108.62469072164946, 253.71134020618555, 39.03092783505155, 86.65979381443299
137, 627.0300230946882, 108.4490484536082, 253.84536082474227, 38.855670103092784, 85.6701030927835
138, 626.7636035817025, 108.19192268041238, 253.8659793814433, 38.577319587628864, 84.79381443298969
139, 626.4971840687168, 108.93454845360823, 254.20618556701032, 39.63917525773196, 84.94845360824742
140, 626.2307645557311, 108.47878865979388, 254.0721649484536, 39.175257731958766, 83.69072164948453
141, 625.9643450427454, 108.94905360824747, 254.51546391752578, 39.824742268041234, 83.30927835051547
142, 625.6979255297597, 108.387018556701, 254.24742268041237, 39.2680412371134, 81.94845360824742
143, 625.431506016774, 108.60985567010306, 254.43298969072166, 39.71134020618557, 81.1340206185567
144, 625.1650865037883, 108.95233505154629, 254.69072164948454, 40.18556701030928, 81.02061855670104
145, 624.8986669908027, 108.8714515463917, 254.659793814433, 40.25773195876289, 80.02061855670104
146, 624.6322474778169, 109.43590927835048, 254.82474226804123, 41.04123711340206, 80.50515463917526
147, 624.3658279648313, 109.68890309278343, 254.7835051546392, 41.577319587628864, 80.0721649484536
148, 624.0994084518455, 109.41574948453606, 254.6701030927835, 41.329896907216494, 79.24742268041237
149, 623.8329889388598, 110.24143402061857, 254.93814432989691, 42.670103092783506, 78.88659793814433
150, 623.5665694258741, 110.27564948453613, 254.94845360824743, 42.77319587628866, 78.62886597938144
151, 623.3001499128884, 110.74520824742272, 254.9278350515464, 43.58762886597938, 78.6082474226804
152, 623.0337303999028, 110.27670515463922, 254.90721649484536, 42.93814432989691, 77.89690721649484
153, 622.767310886917, 111.32923814432996, 254.93814432989691, 44.577319587628864, 78.6082474226804
154, 622.5008913739314, 110.88729072164952, 254.82474226804123, 44.01030927835052, 77.94845360824742
155, 622.2344718609456, 112.03038041237114, 254.95876288659792, 45.845360824742265, 78.17525773195877
156, 621.96805234796, 111.61577216494844, 254.8556701030928, 45.391752577319586, 77.14432989690722
157, 621.7016328349742, 112.54241958762884, 254.8762886597938, 46.92783505154639, 77.30927835051547
158, 621.4352133219886, 112.73337319587628, 254.9278350515464, 47.29896907216495, 76.9381443298969
159, 621.1687938090029, 113.55108041237108, 254.96907216494844, 48.70103092783505, 76.78350515463917
160, 620.9023742960171, 113.58381649484535, 254.9278350515464, 48.79381443298969, 76.70103092783505
161, 620.6359547830315, 113.81317731958758, 254.9278350515464, 49.28865979381443, 76.16494845360825
162, 620.3695352700457, 113.68287216494836, 254.88659793814432, 49.123711340206185, 75.97938144329896
163, 620.1031157570601, 114.2887525773195, 254.84536082474227, 50.09278350515464, 76.41237113402062
164, 619.8366962440743, 114.44042680412362, 254.90721649484536, 50.391752577319586, 76.04123711340206
165, 619.5702767310887, 114.64921855670096, 254.9278350515464, 50.83505154639175, 75.5360824742268
166, 619.303857218103, 114.82354226804112, 254.88659793814432, 51.23711340206186, 75.10309278350516
167, 619.0374377051173, 115.18414845360822, 254.90721649484536, 51.96907216494845, 74.44329896907216
168, 618.7710181921316, 115.14396701030931, 254.8659793814433, 51.98969072164948, 74.09278350515464
169, 618.5045986791458, 115.85528969072166, 254.93814432989691, 53.22680412371134, 73.77319587628865
170, 618.2381791661602, 115.83131030927834, 254.93814432989691, 53.2680412371134, 73.35051546391753
171, 617.9717596531744, 116.26622164948458, 254.79381443298968, 54.28865979381443, 72.28865979381443
172, 617.7053401401888, 116.72155051546402, 254.90721649484536, 55.02061855670103, 72.21649484536083
173, 617.4389206272031, 117.60240927835049, 254.8762886597938, 56.56701030927835, 72.0618556701031
174, 617.1725011142174, 117.70217938144333, 254.90721649484536, 56.845360824742265, 71.42268041237114
175, 616.9060816012317, 118.09094845360819, 254.84536082474227, 57.71134020618557, 70.5360824742268
176, 616.639662088246, 118.76273092783501, 254.95876288659792, 58.7319587628866, 70.87628865979381
177, 616.3732425752603, 118.91738350515467, 254.9278350515464, 59.24742268041237, 69.65979381443299
178, 616.1068230622747, 119.13164948453614, 254.94845360824743, 59.597938144329895, 69.68041237113403
179, 615.8404035492889, 119.41773092783512, 254.95876288659792, 60.20618556701031, 69.03092783505154
180, 615.5739840363033, 119.63927938144337, 254.93814432989691, 60.74226804123711, 68.26804123711341
181, 615.3075645233175, 120.2918041237113, 254.94845360824743, 61.95876288659794, 67.70103092783505
182, 615.0411450103318, 119.97240618556697, 254.90721649484536, 61.7319587628866, 66.17525773195877
183, 614.7747254973461, 120.41920824742257, 254.9278350515464, 62.55670103092783, 65.79381443298969
184, 614.5083059843604, 120.54904329896898, 254.9278350515464, 62.865979381443296, 65.34020618556701
185, 614.2418864713748, 121.61074845360821, 254.98969072164948, 64.63917525773196, 65.36082474226804
186, 613.975466958389, 121.40771030927833, 254.95876288659792, 64.57731958762886, 63.97938144329897
187, 613.7090474454034, 122.33145567010311, 254.9278350515464, 66.22680412371135, 63.670103092783506
188, 613.4426279324176, 122.5713865979381, 255.0, 66.83505154639175, 62.45360824742268
189, 613.176208419432, 123.15820309278348, 254.97938144329896, 67.97938144329896, 61.76288659793814
190, 612.9097889064462, 123.38531649484543, 254.97938144329896, 68.61855670103093, 60.4639175257732
191, 612.6433693934605, 124.18432989690731, 254.94845360824743, 70.05154639175258, 60.175257731958766
192, 612.3769498804749, 124.64964123711346, 254.9278350515464, 71.03092783505154, 59.2680412371134
193, 612.1105303674891, 125.25805773195886, 254.98969072164948, 72.1340206185567, 58.76288659793814
194, 611.8441108545035, 125.86958453608243, 254.97938144329896, 73.23711340206185, 58.47422680412371
195, 611.5776913415177, 126.72996804123706, 254.95876288659792, 74.71134020618557, 58.48453608247423
196, 611.3112718285321, 127.2717701030927, 254.97938144329896, 75.73195876288659, 57.92783505154639
197, 611.0448523155463, 127.84135051546393, 254.94845360824743, 76.80412371134021, 57.48453608247423
198, 610.7784328025607, 128.74104845360824, 254.97938144329896, 78.37113402061856, 57.22680412371134
199, 610.512013289575, 129.5325958762886, 254.96907216494844, 79.76288659793815, 57.03092783505155
200, 610.2455937765892, 130.16748659793814, 254.9278350515464, 80.91752577319588, 56.76288659793814
201, 609.9791742636036, 131.08983505154634, 254.94845360824743, 82.54639175257732, 56.41237113402062
202, 609.7127547506178, 131.38736907216494, 254.8659793814433, 83.24742268041237, 55.628865979381445
203, 609.4463352376322, 132.18211340206182, 254.84536082474227, 84.73195876288659, 55.01030927835052
204, 609.1799157246464, 132.81738144329896, 254.94845360824743, 85.72164948453609, 55.21649484536083
205, 608.9134962116608, 133.92929381443295, 255.0, 87.58762886597938, 55.22680412371134
206, 608.647076698675, 134.2008226804123, 254.96907216494844, 88.1340206185567, 54.876288659793815
207, 608.3806571856894, 134.80536701030923, 254.98969072164948, 89.31958762886597, 54.02061855670103
208, 608.1142376727037, 135.50915773195877, 254.91752577319588, 90.57731958762886, 53.90721649484536
209, 607.847818159718, 136.48690618556694, 254.95876288659792, 92.26804123711341, 53.670103092783506
210, 607.5813986467323, 137.12096804123703, 254.95876288659792, 93.34020618556701, 53.71134020618557
211, 607.3149791337466, 137.69093298969062, 254.89690721649484, 94.49484536082474, 52.92783505154639
212, 607.0485596207609, 137.8974164948453, 254.90721649484536, 94.84536082474227, 52.90721649484536
213, 606.7821401077751, 139.1061494845359, 255.0, 96.77319587628865, 53.34020618556701
214, 606.5157205947895, 139.4134917525773, 254.97938144329896, 97.30927835051547, 53.329896907216494
215, 606.2493010818038, 140.29005154639174, 254.94845360824743, 98.94845360824742, 52.65979381443299
216, 605.9828815688181, 140.78228247422678, 254.90721649484536, 99.9381443298969, 51.98969072164948
217, 605.7164620558324, 141.84598762886608, 254.96907216494844, 101.69072164948453, 52.134020618556704
218, 605.4500425428467, 142.21729896907223, 254.94845360824743, 102.4639175257732, 51.4639175257732
219, 605.183623029861, 143.0530835051547, 254.93814432989691, 103.96907216494846, 51.07216494845361
220, 604.9172035168754, 143.76381134020622, 254.97938144329896, 105.09278350515464, 51.41237113402062
221, 604.6507840038896, 144.45887113402068, 254.89690721649484, 106.43298969072166, 50.824742268041234
222, 604.3843644909039, 145.07452164948455, 254.88659793814432, 107.43298969072166, 51.103092783505154
223, 604.1179449779182, 146.62962474226796, 254.98969072164948, 109.98969072164948, 51.30927835051546
224, 603.8515254649325, 147.91217216494846, 254.97938144329896, 112.19587628865979, 51.22680412371134
225, 603.5851059519468, 148.93670824742264, 254.97938144329896, 113.90721649484536, 51.402061855670105
226, 603.3186864389611, 149.86200927835054, 254.95876288659792, 115.5360824742268, 51.18556701030928
227, 603.0522669259755, 150.7107855670102, 254.9278350515464, 117.0618556701031, 50.855670103092784
228, 602.7858474129897, 151.5567845360824, 254.93814432989691, 118.5979381443299, 50.34020618556701
229, 602.5194279000041, 153.01378865979376, 255.0, 120.94845360824742, 50.855670103092784
230, 602.2530083870183, 153.54756804123696, 254.93814432989691, 121.97938144329896, 50.391752577319586
231, 601.9865888740327, 154.07957525773193, 254.96907216494844, 123.0721649484536, 49.350515463917525
232, 601.7201693610469, 154.50961546391753, 254.97938144329896, 123.78350515463917, 49.43298969072165
233, 601.4537498480612, 155.8157278350515, 254.98969072164948, 125.90721649484536, 49.92783505154639
234, 601.1873303350756, 156.39170618556693, 255.0, 126.90721649484536, 49.8041237113402
235, 600.9209108220898, 156.8075577319588, 254.93814432989691, 127.84536082474227, 48.78350515463917
236, 600.6544913091042, 157.22262268041243, 254.90721649484536, 128.60824742268042, 48.577319587628864
237, 600.3880717961184, 157.9691134020619, 254.94845360824743, 129.96907216494844, 48.01030927835052
238, 600.1216522831328, 158.34386494845364, 254.95876288659792, 130.60824742268042, 47.97938144329897
239, 599.855232770147, 159.1765556701031, 254.95876288659792, 132.16494845360825, 47.2680412371134
240, 599.5888132571614, 159.61412577319587, 254.9278350515464, 132.93814432989691, 47.20618556701031
241, 599.3223937441757, 160.38498041237114, 254.93814432989691, 134.340206185567, 46.72164948453608
242, 599.05597423119, 161.15877938144325, 254.98969072164948, 135.53608247422682, 47.21649484536083
243, 598.7895547182043, 161.68709278350514, 254.94845360824743, 136.50515463917526, 46.96907216494845
244, 598.5231352052185, 162.24631340206182, 254.90721649484536, 137.49484536082474, 46.88659793814433
245, 598.2567156922329, 163.28957731958764, 254.94845360824743, 139.23711340206185, 46.95876288659794
246, 597.9902961792471, 164.04349484536075, 254.94845360824743, 140.51546391752578, 46.98969072164948
247, 597.7238766662615, 164.5813907216494, 254.95876288659792, 141.55670103092783, 46.31958762886598
248, 597.4574571532758, 164.858655670103, 254.98969072164948, 142.11340206185568, 45.8041237113402
249, 597.1910376402901, 166.23122371134016, 254.97938144329896, 144.36082474226805, 46.29896907216495
250, 596.9246181273044, 166.65982371134015, 254.95876288659792, 145.18556701030928, 45.865979381443296
251, 596.6581986143187, 167.72262680412368, 254.96907216494844, 147.03092783505156, 45.65979381443299
252, 596.391779101333, 168.4132164948454, 254.94845360824743, 148.1958762886598, 45.77319587628866
253, 596.1253595883472, 169.34919381443288, 254.96907216494844, 149.8659793814433, 45.329896907216494
254, 595.8589400753616, 169.9765422680411, 254.98969072164948, 151.01030927835052, 44.88659793814433
255, 595.5925205623759, 171.25549999999993, 255.0, 153.1958762886598, 44.824742268041234
256, 595.3261010493902, 171.64020103092787, 255.0, 153.97938144329896, 44.16494845360825
257, 595.0596815364045, 172.61620103092775, 255.0, 155.6701030927835, 44.02061855670103
258, 594.7932620234188, 172.4000896907216, 254.97938144329896, 155.55670103092783, 42.76288659793814
259, 594.5268425104331, 173.4065824742269, 255.0, 157.22680412371133, 42.93814432989691
260, 594.2604229974474, 173.8515422680414, 254.98969072164948, 158.0721649484536, 42.51546391752577
261, 593.9940034844617, 174.5713175257732, 254.96907216494844, 159.43298969072166, 41.876288659793815
262, 593.7275839714761, 174.75582164948446, 254.97938144329896, 159.8041237113402, 41.55670103092783
263, 593.4611644584903, 175.64055257731962, 254.98969072164948, 161.2680412371134, 41.75257731958763
264, 593.1947449455047, 175.70591443298972, 254.97938144329896, 161.42268041237114, 41.55670103092783
265, 592.9283254325189, 176.19951340206183, 254.96907216494844, 162.43298969072166, 40.71134020618557
266, 592.6619059195332, 176.76633711340202, 254.97938144329896, 163.30927835051546, 41.144329896907216
267, 592.3954864065475, 177.67145360824745, 254.94845360824743, 164.96907216494844, 40.618556701030926
268, 592.1290668935618, 177.95236804123712, 254.97938144329896, 165.46391752577318, 40.45360824742268
269, 591.8626473805762, 179.0662969072164, 254.96907216494844, 167.36082474226805, 40.48453608247423
270, 591.5962278675904, 178.99954639175252, 254.94845360824743, 167.39175257731958, 39.79381443298969
271, 591.3298083546048, 179.97745257731958, 254.95876288659792, 169.08247422680412, 39.63917525773196
272, 591.063388841619, 180.39280000000002, 254.98969072164948, 169.7422680412371, 39.8041237113402
273, 590.7969693286334, 181.15488453608253, 254.96907216494844, 171.10309278350516, 39.5360824742268
274, 590.5305498156476, 181.51856288659795, 254.98969072164948, 171.6701030927835, 39.75257731958763
275, 590.2641303026619, 181.55721237113397, 254.7835051546392, 171.96907216494844, 39.09278350515464
276, 589.9977107896763, 182.1086484536082, 254.95876288659792, 172.77319587628867, 39.329896907216494
277, 589.7312912766905, 183.0105979381443, 254.94845360824743, 174.29896907216494, 39.41237113402062
278, 589.4648717637049, 182.8278041237113, 254.94845360824743, 174.1237113402062, 38.71134020618557
279, 589.1984522507191, 183.28143092783503, 254.96907216494844, 174.8659793814433, 38.81443298969072
280, 588.9320327377335, 183.81197525773194, 254.98969072164948, 175.63917525773195, 39.43298969072165
281, 588.6656132247477, 184.36632474226798, 255.0, 176.68041237113403, 38.90721649484536
282, 588.3991937117621, 184.53033608247424, 254.98969072164948, 176.96907216494844, 38.88659793814433
283, 588.1327741987764, 185.44570927835045, 254.96907216494844, 178.56701030927834, 38.74226804123711
284, 587.8663546857906, 185.5775742268041, 254.97938144329896, 178.81443298969072, 38.597938144329895
285, 587.599935172805, 186.39139175257733, 254.94845360824743, 180.28865979381445, 38.22680412371134
286, 587.3335156598193, 186.40862783505165, 254.95876288659792, 180.36082474226805, 37.97938144329897
287, 587.0670961468336, 186.84409175257736, 254.95876288659792, 181.22680412371133, 37.34020618556701
288, 586.8006766338478, 187.37146082474223, 254.97938144329896, 182.02061855670104, 37.824742268041234
289, 586.5342571208622, 188.06151237113403, 254.97938144329896, 183.20618556701032, 37.77319587628866
290, 586.2678376078765, 188.12258350515475, 254.98969072164948, 183.29896907216494, 37.8041237113402
291, 586.0014180948908, 188.61772886597942, 254.97938144329896, 184.1237113402062, 37.92783505154639
292, 585.7349985819051, 188.8046597938145, 254.94845360824743, 184.46391752577318, 37.896907216494846
293, 585.4685790689194, 189.6260804123713, 254.96907216494844, 185.82474226804123, 38.04123711340206
294, 585.2021595559337, 189.68383505154654, 254.94845360824743, 185.98969072164948, 37.75257731958763
295, 584.935740042948, 189.9742030927835, 254.97938144329896, 186.55670103092783, 37.29896907216495
296, 584.6693205299623, 190.23506907216515, 254.97938144329896, 186.96907216494844, 37.4639175257732
297, 584.4029010169766, 190.65718556701032, 254.94845360824743, 187.7319587628866, 37.31958762886598
298, 584.1364815039909, 190.8574721649485, 254.96907216494844, 188.02061855670104, 37.5360824742268
299, 583.8700619910052, 191.03829999999994, 254.93814432989691, 188.27835051546393, 37.876288659793815
300, 583.6036424780195, 191.1064226804124, 254.94845360824743, 188.37113402061857, 37.96907216494845
301, 583.3372229650338, 191.5962298969072, 254.91752577319588, 189.17525773195877, 38.20618556701031
302, 583.0708034520482, 191.4404969072165, 254.9278350515464, 188.95876288659792, 37.92783505154639
303, 582.8043839390624, 192.214393814433, 254.9278350515464, 190.23711340206185, 38.134020618556704
304, 582.5379644260768, 192.3503577319589, 254.97938144329896, 190.48453608247422, 37.91752577319588
305, 582.271544913091, 192.61761752577326, 254.95876288659792, 191.08247422680412, 37.23711340206186
306, 582.0051254001053, 192.8101257731959, 254.9278350515464, 191.4742268041237, 36.98969072164948
307, 581.7387058871196, 193.61987113402049, 255.0, 192.76288659793815, 37.2680412371134
308, 581.4722863741339, 193.4404195876288, 254.97938144329896, 192.7319587628866, 35.90721649484536
309, 581.2058668611483, 193.93774948453617, 254.97938144329896, 193.71134020618555, 35.22680412371134
310, 580.9394473481625, 193.9363824742268, 254.93814432989691, 194.01030927835052, 33.78350515463917
311, 580.6730278351769, 194.41960927835058, 254.93814432989691, 194.98969072164948, 32.97938144329897
312, 580.4066083221911, 194.78622474226808, 254.96907216494844, 195.82474226804123, 31.814432989690722
313, 580.1401888092055, 194.93109484536072, 254.9278350515464, 196.36082474226805, 30.432989690721648
314, 579.8737692962197, 195.02977216494844, 254.95876288659792, 196.98969072164948, 27.97938144329897
315, 579.6073497832341, 195.8470567010309, 255.0, 198.50515463917526, 27.237113402061855
316, 579.3409302702484, 195.83081752577323, 254.91752577319588, 199.0, 24.762886597938145
317, 579.0745107572627, 196.56517525773202, 254.94845360824743, 200.38144329896906, 24.010309278350515
318, 578.808091244277, 196.4139546391753, 254.37113402061857, 200.8762886597938, 21.649484536082475
319, 578.5416717312912, 196.59666391752575, 253.56701030927834, 201.77319587628867, 20.742268041237114
320, 578.2752522183056, 195.88749587628865, 251.43298969072166, 202.0721649484536, 18.577319587628867
321, 578.0088327053198, 195.06142061855667, 249.29896907216494, 202.06185567010309, 16.97938144329897
322, 577.7424131923342, 195.26793608247422, 247.1340206185567, 203.53608247422682, 16.876288659793815
323, 577.4759936793484, 195.42959381443296, 246.43298969072166, 204.2164948453608, 16.628865979381445
324, 577.2095741663628, 194.97543298969072, 244.43298969072166, 204.57731958762886, 16.030927835051546
325, 576.9431546533771, 194.8464958762887, 243.28865979381445, 204.8762886597938, 16.36082474226804
326, 576.6767351403914, 194.68315670103087, 241.42268041237114, 205.60824742268042, 16.051546391752577
327, 576.4103156274057, 194.26363092783507, 240.28865979381445, 205.63917525773195, 15.185567010309278
328, 576.1438961144199, 193.52057938144335, 236.88659793814432, 206.3298969072165, 14.030927835051546
329, 575.8774766014343, 193.21654226804128, 235.4020618556701, 206.8041237113402, 12.814432989690722
330, 575.6110570884485, 192.5256865979382, 232.10309278350516, 207.57731958762886, 11.422680412371134
331, 575.3446375754629, 192.36860000000007, 231.01030927835052, 208.01030927835052, 10.68041237113402
332, 575.0782180624772, 191.45445670103084, 227.28865979381445, 208.68041237113403, 8.969072164948454
333, 574.8117985494915, 191.07820103092777, 226.44329896907217, 208.6701030927835, 7.938144329896907
334, 574.5453790365058, 190.23834536082484, 222.93814432989691, 209.35051546391753, 6.257731958762887
335, 574.2789595235201, 190.05684536082467, 222.06185567010309, 209.58762886597938, 5.742268041237113
336, 574.0125400105344, 189.13201030927831, 218.4536082474227, 210.1237113402062, 4.329896907216495
337, 573.7461204975486, 189.14772886597933, 217.24742268041237, 210.82474226804123, 4.020618556701031
338, 573.479700984563, 188.58605154639181, 214.53608247422682, 211.42268041237114, 3.1237113402061856
339, 573.2132814715774, 188.6504546391752, 214.01030927835052, 211.8041237113402, 3.1030927835051547
340, 572.9468619585916, 188.17562680412368, 211.2577319587629, 212.56701030927834, 2.2268041237113403
341, 572.6804424456059, 187.93336804123703, 210.03092783505156, 212.83505154639175, 1.9381443298969072
342, 572.4140229326202, 187.46767319587627, 207.70103092783506, 213.340206185567, 1.3608247422680413
343, 572.1476034196345, 187.78193608247412, 207.44329896907217, 213.95876288659792, 1.6082474226804124
344, 571.8811839066489, 187.52355979381443, 204.50515463917526, 215.09278350515464, 1.2061855670103092
345, 571.6147643936631, 187.07514536082473, 203.18556701030928, 214.95876288659792, 1.422680412371134
346, 571.3483448806775, 187.02349175257734, 200.64948453608247, 216.20618556701032, 1.1958762886597938
347, 571.0819253676917, 187.06740103092795, 200.42268041237114, 216.27835051546393, 1.8041237113402062
348, 570.8155058547061, 186.36046701030926, 197.90721649484536, 216.43298969072166, 1.402061855670103
349, 570.5490863417203, 186.5428731958762, 197.24742268041237, 216.91752577319588, 2.2371134020618557
350, 570.2826668287346, 185.87760309278363, 194.69072164948454, 217.20618556701032, 1.6185567010309279
351, 570.016247315749, 185.48865360824752, 193.46391752577318, 217.0721649484536, 2.11340206185567
352, 569.7498278027632, 184.6495041237112, 190.11340206185568, 217.49484536082474, 1.3608247422680413
353, 569.4834082897776, 184.21725670103095, 188.77319587628867, 217.36082474226805, 1.7731958762886597
354, 569.2169887767918, 183.0161103092783, 185.18556701030928, 217.31958762886597, 0.8556701030927835
355, 568.9505692638062, 182.37964226804124, 183.98969072164948, 216.8762886597938, 0.6907216494845361
356, 568.6841497508204, 181.81918969072166, 180.7835051546392, 217.53608247422682, 0.7835051546391752
357, 568.4177302378348, 181.11007731958765, 178.09278350515464, 217.46391752577318, 1.9896907216494846
358, 568.151310724849, 179.44190515463916, 173.62886597938143, 217.04123711340208, 1.2371134020618557
359, 567.8848912118633, 178.9554103092784, 171.77319587628867, 217.04123711340208, 1.8350515463917525
360, 567.6184716988777, 177.37382061855675, 167.46391752577318, 216.71134020618555, 0.9587628865979382
361, 567.3520521858919, 176.6161515463918, 164.05154639175257, 217.0, 1.7731958762886597
362, 567.0856326729063, 175.0174855670103, 159.4742268041237, 216.7835051546392, 0.865979381443299
363, 566.8192131599205, 173.671430927835, 155.17525773195877, 216.57731958762886, 1.3917525773195876
364, 566.5527936469349, 172.59555051546388, 151.1958762886598, 216.89690721649484, 0.7422680412371134
365, 566.2863741339492, 171.13235154639176, 147.10309278350516, 216.2680412371134, 1.8762886597938144
366, 566.0199546209635, 169.46996494845357, 142.51546391752578, 216.01030927835052, 0.6494845360824743
367, 565.7535351079778, 168.35804845360832, 139.0, 215.7319587628866, 1.5463917525773196
368, 565.4871155949921, 167.10702268041243, 134.9278350515464, 215.81443298969072, 0.8247422680412371
369, 565.2206960820064, 165.95395773195887, 131.659793814433, 215.4020618556701, 1.402061855670103
370, 564.9542765690207, 165.56103092783513, 128.55670103092783, 216.36082474226805, 1.1546391752577319
371, 564.687857056035, 164.56724432989685, 127.04123711340206, 215.38144329896906, 1.4536082474226804
372, 564.4214375430493, 163.47007938144327, 123.3298969072165, 215.4742268041237, 1.0824742268041236
373, 564.1550180300636, 163.2093659793815, 122.11340206185567, 215.44329896907217, 2.1443298969072164
374, 563.8885985170779, 161.4176907216495, 117.83505154639175, 214.79381443298968, 0.9896907216494846
375, 563.6221790040922, 160.90419793814436, 116.68041237113403, 214.36082474226805, 1.7422680412371134
376, 563.3557594911065, 159.60712680412377, 112.54639175257732, 214.41237113402062, 0.9381443298969072
377, 563.0893399781208, 158.98030927835055, 109.89690721649484, 214.51546391752578, 1.8556701030927836
378, 562.8229204651351, 157.3519092783504, 105.54639175257732, 214.09278350515464, 1.1546391752577319
379, 562.5565009521495, 156.4652051546392, 102.58762886597938, 213.88659793814432, 2.195876288659794
380, 562.2900814391637, 154.33595773195876, 97.74226804123711, 212.95876288659792, 1.0
381, 562.023661926178, 152.41441546391752, 94.50515463917526, 211.31958762886597, 1.0721649484536082
382, 561.7572424131923, 151.7478938144329, 91.26804123711341, 211.81443298969072, 1.1649484536082475
383, 561.4908229002066, 150.68076185567, 88.97938144329896, 210.98969072164948, 2.051546391752577
384, 561.224403387221, 148.28792783505145, 83.91752577319588, 209.70103092783506, 0.9690721649484536
385, 560.9579838742352, 146.92003092783497, 81.23711340206185, 208.64948453608247, 1.4123711340206186
386, 560.6915643612496, 145.92938144329898, 78.14432989690722, 208.55670103092783, 1.309278350515464
387, 560.4251448482638, 145.43958144329898, 76.96907216494846, 208.08247422680412, 2.536082474226804
388, 560.1587253352782, 144.5554175257732, 74.48453608247422, 207.84536082474227, 2.515463917525773
389, 559.8923058222924, 143.58118041237108, 72.73195876288659, 207.0, 2.917525773195876
390, 559.6258863093067, 142.9850814432989, 71.55670103092784, 206.49484536082474, 3.3711340206185567
391, 559.359466796321, 142.69658659793814, 70.52577319587628, 206.2680412371134, 4.711340206185567
392, 559.0930472833353, 141.8539195876288, 69.56701030927834, 205.28865979381445, 4.876288659793815
393, 558.8266277703497, 141.48952989690713, 68.30927835051547, 205.0, 6.463917525773196
394, 558.5602082573639, 141.2517412371134, 67.94845360824742, 204.5463917525773, 7.65979381443299
395, 558.2937887443783, 140.54233298969075, 65.94845360824742, 204.1340206185567, 8.804123711340207
396, 558.0273692313925, 139.48348556701026, 64.62886597938144, 202.8659793814433, 9.505154639175258
397, 557.7609497184069, 138.98527731958768, 63.30927835051546, 202.36082474226805, 11.195876288659793
398, 557.4945302054211, 137.82725360824745, 61.896907216494846, 200.96907216494844, 11.907216494845361
399, 557.2281106924355, 137.29423505154642, 60.123711340206185, 200.51546391752578, 14.216494845360824
400, 556.9616911794498, 136.9786381443299, 59.70103092783505, 199.75257731958763, 16.484536082474225
401, 556.6952716664641, 137.07304123711336, 58.865979381443296, 199.7319587628866, 19.608247422680414
402, 556.4288521534784, 136.55531546391754, 58.391752577319586, 198.70103092783506, 21.61855670103093
403, 556.1624326404926, 136.05521855670102, 57.50515463917526, 197.93814432989691, 23.484536082474225
404, 555.896013127507, 136.175124742268, 57.20618556701031, 197.8041237113402, 26.010309278350515
405, 555.6295936145212, 135.92837010309276, 56.1958762886598, 197.31958762886597, 28.989690721649485
406, 555.3631741015356, 135.24179072164952, 54.876288659793815, 196.58762886597938, 30.195876288659793
407, 555.0967545885499, 133.56895670103094, 52.49484536082474, 194.94845360824743, 30.20618556701031
408, 554.8303350755642, 132.8231340206185, 51.75257731958763, 194.06185567010309, 30.175257731958762
409, 554.5639155625785, 133.69522164948455, 51.8041237113402, 194.88659793814432, 33.44329896907217
410, 554.2974960495928, 132.85805154639172, 50.92783505154639, 193.88659793814432, 33.54639175257732
411, 554.0310765366071, 131.89038247422678, 49.16494845360825, 192.91752577319588, 34.670103092783506
412, 553.7646570236213, 130.50519072164943, 47.68041237113402, 191.39175257731958, 34.2680412371134
413, 553.4982375106357, 130.34994639175258, 46.41237113402062, 191.35051546391753, 36.44329896907217
414, 553.23181799765, 130.0881020618557, 46.09278350515464, 190.96907216494844, 36.94845360824742
415, 552.9653984846643, 130.389412371134, 45.670103092783506, 191.23711340206185, 39.31958762886598
416, 552.6989789716786, 130.11341855670102, 45.402061855670105, 190.84536082474227, 39.618556701030926
417, 552.4325594586929, 129.16459278350513, 43.65979381443299, 190.0, 40.21649484536083
418, 552.1661399457072, 128.7638226804124, 43.21649484536083, 189.56701030927834, 40.09278350515464
419, 551.8997204327216, 127.8218494845361, 42.02061855670103, 188.50515463917526, 40.43298969072165
420, 551.6333009197358, 127.47138041237116, 41.55670103092783, 188.1443298969072, 40.43298969072165
421, 551.36688140675, 128.15011237113404, 41.04123711340206, 189.15463917525773, 42.5360824742268
422, 551.1004618937644, 126.90056907216491, 39.670103092783506, 187.8762886597938, 41.75257731958763
423, 550.8340423807788, 126.42070721649489, 39.01030927835052, 187.28865979381445, 42.29896907216495
424, 550.567622867793, 126.34235257731962, 38.94845360824742, 187.15463917525773, 42.4639175257732
425, 550.3012033548073, 125.72199278350516, 37.90721649484536, 186.39175257731958, 43.68041237113402
426, 550.0347838418216, 125.96625773195873, 38.144329896907216, 186.56701030927834, 44.29896907216495
427, 549.7683643288359, 126.39270103092782, 37.628865979381445, 187.18556701030928, 46.20618556701031
428, 549.5019448158503, 125.93098762886598, 37.134020618556704, 186.70103092783506, 45.94845360824742
429, 549.2355253028645, 126.10254742268043, 36.175257731958766, 187.10309278350516, 47.896907216494846
430, 548.9691057898789, 125.66195876288661, 35.670103092783506, 186.659793814433, 47.63917525773196
431, 548.7026862768931, 125.49892680412368, 34.649484536082475, 186.64948453608247, 48.93814432989691
432, 548.4362667639075, 125.07026597938138, 34.144329896907216, 186.2164948453608, 48.7319587628866
433, 548.1698472509217, 124.87391030927832, 32.95876288659794, 186.24742268041237, 49.95876288659794
434, 547.903427737936, 123.82030618556695, 31.88659793814433, 185.15463917525773, 49.154639175257735
435, 547.6370082249504, 124.06589793814426, 31.948453608247423, 185.30927835051546, 50.350515463917525
436, 547.3705887119646, 124.11292061855667, 31.927835051546392, 185.2577319587629, 51.08247422680412
437, 547.104169198979, 124.51871134020614, 31.237113402061855, 185.8762886597938, 53.2680412371134
438, 546.8377496859932, 123.54567731958763, 30.030927835051546, 184.89690721649484, 52.93814432989691
439, 546.5713301730076, 123.65322783505145, 29.164948453608247, 185.43298969072166, 53.391752577319586
440, 546.3049106600218, 124.05537113402058, 28.969072164948454, 186.1237113402062, 53.876288659793815
441, 546.0384911470362, 124.02083711340201, 28.02061855670103, 186.31958762886597, 55.05154639175258
442, 545.7720716340505, 123.40849587628873, 26.587628865979383, 186.0721649484536, 54.71134020618557
443, 545.5056521210647, 122.71167422680412, 25.010309278350515, 185.53608247422682, 55.49484536082474
444, 545.2392326080791, 122.27763917525776, 23.917525773195877, 185.37113402061857, 55.402061855670105
445, 544.9728130950933, 122.58708865979386, 23.237113402061855, 185.94845360824743, 56.92783505154639
446, 544.7063935821077, 121.94348865979384, 21.711340206185568, 185.70103092783506, 56.55670103092783
447, 544.439974069122, 121.42093814432988, 20.412371134020617, 185.2680412371134, 57.608247422680414
448, 544.1735545561363, 120.66038350515461, 18.02061855670103, 185.27835051546393, 57.154639175257735
449, 543.9071350431506, 122.04187628865974, 18.65979381443299, 186.79381443298968, 59.79381443298969
450, 543.6407155301649, 121.34605051546393, 16.608247422680414, 186.77319587628867, 59.175257731958766
451, 543.3742960171792, 121.88805257731956, 16.278350515463917, 187.60824742268042, 60.49484536082474
452, 543.1078765041935, 120.52825463917519, 13.536082474226804, 186.8762886597938, 59.52577319587629
453, 542.8414569912078, 120.39880824742266, 12.02061855670103, 187.10309278350516, 61.1958762886598
454, 542.5750374782222, 120.6689340206185, 10.762886597938145, 188.05154639175257, 61.97938144329897
455, 542.3086179652364, 120.54105773195874, 9.731958762886597, 188.2164948453608, 62.71134020618557
456, 542.0421984522507, 119.63553917525772, 7.288659793814433, 188.0721649484536, 61.91752577319588
457, 541.775778939265, 119.67143505154631, 6.680412371134021, 188.22680412371133, 63.03092783505155
458, 541.5093594262793, 119.67448762886602, 5.22680412371134, 188.93814432989691, 63.20618556701031
459, 541.2429399132936, 120.09485154639177, 4.88659793814433, 189.50515463917526, 64.8659793814433
460, 540.9765204003079, 119.92744948453604, 3.9587628865979383, 189.68041237113403, 64.9278350515464
461, 540.7101008873223, 120.14249278350518, 3.6288659793814433, 189.94845360824743, 66.29896907216495
462, 540.4436813743365, 119.28326907216497, 2.5670103092783507, 189.18556701030928, 65.47422680412372
463, 540.1772618613509, 119.43239793814428, 2.1030927835051547, 189.4536082474227, 66.61855670103093
464, 539.9108423483651, 120.1442628865979, 2.216494845360825, 190.41237113402062, 67.62886597938144
465, 539.6444228353794, 121.02138350515462, 2.0412371134020617, 191.64948453608247, 69.41237113402062
466, 539.3780033223937, 120.52350309278349, 1.2577319587628866, 191.27835051546393, 69.01030927835052
467, 539.111583809408, 121.11892577319585, 1.2577319587628866, 192.08247422680412, 70.09278350515464
468, 538.8451642964224, 121.41935567010307, 1.4948453608247423, 192.38144329896906, 70.56701030927834
469, 538.5787447834366, 122.15293917525773, 1.6391752577319587, 193.17525773195877, 72.5360824742268
470, 538.312325270451, 121.93084329896904, 1.5670103092783505, 192.8556701030928, 72.42268041237114
471, 538.0459057574652, 122.15037113402053, 1.3402061855670102, 193.16494845360825, 73.35051546391753
472, 537.7794862444796, 122.50723711340201, 1.7525773195876289, 193.49484536082474, 73.70103092783505
473, 537.5130667314938, 122.88345051546389, 1.4742268041237114, 194.04123711340208, 74.91752577319588
474, 537.2466472185081, 123.23431030927836, 1.7422680412371134, 194.41237113402062, 75.38144329896907
475, 536.9802277055225, 124.03212783505151, 1.9175257731958764, 195.3298969072165, 77.19587628865979
476, 536.7138081925368, 123.90437731958764, 1.7938144329896908, 195.17525773195877, 77.19587628865979
477, 536.4473886795511, 124.35040721649484, 1.288659793814433, 195.8659793814433, 78.87628865979381
478, 536.1809691665653, 124.6107144329897, 1.4123711340206186, 196.1443298969072, 79.4020618556701
479, 535.9145496535797, 124.66086288659797, 1.1649484536082475, 196.18556701030928, 80.27835051546391
480, 535.6481301405939, 125.00917938144332, 1.402061855670103, 196.53608247422682, 80.90721649484536
481, 535.3817106276083, 125.58113402061855, 1.3402061855670102, 197.18556701030928, 82.74226804123711
482, 535.1152911146226, 126.10879072164943, 1.8865979381443299, 197.6701030927835, 83.44329896907216
483, 534.8488716016368, 126.46604226804119, 2.051546391752577, 197.94845360824743, 84.71134020618557
484, 534.5824520886512, 126.74929999999995, 2.2577319587628866, 198.1958762886598, 85.38144329896907
485, 534.3160325756655, 126.64680412371139, 1.5463917525773196, 198.17525773195877, 86.45360824742268
486, 534.0496130626798, 126.48776185567006, 1.4536082474226804, 197.91752577319588, 86.62886597938144
487, 533.783193549694, 127.33966494845352, 1.8041237113402062, 198.8659793814433, 88.29896907216495
488, 533.5167740367084, 127.40999278350513, 1.824742268041237, 198.90721649484536, 88.64948453608247
489, 533.2503545237226, 127.42346185567011, 1.3608247422680413, 198.93814432989691, 89.82474226804123
490, 532.983935010737, 127.34153402061848, 1.2577319587628866, 198.83505154639175, 89.90721649484536
491, 532.7175154977513, 128.11818144329894, 1.5876288659793814, 199.659793814433, 91.6082474226804
492, 532.4510959847656, 128.20710824742267, 1.597938144329897, 199.7319587628866, 91.98969072164948
493, 532.1846764717799, 128.7836257731959, 1.7835051546391754, 200.30927835051546, 93.58762886597938
494, 531.9182569587942, 128.4584123711341, 1.5463917525773196, 199.8659793814433, 93.63917525773196
495, 531.6518374458085, 128.88378144329906, 1.6701030927835052, 200.17525773195877, 95.45360824742268
496, 531.3854179328227, 128.49552474226806, 1.2474226804123711, 199.70103092783506, 95.5979381443299
497, 531.1189984198371, 129.0627618556701, 1.2474226804123711, 200.29896907216494, 97.49484536082474
498, 530.8525789068515, 129.46023402061851, 1.4742268041237114, 200.68041237113403, 98.42268041237114
499, 530.5861593938657, 130.31049690721645, 1.9381443298969072, 201.4742268041237, 100.57731958762886
500, 530.31973988088, 129.9280835051547, 1.6391752577319587, 200.89690721649484, 100.97938144329896
501, 530.0533203678943, 130.12348453608243, 1.3402061855670102, 200.91752577319588, 103.37113402061856
502, 529.7869008549086, 130.37322164948458, 1.3917525773195876, 201.08247422680412, 104.57731958762886
503, 529.520481341923, 132.07087010309274, 2.536082474226804, 202.77319587628867, 107.76288659793815
504, 529.2540618289372, 131.75133814432988, 2.082474226804124, 202.39175257731958, 108.11340206185567
505, 528.9876423159515, 132.07280721649488, 2.0309278350515463, 202.50515463917526, 110.48453608247422
506, 528.7212228029658, 131.4493979381443, 1.4845360824742269, 201.71134020618555, 110.5360824742268
507, 528.4548032899802, 132.340793814433, 1.8556701030927836, 202.5463917525773, 113.08247422680412
508, 528.1883837769944, 132.2189793814433, 1.7525773195876289, 202.30927835051546, 113.50515463917526
509, 527.9219642640087, 132.05374432989692, 1.3195876288659794, 202.0, 114.78350515463917
510, 527.6555447510231, 132.28905051546388, 1.4536082474226804, 202.2164948453608, 115.38144329896907
511, 527.3891252380373, 132.51100103092787, 1.6391752577319587, 202.1237113402062, 117.31958762886597
512, 527.1227057250517, 131.95811855670104, 1.288659793814433, 201.41237113402062, 117.05154639175258
513, 526.8562862120659, 132.05638762886602, 1.3814432989690721, 201.20618556701032, 118.73195876288659
514, 526.5898666990803, 132.09849175257733, 1.3711340206185567, 201.23711340206185, 118.96907216494846
515, 526.3234471860945, 132.85152164948448, 2.0, 201.84536082474227, 120.79381443298969
516, 526.0570276731089, 132.5596278350515, 1.556701030927835, 201.5257731958763, 121.04123711340206
517, 525.7906081601232, 133.23947319587626, 1.6597938144329898, 202.16494845360825, 123.44329896907216
518, 525.5241886471374, 133.3440587628867, 1.6804123711340206, 202.2164948453608, 124.04123711340206
519, 525.2577691341518, 133.22543298969077, 1.6494845360824741, 201.8659793814433, 124.88659793814433
520, 524.991349621166, 133.19072680412376, 1.7010309278350515, 201.75257731958763, 125.03092783505154
521, 524.7249301081804, 133.71280618556696, 1.9381443298969072, 202.09278350515464, 127.23711340206185
522, 524.4585105951946, 133.64653711340208, 1.8453608247422681, 201.96907216494844, 127.5360824742268
523, 524.192091082209, 134.0141505154639, 1.8969072164948453, 202.15463917525773, 129.6701030927835
524, 523.9256715692233, 133.6092381443299, 1.7422680412371134, 201.58762886597938, 129.44329896907217
525, 523.6592520562376, 133.61858762886598, 1.3402061855670102, 201.46391752577318, 131.2164948453608
526, 523.3928325432519, 133.70359175257727, 1.402061855670103, 201.50515463917526, 131.58762886597938
527, 523.1264130302661, 134.0534793814432, 1.597938144329897, 201.56701030927834, 133.82474226804123
528, 522.8599935172805, 133.68554123711337, 1.288659793814433, 201.1237113402062, 133.69072164948454
529, 522.5935740042949, 134.14125979381438, 1.6288659793814433, 201.27835051546393, 136.0
530, 522.3271544913091, 133.56307628865974, 1.1958762886597938, 200.5979381443299, 135.56701030927834
531, 522.0607349783234, 134.3080855670103, 1.9278350515463918, 201.1340206185567, 137.42268041237114
532, 521.7943154653377, 134.10980927835053, 1.7010309278350515, 200.8556701030928, 137.71134020618555
533, 521.527895952352, 133.88645257731957, 1.3505154639175259, 200.30927835051546, 139.48453608247422
534, 521.2614764393663, 134.5432515463918, 1.9175257731958764, 200.90721649484536, 140.68041237113403
535, 520.9950569263806, 134.60476288659785, 1.6494845360824741, 200.8041237113402, 142.4536082474227
536, 520.7286374133948, 134.32603917525776, 1.4639175257731958, 200.39175257731958, 142.61855670103094
537, 520.4622179004092, 134.28607216494842, 1.2371134020618557, 200.09278350515464, 144.4020618556701
538, 520.1957983874236, 134.44647422680416, 1.443298969072165, 200.16494845360825, 144.89690721649484
539, 519.9293788744378, 133.9984804123711, 1.175257731958763, 199.1958762886598, 146.659793814433
540, 519.6629593614521, 134.07512886597937, 1.1855670103092784, 199.23711340206185, 147.09278350515464
541, 519.3965398484664, 134.30463917525776, 1.3402061855670102, 199.16494845360825, 149.0721649484536
542, 519.1301203354807, 134.26464123711332, 1.3195876288659794, 199.04123711340208, 149.41237113402062
543, 518.863700822495, 135.23617010309286, 2.216494845360825, 199.70103092783506, 152.18556701030928
544, 518.5972813095093, 134.80745876288663, 1.8041237113402062, 199.15463917525773, 152.31958762886597
545, 518.3308617965237, 134.9673659793815, 1.8041237113402062, 199.02061855670104, 154.41237113402062
546, 518.0644422835379, 134.04622989690725, 1.2061855670103092, 197.8659793814433, 153.84536082474227
547, 517.7980227705523, 134.50962061855668, 1.2164948453608246, 198.2577319587629, 155.8659793814433
548, 517.5316032575665, 134.9696041237113, 1.4845360824742269, 198.61855670103094, 157.340206185567
549, 517.2651837445808, 134.93797525773195, 1.690721649484536, 198.04123711340208, 159.49484536082474
550, 516.9987642315951, 134.40945154639178, 1.2577319587628866, 197.30927835051546, 159.76288659793815
551, 516.7323447186095, 134.5462845360825, 1.5876288659793814, 197.0, 161.69072164948454
552, 516.4659252056238, 134.53665463917525, 1.4948453608247423, 196.95876288659792, 162.06185567010309
553, 516.199505692638, 134.1103402061856, 1.134020618556701, 196.06185567010309, 163.88659793814432
554, 515.9330861796524, 134.29969587628867, 1.288659793814433, 196.18556701030928, 164.50515463917526
555, 515.6666666666666, 134.469830927835, 1.3814432989690721, 195.98969072164948, 166.76288659793815
556, 515.400247153681, 133.92943195876293, 1.041237113402062, 195.27835051546393, 166.57731958762886
557, 515.1338276406952, 133.85945876288656, 1.1855670103092784, 194.63917525773195, 168.8762886597938
558, 514.8674081277095, 134.11239484536085, 1.4123711340206186, 194.81443298969072, 169.5979381443299
559, 514.6009886147239, 133.87007113402063, 1.4536082474226804, 193.93814432989691, 171.8762886597938
560, 514.3345691017382, 133.44760000000002, 1.1134020618556701, 193.31958762886597, 172.24742268041237
561, 514.0681495887525, 133.49139793814436, 1.3814432989690721, 192.77319587628867, 174.7422680412371
562, 513.8017300757667, 133.15133402061858, 1.1958762886597938, 192.27835051546393, 174.79381443298968
563, 513.5353105627811, 133.72518041237112, 1.8041237113402062, 192.5257731958763, 176.95876288659792
564, 513.2688910497953, 134.16450206185576, 2.195876288659794, 192.81443298969072, 178.29896907216494
565, 513.0024715368097, 133.6691865979382, 2.051546391752577, 191.58762886597938, 180.64948453608247
566, 512.736052023824, 132.87536701030928, 1.3814432989690721, 190.61855670103094, 180.43298969072166
567, 512.4696325108383, 132.7225113402062, 1.5876288659793814, 190.03092783505156, 181.57731958762886
568, 512.2032129978526, 131.99245360824747, 1.134020618556701, 189.1443298969072, 180.9278350515464
569, 511.9367934848669, 131.89559793814433, 1.134020618556701, 188.70103092783506, 182.36082474226805
570, 511.6703739718812, 131.92194536082474, 1.1649484536082475, 188.6701030927835, 182.6701030927835
571, 511.4039544588955, 132.26585979381446, 1.5051546391752577, 188.60824742268042, 185.11340206185568
572, 511.1375349459098, 131.9234783505155, 1.1958762886597938, 188.2164948453608, 184.93814432989691
573, 510.87111543292406, 132.1978690721649, 1.6185567010309279, 187.93814432989691, 187.6701030927835
574, 510.6046959199384, 131.91184123711338, 1.3814432989690721, 187.58762886597938, 187.58762886597938
575, 510.3382764069527, 132.25739793814427, 1.7938144329896908, 187.5979381443299, 189.48453608247422
576, 510.07185689396704, 131.85917113402053, 1.3814432989690721, 187.18556701030928, 189.1958762886598
577, 509.8054373809813, 131.92489690721646, 1.5463917525773196, 186.90721649484536, 190.77319587628867
578, 509.5390178679956, 131.66029896907216, 1.443298969072165, 186.56701030927834, 190.4742268041237
579, 509.2725983550099, 131.78934020618553, 1.6494845360824741, 186.4536082474227, 191.64948453608247
580, 509.0061788420242, 131.08127835051536, 1.134020618556701, 185.5979381443299, 191.1958762886598
581, 508.7397593290385, 131.90192577319587, 2.185567010309278, 185.79381443298968, 194.62886597938143
582, 508.4733398160528, 130.86272989690715, 1.2577319587628866, 184.6701030927835, 193.7319587628866
583, 508.20692030306714, 130.21916804123708, 0.8969072164948454, 183.7835051546392, 193.5979381443299
584, 507.9405007900814, 130.25636494845352, 0.7835051546391752, 183.88659793814432, 193.69072164948454
585, 507.67408127709575, 130.75725876288652, 1.3298969072164948, 184.04123711340208, 195.8556701030928
586, 507.40766176411, 130.7184876288659, 1.309278350515464, 183.98969072164948, 195.83505154639175
587, 507.14124225112437, 130.7287639175258, 1.6391752577319587, 183.49484536082474, 197.60824742268042
588, 506.8748227381386, 130.69609175257733, 1.6597938144329898, 183.42268041237114, 197.63917525773195
589, 506.6084032251529, 130.60860721649487, 1.9690721649484537, 182.79381443298968, 199.29896907216494
590, 506.34198371216723, 129.22489072164944, 0.8865979381443299, 181.2680412371134, 197.8556701030928
591, 506.07556419918154, 129.56747422680408, 1.443298969072165, 181.1237113402062, 200.1443298969072
592, 505.80914468619585, 129.92797422680417, 1.597938144329897, 181.56701030927834, 200.61855670103094
593, 505.54272517321016, 129.44012268041237, 1.556701030927835, 180.55670103092783, 201.64948453608247
594, 505.27630566022447, 129.16477010309276, 1.268041237113402, 180.28865979381445, 201.37113402061857
595, 505.0098861472387, 129.18738350515463, 1.422680412371134, 180.1443298969072, 201.90721649484536
596, 504.7434666342531, 128.37031649484533, 0.8556701030927835, 179.17525773195877, 201.2164948453608
597, 504.47704712126733, 128.07705876288654, 1.268041237113402, 178.04123711340208, 203.4020618556701
598, 504.2106276082817, 127.62895979381445, 1.0206185567010309, 177.46391752577318, 203.09278350515464
599, 503.94420809529595, 127.7495989690721, 1.2268041237113403, 177.340206185567, 204.24742268041237
600, 503.67778858231026, 128.13206701030919, 1.4948453608247423, 177.77319587628867, 204.6701030927835
601, 503.41136906932456, 128.4430948453608, 1.731958762886598, 177.8659793814433, 206.29896907216494
602, 503.1449495563389, 128.13063814432988, 1.4536082474226804, 177.51546391752578, 206.09278350515464
603, 502.8785300433532, 127.2892515463917, 1.1958762886597938, 175.96907216494844, 207.35051546391753
604, 502.6121105303675, 126.86192680412366, 0.9381443298969072, 175.41237113402062, 207.1443298969072
605, 502.3456910173818, 126.82833402061857, 1.2989690721649485, 174.83505154639175, 208.8762886597938
606, 502.07927150439605, 126.44583092783509, 0.9690721649484536, 174.38144329896906, 208.72164948453607
607, 501.8128519914104, 126.77577628865983, 1.824742268041237, 174.11340206185568, 210.75257731958763
608, 501.54643247842466, 126.73385773195884, 1.6288659793814433, 174.1237113402062, 210.84536082474227
609, 501.280012965439, 126.00728247422683, 1.6082474226804124, 172.7422680412371, 211.63917525773195
610, 501.0135934524533, 125.42139896907224, 1.268041237113402, 172.05154639175257, 210.94845360824743
611, 500.7471739394676, 125.68631030927837, 1.5360824742268042, 172.20618556701032, 211.77319587628867
612, 500.4807544264819, 125.05353298969072, 0.9587628865979382, 171.4742268041237, 211.50515463917526
613, 500.2143349134962, 125.00722989690728, 1.7216494845360826, 170.5463917525773, 213.8762886597938
614, 499.9479154005105, 123.9659381443299, 1.0309278350515463, 169.27835051546393, 213.08247422680412
615, 499.68149588752476, 124.23579999999998, 1.4845360824742269, 169.22680412371133, 214.5257731958763
616, 499.4150763745391, 124.06422783505155, 1.4329896907216495, 168.95876288659792, 214.53608247422682
617, 499.1486568615534, 123.87351134020615, 1.690721649484536, 168.0721649484536, 216.75257731958763
618, 498.88223734856774, 122.371275257732, 0.8556701030927835, 166.2164948453608, 215.31958762886597
619, 498.615817835582, 121.84274639175254, 1.1958762886597938, 164.88659793814432, 216.63917525773195
620, 498.34939832259636, 121.70424536082469, 1.2577319587628866, 164.63917525773195, 216.53608247422682
621, 498.0829788096106, 121.50155876288659, 1.5257731958762886, 163.83505154639175, 218.1958762886598
622, 497.8165592966249, 120.51973711340202, 0.979381443298969, 162.62886597938143, 217.22680412371133
623, 497.5501397836392, 120.2214164948454, 1.5051546391752577, 161.48453608247422, 219.1237113402062
624, 497.28372027065353, 119.7902268041237, 1.134020618556701, 160.89690721649484, 219.340206185567
625, 497.01730075766784, 119.93095257731963, 2.2268041237113403, 160.1237113402062, 221.69072164948454
626, 496.7508812446821, 118.47815463917533, 1.0309278350515463, 158.46391752577318, 220.62886597938143
627, 496.48446173169646, 118.28760515463915, 1.268041237113402, 157.7422680412371, 222.05154639175257
628, 496.2180422187107, 117.6618649484537, 1.3505154639175259, 156.60824742268042, 222.18556701030928
629, 495.9516227057251, 116.83161340206185, 1.7010309278350515, 154.70103092783506, 223.8041237113402
630, 495.6852031927393, 115.80142268041236, 1.2371134020618557, 153.27835051546393, 223.30927835051546
631, 495.41878367975363, 115.96685154639174, 1.5876288659793814, 153.11340206185568, 224.69072164948454
632, 495.15236416676794, 115.22227422680412, 0.9690721649484536, 152.2680412371134, 224.1340206185567
633, 494.88594465378225, 114.93736288659794, 1.3195876288659794, 151.3298969072165, 225.5463917525773
634, 494.61952514079655, 114.34506082474223, 1.041237113402062, 150.55670103092783, 225.06185567010309
635, 494.35310562781086, 113.76373298969068, 1.2268041237113403, 149.18556701030928, 226.53608247422682
636, 494.08668611482517, 113.04515979381445, 0.8762886597938144, 148.2680412371134, 225.8762886597938
637, 493.8202666018394, 113.35482989690725, 1.7010309278350515, 147.83505154639175, 228.659793814433
638, 493.5538470888538, 112.68174536082475, 1.309278350515464, 147.0, 228.08247422680412
639, 493.28742757586804, 111.71951134020614, 1.3814432989690721, 145.1958762886598, 228.7422680412371
640, 493.0210080628824, 110.85899072164946, 0.9175257731958762, 144.1443298969072, 227.82474226804123
641, 492.75458854989665, 111.39990824742267, 1.9484536082474226, 144.01030927835052, 230.55670103092783
642, 492.48816903691096, 110.68964226804125, 1.5154639175257731, 143.16494845360825, 229.81443298969072
643, 492.22174952392527, 109.82736701030932, 1.2783505154639174, 141.82474226804123, 229.77319587628867
644, 491.9553300109396, 108.89430618556705, 0.9587628865979382, 140.53608247422682, 229.06185567010309
645, 491.6889104979539, 108.85031649484534, 1.4742268041237114, 139.6701030927835, 231.7835051546392
646, 491.4224909849682, 108.96408762886588, 2.0103092783505154, 139.49484536082474, 232.27835051546393
647, 491.1560714719825, 107.89176804123703, 1.7010309278350515, 137.7835051546392, 232.49484536082474
648, 490.88965195899675, 107.54437010309273, 1.4536082474226804, 137.39175257731958, 232.11340206185568
649, 490.6232324460111, 106.34391649484532, 1.1443298969072164, 135.4020618556701, 232.63917525773195
650, 490.35681293302537, 105.11616082474224, 0.5567010309278351, 133.8659793814433, 231.31958762886597
651, 490.09039342003973, 105.26394742268043, 1.3505154639175259, 133.16494845360825, 234.1443298969072
652, 489.823973907054, 104.7450886597938, 1.0721649484536082, 132.49484536082474, 233.77319587628867
653, 489.5575543940683, 104.218718556701, 1.4742268041237114, 131.10309278350516, 235.2680412371134
654, 489.2911348810826, 103.70354432989687, 1.2577319587628866, 130.39175257731958, 234.97938144329896
655, 489.0247153680969, 103.91143505154632, 2.350515463917526, 129.62886597938143, 237.8659793814433
656, 488.7582958551112, 103.13039175257732, 1.8556701030927836, 128.68041237113403, 237.1958762886598
657, 488.4918763421255, 101.55518969072166, 1.402061855670103, 126.19587628865979, 237.36082474226805
658, 488.22545682913983, 100.99316288659797, 1.1546391752577319, 125.48453608247422, 236.7422680412371
659, 487.9590373161541, 100.95016082474227, 1.5876288659793814, 125.02061855670104, 237.61855670103094
660, 487.69261780316845, 99.49009484536086, 0.9072164948453608, 123.1340206185567, 236.30927835051546
661, 487.4261982901827, 99.00193505154638, 1.6804123711340206, 121.47422680412372, 238.5463917525773
662, 487.15977877719706, 97.81014742268043, 1.2061855670103092, 119.78350515463917, 238.04123711340208
663, 486.8933592642113, 96.65773711340204, 1.1855670103092784, 117.61855670103093, 239.1340206185567
664, 486.6269397512256, 95.36323608247422, 0.7319587628865979, 115.81443298969072, 238.2577319587629
665, 486.3605202382399, 94.96884845360823, 1.4123711340206186, 114.31958762886597, 240.71134020618555
666, 486.09410072525424, 93.77701443298965, 0.9896907216494846, 112.61855670103093, 240.1237113402062
667, 485.82768121226854, 93.17474123711342, 1.9690721649484537, 110.78350515463917, 241.72164948453607
668, 485.5612616992828, 91.91311752577325, 1.5051546391752577, 109.02061855670104, 240.94845360824743
669, 485.29484218629716, 90.57949484536078, 1.5463917525773196, 106.51546391752578, 242.04123711340208
670, 485.0284226733114, 89.05130309278348, 0.9896907216494846, 104.3917525773196, 241.03092783505156
671, 484.7620031603258, 87.67719381443298, 1.2577319587628866, 101.6701030927835, 242.28865979381445
672, 484.49558364734, 85.70375979381441, 0.6494845360824743, 98.80412371134021, 241.3298969072165
673, 484.22916413435433, 84.8536680412371, 1.2577319587628866, 96.65979381443299, 243.31958762886597
674, 483.96274462136864, 83.84015257731966, 1.1546391752577319, 94.98969072164948, 243.29896907216494
675, 483.69632510838295, 82.20030206185571, 1.1030927835051547, 92.0721649484536, 244.0721649484536
676, 483.42990559539726, 81.04695154639175, 1.0, 90.19587628865979, 243.88659793814432
677, 483.16348608241157, 79.62272886597943, 1.268041237113402, 87.36082474226804, 245.28865979381445
678, 482.8970665694259, 77.8604824742268, 0.9484536082474226, 84.72164948453609, 244.2577319587629
679, 482.6306470564401, 76.88867010309274, 1.7525773195876289, 82.41237113402062, 245.51546391752578
680, 482.3642275434545, 75.11177010309278, 1.1649484536082475, 79.75257731958763, 245.16494845360825
681, 482.09780803046874, 73.49522164948449, 1.288659793814433, 76.78350515463917, 245.94845360824743
682, 481.8313885174831, 71.74665773195875, 0.845360824742268, 74.08247422680412, 245.68041237113403
683, 481.56496900449736, 71.24970515463919, 1.8144329896907216, 72.4020618556701, 247.43298969072166
684, 481.29854949151166, 69.33929896907216, 1.134020618556701, 69.74226804123711, 246.15463917525773
685, 481.032129978526, 68.22470721649486, 1.5876288659793814, 67.34020618556701, 247.55670103092783
686, 480.7657104655403, 66.51646082474228, 1.0618556701030928, 64.8659793814433, 246.69072164948454
687, 480.4992909525546, 64.81308144329903, 1.3505154639175259, 61.70103092783505, 247.28865979381445
688, 480.2328714395689, 62.99218865979383, 1.2061855670103092, 58.75257731958763, 246.8762886597938
689, 479.9664519265832, 61.53480721649483, 1.5154639175257731, 55.93814432989691, 247.77319587628867
690, 479.70003241359746, 59.33182886597939, 1.2989690721649485, 52.45360824742268, 246.95876288659792
691, 479.4336129006118, 57.141009278350495, 1.1443298969072164, 48.8041237113402, 246.93814432989691
692, 479.16719338762607, 55.050865979381435, 1.0309278350515463, 45.44329896907217, 246.20618556701032
693, 478.90077387464044, 53.190404123711325, 1.8350515463917525, 41.74226804123711, 246.83505154639175
694, 478.6343543616547, 49.829723711340165, 1.0103092783505154, 36.71134020618557, 245.42268041237114
695, 478.367934848669, 47.650289690721635, 0.9175257731958762, 32.98969072164948, 245.71134020618555
696, 478.1015153356833, 44.73131030927836, 0.711340206185567, 28.34020618556701, 244.58762886597938
697, 477.8350958226976, 41.95690412371136, 0.8556701030927835, 23.47422680412371, 244.9278350515464
698, 477.5686763097119, 39.49698453608248, 0.8762886597938144, 19.164948453608247, 245.48453608247422
699, 477.3022567967262, 37.1231742268041, 1.1443298969072164, 14.948453608247423, 245.6701030927835
700, 477.03583728374053, 34.6024587628866, 0.8762886597938144, 10.824742268041238, 245.49484536082474
701, 476.7694177707548, 33.240954639175264, 1.690721649484536, 7.948453608247423, 246.22680412371133
702, 476.50299825776915, 31.87560412371132, 1.2783505154639174, 5.814432989690721, 246.31958762886597
703, 476.2365787447834, 31.154109278350518, 1.5876288659793814, 4.185567010309279, 247.56701030927834
704, 475.97015923179777, 30.326004123711343, 1.5051546391752577, 2.8969072164948453, 247.15463917525773
705, 475.703739718812, 29.583009278350527, 1.4536082474226804, 1.577319587628866, 247.56701030927834
706, 475.4373202058263, 29.41501030927836, 1.443298969072165, 1.2783505154639174, 247.659793814433
707, 475.17090069284063, 29.372000000000018, 1.8556701030927836, 0.9690721649484536, 247.79381443298968
708, 474.90448117985494, 29.38723195876289, 1.907216494845361, 0.9587628865979382, 247.84536082474227
709, 474.63806166686925, 29.618921649484538, 1.9175257731958764, 1.3402061855670102, 247.88659793814432
710, 474.3716421538835, 29.971290721649503, 2.247422680412371, 1.6804123711340206, 248.36082474226805
711, 474.10522264089786, 29.6449701030928, 1.9484536082474226, 1.3608247422680413, 247.9278350515464
712, 473.8388031279121, 29.297810309278354, 1.5876288659793814, 1.041237113402062, 247.4742268041237
713, 473.5723836149265, 29.78631546391753, 2.1030927835051547, 1.4948453608247423, 248.0721649484536
714, 473.30596410194073, 29.437056701030944, 1.7010309278350515, 1.1546391752577319, 247.81443298969072
715, 473.0395445889551, 29.50059484536082, 1.7835051546391754, 1.2989690721649485, 247.41237113402062
716, 472.77312507596935, 29.753125773195876, 2.0412371134020617, 1.597938144329897, 247.41237113402062
717, 472.50670556298365, 29.353110309278353, 1.7835051546391754, 1.1958762886597938, 246.64948453608247
718, 472.24028604999796, 29.32093402061855, 1.7938144329896908, 1.1958762886597938, 246.340206185567
719, 471.97386653701227, 29.044830927835044, 1.5876288659793814, 1.092783505154639, 244.98969072164948
720, 471.7074470240266, 28.83066701030927, 1.4742268041237114, 0.9278350515463918, 244.2577319587629
721, 471.44102751104083, 29.029819587628843, 1.7010309278350515, 1.2577319587628866, 243.71134020618555
722, 471.1746079980552, 28.931904123711323, 1.577319587628866, 1.268041237113402, 243.1237113402062
723, 470.90818848506945, 28.963745360824742, 1.7216494845360826, 1.4329896907216495, 242.17525773195877
724, 470.6417689720838, 28.829943298969063, 1.597938144329897, 1.268041237113402, 242.17525773195877
725, 470.37534945909806, 28.7453092783505, 1.7525773195876289, 1.175257731958763, 241.50515463917526
726, 470.10892994611237, 28.671882474226788, 1.690721649484536, 1.1237113402061856, 241.28865979381445
727, 469.8425104331267, 29.234738144329878, 2.3092783505154637, 1.6494845360824741, 241.89690721649484
728, 469.576090920141, 28.274507216494843, 1.3195876288659794, 0.865979381443299, 240.10309278350516
729, 469.3096714071553, 28.8043092783505, 1.8556701030927836, 1.3814432989690721, 240.69072164948454
730, 469.0432518941696, 28.915589690721653, 2.0412371134020617, 1.4845360824742269, 240.64948453608247
731, 468.7768323811839, 28.635840206185563, 1.8041237113402062, 1.2268041237113403, 240.1443298969072
732, 468.51041286819816, 28.3072030927835, 1.4742268041237114, 0.9690721649484536, 239.4536082474227
733, 468.2439933552125, 28.795327835051538, 1.9793814432989691, 1.443298969072165, 239.96907216494844
734, 467.9775738422268, 28.381541237113407, 1.597938144329897, 1.092783505154639, 239.1443298969072
735, 467.71115432924114, 28.493791752577316, 1.7731958762886597, 1.2268041237113403, 238.97938144329896
736, 467.4447348162554, 28.349605154639175, 1.6804123711340206, 1.0824742268041236, 238.70103092783506
737, 467.1783153032697, 28.621846391752584, 1.9484536082474226, 1.3917525773195876, 238.79381443298968
738, 466.911895790284, 28.095732989690735, 1.4329896907216495, 0.9381443298969072, 237.8659793814433
739, 466.6454762772983, 28.759897938144327, 2.154639175257732, 1.6701030927835052, 238.03092783505156
740, 466.3790567643126, 28.550271134020626, 1.9278350515463918, 1.4845360824742269, 237.7422680412371
741, 466.11263725132693, 28.4137793814433, 2.0, 1.3814432989690721, 236.88659793814432
742, 465.84621773834124, 27.952596907216503, 1.556701030927835, 0.9896907216494846, 236.02061855670104
743, 465.5797982253555, 28.47089896907216, 2.1443298969072164, 1.443298969072165, 236.69072164948454
744, 465.31337871236985, 27.89354742268042, 1.5360824742268042, 0.9896907216494846, 235.55670103092783
745, 465.0469591993841, 28.21669896907217, 1.9793814432989691, 1.3505154639175259, 235.37113402061857
746, 464.78053968639847, 28.083075257731974, 1.7216494845360826, 1.3402061855670102, 234.9278350515464
747, 464.5141201734127, 27.70424123711341, 1.5051546391752577, 1.1134020618556701, 233.340206185567
748, 464.24770066042703, 28.07476494845362, 1.8350515463917525, 1.4845360824742269, 233.81443298969072
749, 463.98128114744134, 27.937643298969082, 2.1237113402061856, 1.3402061855670102, 232.5979381443299
750, 463.71486163445564, 27.74545773195877, 1.9175257731958764, 1.1958762886597938, 232.1958762886598
751, 463.44844212146995, 27.378463917525785, 1.5463917525773196, 0.9278350515463918, 231.3298969072165
752, 463.18202260848426, 28.10631546391752, 2.3092783505154637, 1.6391752577319587, 232.05154639175257
753, 462.91560309549857, 27.709796907216504, 2.134020618556701, 1.2371134020618557, 231.10309278350516
754, 462.6491835825128, 27.756842268041233, 2.195876288659794, 1.2577319587628866, 231.24742268041237
755, 462.3827640695272, 27.716058762886608, 2.195876288659794, 1.2783505154639174, 230.7835051546392
756, 462.11634455654143, 27.39566494845362, 1.8041237113402062, 1.0721649484536082, 230.06185567010309
757, 461.8499250435558, 27.57934329896907, 2.134020618556701, 1.2371134020618557, 229.95876288659792
758, 461.58350553057005, 27.347732989690734, 1.9484536082474226, 0.9690721649484536, 229.79381443298968
759, 461.31708601758436, 27.574163917525784, 2.1752577319587627, 1.175257731958763, 230.1237113402062
760, 461.05066650459867, 27.528883505154642, 2.0927835051546393, 1.2061855670103092, 229.7835051546392
761, 460.784246991613, 27.16525773195875, 1.7525773195876289, 0.9381443298969072, 228.8659793814433
762, 460.5178274786273, 27.341463917525758, 1.958762886597938, 1.041237113402062, 229.340206185567
763, 460.25140796564153, 27.941125773195875, 2.6597938144329896, 1.6597938144329898, 229.57731958762886
764, 459.9849884526559, 27.554288659793812, 2.268041237113402, 1.2783505154639174, 229.17525773195877
765, 459.71856893967015, 27.18491958762886, 1.9381443298969072, 1.1134020618556701, 227.64948453608247
766, 459.4521494266845, 27.236781443298955, 1.9793814432989691, 1.2268041237113403, 227.41237113402062
767, 459.18572991369876, 27.223503092783496, 1.9793814432989691, 1.2061855670103092, 227.4020618556701
768, 458.9193104007131, 27.076948453608242, 1.8556701030927836, 1.0515463917525774, 227.23711340206185
769, 458.6528908877274, 27.34590721649484, 2.0618556701030926, 1.4948453608247423, 226.77319587628867
770, 458.3864713747417, 27.280659793814415, 1.958762886597938, 1.4742268041237114, 226.57731958762886
771, 458.120051861756, 27.29989587628864, 1.9690721649484537, 1.5257731958762886, 226.4536082474227
772, 457.8536323487703, 27.079896907216487, 1.7525773195876289, 1.309278350515464, 226.20618556701032
773, 457.5872128357846, 27.05816288659791, 1.8762886597938144, 1.3814432989690721, 225.31958762886597
774, 457.32079332279886, 27.052918556701012, 1.8453608247422681, 1.3402061855670102, 225.56701030927834
775, 457.0543738098132, 27.19382474226803, 2.0618556701030926, 1.5360824742268042, 225.22680412371133
776, 456.7879542968275, 27.070809278350506, 1.907216494845361, 1.443298969072165, 225.03092783505156
777, 456.52153478384184, 26.79681855670103, 1.8144329896907216, 1.268041237113402, 223.77319587628867
778, 456.2551152708561, 26.52338969072164, 1.5670103092783505, 1.0103092783505154, 223.35051546391753
779, 455.9886957578704, 26.70801958762886, 1.7628865979381443, 1.2371134020618557, 223.28865979381445
780, 455.7222762448847, 26.60586082474226, 1.7010309278350515, 1.1546391752577319, 222.97938144329896
781, 455.455856731899, 26.66199793814434, 1.8762886597938144, 1.2371134020618557, 222.58762886597938
782, 455.1894372189133, 26.552564948453615, 1.7731958762886597, 1.175257731958763, 222.2164948453608
783, 454.92301770592763, 26.499490721649494, 1.7938144329896908, 1.2164948453608246, 221.48453608247422
784, 454.65659819294194, 26.97219175257732, 2.3092783505154637, 1.6391752577319587, 222.10309278350516
785, 454.3901786799562, 26.21326391752577, 1.690721649484536, 0.9175257731958762, 220.7835051546392
786, 454.12375916697056, 26.386119587628865, 1.8969072164948453, 1.0309278350515463, 221.17525773195877
787, 453.8573396539848, 26.84800412371134, 2.4329896907216493, 1.422680412371134, 221.8041237113402
788, 453.5909201409992, 25.968156701030946, 1.422680412371134, 0.7525773195876289, 220.18556701030928
789, 453.3245006280134, 26.411894845360838, 1.8762886597938144, 1.3195876288659794, 219.96907216494844
790, 453.05808111502773, 25.989080412371152, 1.3608247422680413, 0.9278350515463918, 219.62886597938143
791, 452.79166160204204, 26.202494845360835, 1.6494845360824741, 1.2164948453608246, 219.2577319587629
792, 452.52524208905635, 26.53126082474228, 2.0309278350515463, 1.4742268041237114, 219.81443298969072
793, 452.25882257607066, 26.46023814432989, 2.154639175257732, 1.4123711340206186, 219.18556701030928
794, 451.99240306308496, 26.27221134020619, 2.0103092783505154, 1.1855670103092784, 219.08247422680412
795, 451.7259835500993, 25.718000000000007, 1.5463917525773196, 0.9381443298969072, 216.71134020618555
796, 451.4595640371135, 25.982928865979385, 1.8453608247422681, 1.1030927835051547, 217.4020618556701
797, 451.1931445241279, 25.71042783505157, 1.597938144329897, 0.9690721649484536, 216.35051546391753
798, 450.92672501114214, 25.880218556701053, 1.731958762886598, 1.134020618556701, 216.63917525773195
799, 450.6603054981565, 26.08254742268042, 2.051546391752577, 1.402061855670103, 216.1958762886598
800, 450.39388598517075, 25.845222680412373, 1.7938144329896908, 1.2371134020618557, 215.63917525773195
801, 450.12746647218506, 26.068529896907204, 2.020618556701031, 1.5360824742268042, 215.46391752577318
802, 449.86104695919937, 25.663952577319588, 1.6082474226804124, 1.1649484536082475, 214.90721649484536
803, 449.5946274462137, 25.819932989690717, 1.907216494845361, 1.3505154639175259, 214.53608247422682
804, 449.328207933228, 25.645008247422673, 1.6701030927835052, 1.175257731958763, 214.5257731958763
805, 449.06178842024224, 25.56212474226803, 2.051546391752577, 1.0, 213.70103092783506
806, 448.7953689072566, 25.82978865979381, 2.3195876288659796, 1.2474226804123711, 214.0721649484536
807, 448.52894939427085, 25.71615154639173, 2.2989690721649483, 1.2164948453608246, 213.28865979381445
808, 448.2625298812852, 25.491117525773188, 2.020618556701031, 1.0309278350515463, 213.0
809, 447.99611036829947, 25.5466855670103, 2.11340206185567, 1.2164948453608246, 212.28865979381445
810, 447.72969085531383, 25.700655670103092, 2.3092783505154637, 1.2989690721649485, 212.70103092783506
811, 447.4632713423281, 25.58001340206185, 2.2371134020618557, 1.2783505154639174, 211.93814432989691
812, 447.1968518293424, 25.112094845360826, 1.731958762886598, 0.8865979381443299, 211.17525773195877
813, 446.9304323163567, 25.69715876288658, 2.536082474226804, 1.3917525773195876, 211.5979381443299
814, 446.664012803371, 24.893310309278355, 1.5360824742268042, 0.7938144329896907, 210.24742268041237
815, 446.3975932903853, 25.38424226804123, 2.3195876288659796, 1.309278350515464, 209.84536082474227
816, 446.13117377739957, 25.26743711340206, 2.2268041237113403, 1.1855670103092784, 209.70103092783506
817, 445.86475426441393, 25.037106185567012, 2.134020618556701, 1.0206185567010309, 208.77319587628867
818, 445.5983347514282, 25.580438144329904, 2.6288659793814433, 1.5360824742268042, 209.58762886597938
819, 445.33191523844255, 25.407901030927846, 2.6391752577319587, 1.2989690721649485, 209.2680412371134
820, 445.0654957254568, 24.87486288659793, 1.9896907216494846, 0.9278350515463918, 208.20618556701032
821, 444.7990762124711, 25.067679381443302, 2.381443298969072, 1.1649484536082475, 207.64948453608247
822, 444.5326566994854, 25.291777319587634, 2.6391752577319587, 1.3814432989690721, 207.82474226804123
823, 444.2662371864997, 24.555835051546403, 1.7525773195876289, 0.9175257731958762, 206.08247422680412
824, 443.99981767351403, 25.147975257731968, 2.515463917525773, 1.3195876288659794, 207.20618556701032
825, 443.73339816052834, 24.916438144329902, 2.3195876288659796, 1.2371134020618557, 206.11340206185568
826, 443.46697864754265, 24.830779381443303, 2.2061855670103094, 1.1649484536082475, 206.03092783505156
827, 443.2005591345569, 24.900609278350515, 2.3608247422680413, 1.309278350515464, 205.49484536082474
828, 442.93413962157126, 24.9758350515464, 2.3711340206185567, 1.4742268041237114, 205.27835051546393
829, 442.6677201085855, 24.57369690721649, 2.2061855670103094, 1.1134020618556701, 204.04123711340208
830, 442.4013005955999, 24.34891958762886, 1.9381443298969072, 0.9690721649484536, 203.51546391752578
831, 442.13488108261413, 24.518704123711334, 2.2371134020618557, 1.2061855670103092, 203.0
832, 441.86846156962844, 24.26751030927835, 1.907216494845361, 1.0103092783505154, 202.6701030927835
833, 441.60204205664274, 24.529628865979376, 2.268041237113402, 1.443298969072165, 201.79381443298968
834, 441.33562254365705, 24.364812371134022, 2.082474226804124, 1.3711340206185567, 201.20618556701032
835, 441.06920303067136, 24.151314432989683, 1.907216494845361, 1.2268041237113403, 200.53608247422682
836, 440.80278351768567, 24.169803092783514, 1.9690721649484537, 1.2268041237113403, 200.53608247422682
837, 440.5363640047, 24.350744329896905, 2.4536082474226806, 1.4845360824742269, 199.5257731958763
838, 440.2699444917142, 24.018278350515466, 2.1649484536082473, 1.175257731958763, 198.95876288659792
839, 440.0035249787286, 24.095953608247417, 2.216494845360825, 1.3814432989690721, 198.44329896907217
840, 439.73710546574284, 23.939107216494843, 2.020618556701031, 1.268041237113402, 198.16494845360825
841, 439.4706859527572, 23.956346391752575, 2.3092783505154637, 1.2164948453608246, 197.82474226804123
842, 439.20426643977146, 23.978775257731957, 2.350515463917526, 1.2577319587628866, 197.70103092783506
843, 438.93784692678577, 23.89998969072165, 2.268041237113402, 1.3917525773195876, 196.53608247422682
844, 438.6714274138001, 23.458834020618553, 1.865979381443299, 0.9690721649484536, 195.89690721649484
845, 438.4050079008144, 23.72622164948454, 2.216494845360825, 1.3402061855670102, 195.41237113402062
846, 438.1385883878287, 23.556319587628867, 2.0618556701030926, 1.1855670103092784, 195.1237113402062
847, 437.872168874843, 23.546320618556692, 2.154639175257732, 1.2474226804123711, 194.4742268041237
848, 437.6057493618573, 22.904020618556697, 1.443298969072165, 0.7216494845360825, 193.41237113402062
849, 437.33932984887156, 23.42328041237114, 2.0412371134020617, 1.2577319587628866, 193.63917525773195
850, 437.0729103358859, 23.604111340206185, 2.288659793814433, 1.3917525773195876, 193.88659793814432
851, 436.8064908229002, 23.540424742268048, 2.247422680412371, 1.4123711340206186, 193.3298969072165
852, 436.54007130991454, 23.10899175257732, 1.8350515463917525, 1.0515463917525774, 192.48453608247422
853, 436.2736517969288, 23.07031134020618, 1.8350515463917525, 1.1958762886597938, 191.4020618556701
854, 436.0072322839431, 23.132858762886595, 2.0309278350515463, 1.1546391752577319, 191.64948453608247
855, 435.7408127709574, 23.18945567010311, 2.0412371134020617, 1.3298969072164948, 191.2164948453608
856, 435.4743932579717, 22.878955670103085, 1.6804123711340206, 1.092783505154639, 190.659793814433
857, 435.207973744986, 22.738270103092788, 1.6288659793814433, 1.0515463917525774, 189.77319587628867
858, 434.94155423200027, 22.826869072164964, 1.7216494845360826, 1.175257731958763, 189.6701030927835
859, 434.67513471901464, 22.75354536082474, 1.6597938144329898, 1.268041237113402, 188.71134020618555
860, 434.4087152060289, 22.92657628865979, 1.865979381443299, 1.3917525773195876, 189.05154639175257
861, 434.14229569304325, 22.655990721649484, 2.051546391752577, 1.1546391752577319, 187.41237113402062
862, 433.8758761800575, 22.57876907216495, 2.0, 1.1134020618556701, 187.08247422680412
863, 433.60945666707187, 22.442531958762878, 1.8969072164948453, 1.134020618556701, 186.05154639175257
864, 433.3430371540861, 22.454507216494836, 1.9381443298969072, 1.1134020618556701, 186.15463917525773
865, 433.0766176411004, 22.22170515463918, 1.711340206185567, 1.1546391752577319, 184.49484536082474
866, 432.81019812811473, 22.372990721649487, 1.8453608247422681, 1.268041237113402, 184.88659793814432
867, 432.54377861512904, 22.201871134020625, 1.7010309278350515, 1.2061855670103092, 184.08247422680412
868, 432.27735910214335, 22.21090206185567, 1.7010309278350515, 1.3917525773195876, 183.20618556701032
869, 432.0109395891576, 22.162613402061858, 2.0103092783505154, 1.3402061855670102, 182.23711340206185
870, 431.74452007617197, 21.668493814432992, 1.556701030927835, 0.9896907216494846, 180.89690721649484
871, 431.4781005631862, 21.719530927835056, 1.597938144329897, 1.1237113402061856, 180.5463917525773
872, 431.2116810502006, 21.72210412371134, 1.6391752577319587, 1.1030927835051547, 180.56701030927834
873, 430.94526153721483, 21.67273608247423, 1.711340206185567, 1.2164948453608246, 179.36082474226805
874, 430.67884202422914, 21.476452577319595, 1.556701030927835, 1.0309278350515463, 179.0
875, 430.41242251124345, 21.545398969072167, 1.7835051546391754, 1.2371134020618557, 177.94845360824743
876, 430.14600299825776, 21.238904123711333, 1.4742268041237114, 1.0206185567010309, 177.18556701030928
877, 429.87958348527206, 21.534188659793813, 2.0309278350515463, 1.4123711340206186, 176.29896907216494
878, 429.6131639722864, 21.056120618556704, 1.577319587628866, 0.9690721649484536, 175.57731958762886
879, 429.3467444593007, 21.14942268041238, 1.7525773195876289, 1.3711340206185567, 173.8659793814433
880, 429.08032494631493, 20.820165979381446, 1.4329896907216495, 1.1030927835051547, 173.1958762886598
881, 428.8139054333293, 21.519489690721645, 2.422680412371134, 1.8865979381443299, 172.70103092783506
882, 428.54748592034355, 20.631025773195876, 1.3917525773195876, 1.0721649484536082, 171.8041237113402
883, 428.2810664073579, 20.611876288659793, 1.443298969072165, 1.1134020618556701, 171.28865979381445
884, 428.01464689437216, 20.332043298969076, 1.3195876288659794, 1.0, 169.7422680412371
885, 427.74822738138647, 20.825782474226795, 2.484536082474227, 1.1958762886597938, 170.01030927835052
886, 427.4818078684008, 20.147993814432983, 1.711340206185567, 0.845360824742268, 167.89690721649484
887, 427.2153883554151, 20.49911340206186, 2.268041237113402, 1.134020618556701, 168.03092783505156
888, 426.9489688424294, 20.575455670103086, 2.350515463917526, 1.3402061855670102, 167.42268041237114
889, 426.6825493294437, 19.877952577319594, 1.6082474226804124, 0.8762886597938144, 165.63917525773195
890, 426.416129816458, 19.944163917525785, 1.865979381443299, 1.0, 164.90721649484536
891, 426.14971030347226, 19.942448453608247, 2.0103092783505154, 1.1958762886597938, 163.50515463917526
892, 425.8832907904866, 19.6251412371134, 1.6804123711340206, 1.0515463917525774, 162.3298969072165
893, 425.6168712775009, 19.534096907216497, 1.8144329896907216, 1.0824742268041236, 161.02061855670104
894, 425.35045176451524, 19.48534226804124, 1.731958762886598, 1.1855670103092784, 160.27835051546393
895, 425.0840322515295, 19.323569072164954, 1.9381443298969072, 1.041237113402062, 159.06185567010309
896, 424.8176127385438, 19.047080412371134, 1.6701030927835052, 0.8969072164948454, 158.08247422680412
897, 424.5511932255581, 19.411293814432995, 2.11340206185567, 1.3917525773195876, 157.56701030927834
898, 424.2847737125724, 18.901428865979387, 1.5876288659793814, 0.9690721649484536, 156.64948453608247
899, 424.0183541995867, 19.13731855670103, 1.865979381443299, 1.309278350515464, 156.23711340206185
900, 423.751934686601, 18.835324742268046, 1.597938144329897, 1.1855670103092784, 154.9278350515464
901, 423.48551517361534, 18.73384639175257, 1.9484536082474226, 1.0824742268041236, 153.64948453608247
902, 423.2190956606296, 18.741923711340203, 1.8969072164948453, 1.288659793814433, 152.79381443298968
903, 422.95267614764396, 18.570415463917527, 2.134020618556701, 1.134020618556701, 151.46391752577318
904, 422.6862566346582, 18.461649484536085, 2.0618556701030926, 1.0515463917525774, 151.1237113402062
905, 422.4198371216726, 18.638683505154642, 2.443298969072165, 1.3711340206185567, 150.03092783505156
906, 422.1534176086868, 18.155188659793815, 2.0309278350515463, 0.9896907216494846, 148.83505154639175
907, 421.88699809570113, 18.189953608247425, 2.216494845360825, 1.1546391752577319, 147.8041237113402
908, 421.62057858271544, 17.40745051546392, 1.3711340206185567, 0.7525773195876289, 145.22680412371133
909, 421.35415906972975, 17.886041237113403, 2.268041237113402, 1.175257731958763, 144.89690721649484
910, 421.08773955674405, 17.772365979381448, 2.216494845360825, 1.3402061855670102, 143.18556701030928
911, 420.8213200437583, 17.614387628865984, 2.4123711340206184, 1.1855670103092784, 142.08247422680412
912, 420.55490053077267, 16.992782474226807, 1.7628865979381443, 0.9278350515463918, 139.659793814433
913, 420.2884810177869, 17.275373195876295, 2.247422680412371, 1.288659793814433, 139.01030927835052
914, 420.0220615048013, 16.96490824742268, 1.9484536082474226, 1.0721649484536082, 138.18556701030928
915, 419.75564199181554, 16.59768556701031, 1.7010309278350515, 0.8969072164948454, 136.51546391752578
916, 419.48922247882984, 16.704786597938142, 1.824742268041237, 1.288659793814433, 135.11340206185568
917, 419.22280296584415, 16.829804123711334, 2.4742268041237114, 1.3711340206185567, 134.08247422680412
918, 418.95638345285846, 16.215678350515464, 1.8762886597938144, 1.0618556701030928, 131.8556701030928
919, 418.68996393987277, 16.31916494845361, 2.1649484536082473, 1.175257731958763, 131.42268041237114
920, 418.4235444268871, 15.964954639175254, 1.7938144329896908, 1.175257731958763, 129.28865979381445
921, 418.1571249139014, 15.660581443298966, 1.6082474226804124, 1.0515463917525774, 127.74226804123711
922, 417.89070540091564, 15.271349484536085, 1.3505154639175259, 0.9381443298969072, 125.58762886597938
923, 417.62428588793, 15.734163917525768, 2.0721649484536084, 1.3711340206185567, 125.52577319587628
924, 417.35786637494425, 15.282627835051542, 1.6597938144329898, 1.0721649484536082, 124.18556701030928
925, 417.0914468619586, 15.185801030927834, 1.7835051546391754, 1.0824742268041236, 122.95876288659794
926, 416.82502734897287, 14.959567010309279, 1.5463917525773196, 1.0, 122.02061855670104
927, 416.5586078359872, 15.092078350515465, 2.0, 1.1649484536082475, 121.14432989690722
928, 416.2921883230015, 14.856635051546393, 1.7938144329896908, 1.1030927835051547, 119.9381443298969
929, 416.0257688100158, 14.762011340206177, 1.7422680412371134, 1.1443298969072164, 119.03092783505154
930, 415.7593492970301, 14.579985567010306, 1.5876288659793814, 1.175257731958763, 117.68041237113403
931, 415.4929297840444, 14.41388865979381, 1.5257731958762886, 1.134020618556701, 116.5979381443299
932, 415.2265102710587, 14.237004123711342, 1.402061855670103, 1.0618556701030928, 115.74226804123711
933, 414.96009075807297, 14.088690721649485, 1.7525773195876289, 0.9690721649484536, 114.0
