Extraction [ img/s4/seq3/b1.jpg ] effectuee 2026-05-28 17:13:18.292761
Calibration: -0.2664195129856975*x + 663.5294963737288 [largueur 2619 + 934]

pixel, longueur d'onde, intensite, r, g, b
0, 663.5294963737288, 88.13831935483871, 177.55913978494624, 46.75268817204301, 66.86021505376344
1, 663.263076860743, 89.24188817204305, 179.50537634408602, 47.236559139784944, 68.94623655913979
2, 662.9966573477574, 89.95341612903223, 180.247311827957, 47.924731182795696, 69.6989247311828
3, 662.7302378347716, 91.04946451612902, 181.69892473118279, 48.73118279569893, 71.35483870967742
4, 662.463818321786, 91.4729010752688, 182.1720430107527, 49.096774193548384, 71.94623655913979
5, 662.1973988088002, 91.79602473118283, 183.83870967741936, 48.46236559139785, 73.6774193548387
6, 661.9309792958146, 91.45667634408602, 183.55913978494624, 48.053763440860216, 73.53763440860214
7, 661.6645597828289, 92.70712688172044, 185.29032258064515, 48.98924731182796, 75.15053763440861
8, 661.3981402698432, 91.88066129032258, 184.46236559139786, 48.17204301075269, 74.27956989247312
9, 661.1317207568575, 92.36723118279568, 185.53763440860214, 48.225806451612904, 75.45161290322581
10, 660.8653012438718, 91.82965053763442, 185.0, 47.68817204301075, 74.91397849462365
11, 660.5988817308861, 92.63320322580645, 186.56989247311827, 47.956989247311824, 76.46236559139786
12, 660.3324622179003, 92.45819569892473, 186.43010752688173, 47.763440860215056, 76.29032258064517
13, 660.0660427049147, 93.50664838709677, 188.46236559139786, 48.10752688172043, 78.38709677419355
14, 659.799623191929, 93.7861903225807, 188.74193548387098, 48.38709677419355, 78.66666666666667
15, 659.5332036789433, 94.35855913978494, 190.32258064516128, 48.27956989247312, 80.09677419354838
16, 659.2667841659576, 94.69185913978494, 190.65591397849462, 48.61290322580645, 80.43010752688173
17, 659.0003646529719, 95.03683548387096, 191.6451612903226, 48.483870967741936, 81.52688172043011
18, 658.7339451399862, 94.67128064516129, 191.27956989247312, 48.11827956989247, 81.16129032258064
19, 658.4675256270006, 95.63107311827957, 192.38709677419354, 48.97849462365591, 82.24731182795699
20, 658.2011061140148, 94.87751612903224, 191.72043010752688, 48.17204301075269, 81.53763440860214
21, 657.9346866010292, 96.18613118279569, 195.03225806451613, 48.17204301075269, 84.33333333333333
22, 657.6682670880434, 96.17554516129036, 195.08602150537635, 48.11827956989247, 84.3763440860215
23, 657.4018475750577, 96.33575806451611, 195.6451612903226, 48.0, 84.9247311827957
24, 657.135428062072, 96.92446236559137, 196.23655913978496, 48.58064516129032, 85.54838709677419
25, 656.8690085490863, 97.09468172043012, 197.59139784946237, 47.96774193548387, 86.64516129032258
26, 656.6025890361007, 96.71083763440859, 197.21505376344086, 47.58064516129032, 86.25806451612904
27, 656.3361695231149, 97.51210752688175, 199.13978494623655, 47.67741935483871, 87.74193548387096
28, 656.0697500101293, 97.85206774193544, 199.53763440860214, 47.98924731182796, 88.0752688172043
29, 655.8033304971435, 97.97041935483868, 201.29032258064515, 47.064516129032256, 89.27956989247312
30, 655.5369109841579, 98.02633118279574, 201.41935483870967, 47.075268817204304, 89.3763440860215
31, 655.2704914711721, 97.76516666666669, 202.74193548387098, 45.88172043010753, 89.76344086021506
32, 655.0040719581864, 97.9772172043011, 202.98924731182797, 46.075268817204304, 89.97849462365592
33, 654.7376524452008, 97.96936881720427, 204.3763440860215, 45.236559139784944, 90.59139784946237
34, 654.471232932215, 97.83894086021502, 204.247311827957, 45.096774193548384, 90.50537634408602
35, 654.2048134192294, 98.20941935483876, 205.2688172043011, 45.10752688172043, 91.02150537634408
36, 653.9383939062436, 97.56127419354841, 204.67741935483872, 44.41935483870968, 90.43010752688173
37, 653.671974393258, 97.85964623655917, 206.76344086021504, 43.75268817204301, 91.01075268817205
38, 653.4055548802722, 97.97574408602158, 206.96774193548387, 43.81720430107527, 91.16129032258064
39, 653.1391353672866, 98.57483655913983, 207.76344086021504, 44.30107526881721, 91.83870967741936
40, 652.8727158543008, 98.08026236559145, 207.2688172043011, 43.806451612903224, 91.34408602150538
41, 652.6062963413152, 98.36733225806452, 208.72043010752688, 43.46236559139785, 91.82795698924731
42, 652.3398768283295, 98.75439032258063, 209.10752688172042, 43.8494623655914, 92.21505376344086
43, 652.0734573153437, 99.03796236559141, 210.2688172043011, 43.645161290322584, 92.70967741935483
44, 651.8070378023581, 99.26374623655921, 210.49462365591398, 43.87096774193548, 92.93548387096774
45, 651.5406182893723, 99.97489892473119, 211.9784946236559, 44.18279569892473, 93.6774193548387
46, 651.2741987763867, 99.22228602150535, 211.2258064516129, 43.43010752688172, 92.9247311827957
47, 651.007779263401, 100.11363548387095, 213.32258064516128, 43.70967741935484, 93.80645161290323
48, 650.7413597504153, 99.68357096774191, 212.89247311827958, 43.27956989247312, 93.3763440860215
49, 650.4749402374296, 100.2364795698925, 214.1290322580645, 43.46236559139785, 94.04301075268818
50, 650.2085207244439, 100.53611612903225, 214.43010752688173, 43.75268817204301, 94.38709677419355
51, 649.9421012114582, 100.60258064516125, 214.7311827956989, 43.666666666666664, 94.6236559139785
52, 649.6756816984725, 100.66452365591395, 214.8709677419355, 43.69892473118279, 94.63440860215054
53, 649.4092621854868, 101.0131311827957, 216.10752688172042, 43.473118279569896, 95.61290322580645
54, 649.142842672501, 100.48332043010755, 215.61290322580646, 42.924731182795696, 95.08602150537635
55, 648.8764231595154, 101.29549139784942, 216.91397849462365, 43.45161290322581, 96.08602150537635
56, 648.6100036465297, 100.86928709677423, 216.48387096774192, 43.03225806451613, 95.63440860215054
57, 648.343584133544, 101.53006129032259, 217.98924731182797, 43.24731182795699, 96.3763440860215
58, 648.0771646205583, 100.74905376344088, 217.20430107526883, 42.473118279569896, 95.56989247311827
59, 647.8107451075726, 101.51001935483873, 218.7311827956989, 42.795698924731184, 96.58064516129032
60, 647.5443255945869, 100.74665483870969, 217.96774193548387, 42.03225806451613, 95.81720430107526
61, 647.2779060816013, 100.88286774193551, 219.27956989247312, 41.473118279569896, 96.45161290322581
62, 647.0114865686155, 100.77535161290321, 219.1720430107527, 41.365591397849464, 96.34408602150538
63, 646.7450670556299, 101.02683548387094, 220.46236559139786, 41.043010752688176, 96.82795698924731
64, 646.4786475426441, 100.9300709677419, 220.36559139784947, 40.946236559139784, 96.73118279569893
65, 646.2122280296584, 100.50693548387095, 220.53763440860214, 40.215053763440864, 96.33333333333333
66, 645.9458085166727, 100.78776989247316, 220.79569892473117, 40.516129032258064, 96.56989247311827
67, 645.679389003687, 101.46333225806451, 221.7311827956989, 41.02150537634409, 97.44086021505376
68, 645.4129694907014, 101.01514516129032, 221.4516129032258, 40.483870967741936, 97.01075268817205
69, 645.1465499777156, 101.8132365591398, 223.76344086021504, 40.365591397849464, 98.55913978494624
70, 644.88013046473, 101.24146344086024, 223.32258064516128, 39.72043010752688, 98.02150537634408
71, 644.6137109517442, 101.58129462365592, 224.1505376344086, 39.81720430107527, 98.33333333333333
72, 644.3472914387586, 101.68582903225813, 224.29032258064515, 39.903225806451616, 98.44086021505376
73, 644.0808719257728, 102.34398817204308, 225.9247311827957, 40.075268817204304, 99.04301075268818
74, 643.8144524127872, 102.06777634408607, 225.67741935483872, 39.784946236559136, 98.76344086021506
75, 643.5480328998015, 102.13468494623658, 227.0215053763441, 39.26881720430107, 98.48387096774194
76, 643.2816133868157, 102.0596559139785, 226.98924731182797, 39.17204301075269, 98.40860215053763
77, 643.0151938738301, 102.78434731182793, 229.0, 39.236559139784944, 99.16129032258064
78, 642.7487743608443, 102.21164623655915, 228.48387096774192, 38.634408602150536, 98.59139784946237
79, 642.4823548478587, 102.60343870967742, 230.1290322580645, 38.45161290322581, 98.65591397849462
80, 642.2159353348729, 102.37333118279571, 229.91397849462365, 38.215053763440864, 98.41935483870968
81, 641.9495158218873, 102.29903870967746, 230.79569892473117, 37.666666666666664, 98.27956989247312
82, 641.6830963089016, 102.75060645161292, 231.247311827957, 38.11827956989247, 98.73118279569893
83, 641.4166767959159, 102.82575698924728, 231.78494623655914, 37.98924731182796, 98.64516129032258
84, 641.1502572829302, 102.32218924731181, 231.44086021505376, 37.41935483870968, 98.06451612903226
85, 640.8838377699444, 102.5655505376344, 233.41935483870967, 36.8494623655914, 97.94623655913979
86, 640.6174182569588, 102.40943118279573, 233.43010752688173, 36.634408602150536, 97.65591397849462
87, 640.350998743973, 102.73912365591406, 234.03225806451613, 36.86021505376344, 97.80645161290323
88, 640.0845792309874, 102.86814301075263, 234.16129032258064, 36.98924731182796, 97.93548387096774
89, 639.8181597180017, 103.16068064516129, 235.4516129032258, 36.774193548387096, 98.2258064516129
90, 639.551740205016, 102.90918602150535, 235.23655913978496, 36.505376344086024, 97.96774193548387
91, 639.2853206920303, 102.6342956989247, 236.3978494623656, 35.53763440860215, 97.49462365591398
92, 639.0189011790446, 103.2151817204301, 237.0, 36.11827956989247, 98.02150537634408
93, 638.7524816660589, 103.33709462365596, 238.19354838709677, 35.86021505376344, 97.29032258064517
94, 638.4860621530732, 102.97551612903227, 237.8494623655914, 35.494623655913976, 96.90322580645162
95, 638.2196426400875, 103.8870634408602, 240.01075268817203, 35.82795698924731, 97.51612903225806
96, 637.9532231271018, 103.53226021505375, 239.65591397849462, 35.473118279569896, 97.16129032258064
97, 637.6868036141161, 104.1435096774194, 241.3548387096774, 35.645161290322584, 97.18279569892474
98, 637.4203841011304, 103.84387311827953, 241.05376344086022, 35.354838709677416, 96.83870967741936
99, 637.1539645881447, 104.08248602150536, 241.69892473118279, 35.45161290322581, 96.74193548387096
100, 636.887545075159, 104.2944075268817, 241.94623655913978, 35.70967741935484, 96.6236559139785
101, 636.6211255621733, 104.8559268817204, 243.8494623655914, 35.70967741935484, 96.55913978494624
102, 636.3547060491876, 104.69409139784942, 243.70967741935485, 35.56989247311828, 96.2258064516129
103, 636.088286536202, 105.51165376344085, 245.18279569892474, 36.12903225806452, 96.65591397849462
104, 635.8218670232162, 105.79664731182798, 245.46236559139786, 36.44086021505376, 96.81720430107526
105, 635.5554475102306, 107.01797096774196, 247.38709677419354, 37.45161290322581, 97.27956989247312
106, 635.2890279972448, 107.08349247311827, 247.44086021505376, 37.54838709677419, 97.21505376344086
107, 635.0226084842591, 107.71040215053759, 249.20430107526883, 37.795698924731184, 96.81720430107526
108, 634.7561889712734, 107.44983118279575, 248.89247311827958, 37.61290322580645, 96.29032258064517
109, 634.4897694582877, 108.16162903225809, 250.59139784946237, 38.075268817204304, 95.6989247311828
110, 634.2233499453021, 107.45482688172045, 249.90322580645162, 37.44086021505376, 94.56989247311827
111, 633.9569304323163, 108.07685053763441, 251.6021505376344, 37.74193548387097, 94.02150537634408
112, 633.6905109193307, 108.33032043010748, 251.8494623655914, 38.064516129032256, 93.93548387096774
113, 633.4240914063449, 109.31497419354834, 253.05376344086022, 39.11827956989247, 93.98924731182795
114, 633.1576718933593, 109.42370215053758, 253.08602150537635, 39.32258064516129, 93.80645161290323
115, 632.8912523803735, 110.29090752688165, 253.72043010752688, 40.38709677419355, 94.26881720430107
116, 632.6248328673878, 110.29259139784943, 253.9784946236559, 40.41935483870968, 93.44086021505376
117, 632.3584133544022, 110.4408698924731, 254.31182795698925, 40.61290322580645, 92.87096774193549
118, 632.0919938414164, 110.35731935483871, 254.33333333333334, 40.655913978494624, 91.86021505376344
119, 631.8255743284308, 111.14566666666667, 254.51612903225808, 41.8494623655914, 92.15053763440861
120, 631.559154815445, 111.04075376344088, 254.3978494623656, 41.795698924731184, 91.81720430107526
121, 631.2927353024594, 111.78220537634412, 254.72043010752688, 42.89247311827957, 91.82795698924731
122, 631.0263157894736, 111.57995053763442, 254.68817204301075, 42.666666666666664, 91.3010752688172
123, 630.759896276488, 112.10425268817208, 254.78494623655914, 43.61290322580645, 90.7741935483871
124, 630.4934767635023, 112.18297634408606, 254.752688172043, 43.763440860215056, 90.7741935483871
125, 630.2270572505166, 113.01077204301075, 254.86021505376345, 45.13978494623656, 90.66666666666667
126, 629.9606377375309, 112.71957096774197, 254.72043010752688, 44.81720430107527, 90.13978494623656
127, 629.6942182245452, 112.8626666666667, 254.7311827956989, 45.25806451612903, 89.09677419354838
128, 629.4277987115595, 113.18692043010753, 254.88172043010752, 45.67741935483871, 89.38709677419355
129, 629.1613791985737, 113.4849763440861, 254.86021505376345, 46.354838709677416, 88.56989247311827
130, 628.8949596855881, 113.67338709677418, 254.94623655913978, 46.623655913978496, 88.61290322580645
131, 628.6285401726024, 114.21421612903225, 254.93548387096774, 47.54838709677419, 88.6236559139785
132, 628.3621206596167, 114.13452043010746, 254.90322580645162, 47.53763440860215, 88.06451612903226
133, 628.095701146631, 114.53280430107522, 254.96774193548387, 48.344086021505376, 87.23655913978494
134, 627.8292816336453, 114.44918172043016, 254.95698924731184, 48.30107526881721, 86.75268817204301
135, 627.5628621206596, 114.5600849462365, 254.95698924731184, 48.623655913978496, 86.06451612903226
136, 627.296442607674, 114.7584838709677, 254.94623655913978, 48.946236559139784, 86.17204301075269
137, 627.0300230946882, 114.98644516129029, 254.90322580645162, 49.483870967741936, 85.51612903225806
138, 626.7636035817025, 114.75458817204297, 254.8709677419355, 49.24731182795699, 84.78494623655914
139, 626.4971840687168, 115.34265913978498, 254.91397849462365, 50.41935483870968, 83.79569892473118
140, 626.2307645557311, 115.27943440860216, 254.90322580645162, 50.494623655913976, 82.88172043010752
141, 625.9643450427454, 116.36759139784945, 254.83870967741936, 52.473118279569896, 82.40860215053763
142, 625.6979255297597, 116.3792129032258, 254.86021505376345, 52.634408602150536, 81.6236559139785
143, 625.431506016774, 116.48660860215048, 254.88172043010752, 53.02150537634409, 80.51612903225806
144, 625.1650865037883, 116.70951075268816, 254.89247311827958, 53.39784946236559, 80.50537634408602
145, 624.8986669908027, 117.30813225806457, 254.91397849462365, 54.55913978494624, 79.72043010752688
146, 624.6322474778169, 117.38544731182802, 254.88172043010752, 54.69892473118279, 79.76344086021506
147, 624.3658279648313, 117.86274838709683, 254.88172043010752, 55.59139784946237, 79.35483870967742
148, 624.0994084518455, 118.25820215053766, 254.96774193548387, 56.43010752688172, 78.27956989247312
149, 623.8329889388598, 118.93259569892474, 254.90322580645162, 57.72043010752688, 77.72043010752688
150, 623.5665694258741, 119.28814086021507, 254.93548387096774, 58.526881720430104, 76.60215053763442
151, 623.3001499128884, 119.67522258064513, 254.9784946236559, 59.26881720430107, 76.06451612903226
152, 623.0337303999028, 120.02286774193546, 254.9784946236559, 59.81720430107527, 76.29032258064517
153, 622.767310886917, 120.64163225806452, 254.96774193548387, 61.0, 75.65591397849462
154, 622.5008913739314, 120.56578387096779, 254.95698924731184, 61.053763440860216, 74.74193548387096
155, 622.2344718609456, 121.5738752688172, 254.90322580645162, 62.89247311827957, 74.25806451612904
156, 621.96805234796, 122.07827311827951, 254.90322580645162, 63.72043010752688, 74.41935483870968
157, 621.7016328349742, 122.48283763440865, 254.95698924731184, 64.58064516129032, 73.39784946236558
158, 621.4352133219886, 122.40599462365607, 254.89247311827958, 64.65591397849462, 72.50537634408602
159, 621.1687938090029, 123.18361182795701, 254.95698924731184, 66.0, 72.23655913978494
160, 620.9023742960171, 123.50074516129035, 254.91397849462365, 66.59139784946237, 72.08602150537635
161, 620.6359547830315, 124.13794623655913, 254.94623655913978, 67.74193548387096, 71.66666666666667
162, 620.3695352700457, 124.14124516129029, 254.96774193548387, 67.7741935483871, 71.47311827956989
163, 620.1031157570601, 124.61397204301078, 254.90322580645162, 68.66666666666667, 71.19354838709677
164, 619.8366962440743, 124.92433118279565, 254.96774193548387, 69.20430107526882, 70.97849462365592
165, 619.5702767310887, 125.53989462365583, 254.9247311827957, 70.33333333333333, 70.6774193548387
166, 619.303857218103, 125.61852580645156, 254.95698924731184, 70.56989247311827, 70.06451612903226
167, 619.0374377051173, 125.92990107526883, 254.96774193548387, 71.24731182795699, 69.27956989247312
168, 618.7710181921316, 126.35082365591396, 254.98924731182797, 71.97849462365592, 69.15053763440861
169, 618.5045986791458, 126.77262903225805, 255.0, 72.80645161290323, 68.55913978494624
170, 618.2381791661602, 126.9635129032258, 254.9784946236559, 73.23655913978494, 68.0752688172043
171, 617.9717596531744, 127.35563548387104, 254.93548387096774, 74.12903225806451, 67.03225806451613
172, 617.7053401401888, 127.33306236559142, 254.86021505376345, 74.26881720430107, 66.31182795698925
173, 617.4389206272031, 128.74122473118283, 254.95698924731184, 76.51612903225806, 66.83870967741936
174, 617.1725011142174, 129.19700430107537, 254.90322580645162, 77.3763440860215, 66.54838709677419
175, 616.9060816012317, 129.93486451612898, 254.90322580645162, 78.74193548387096, 65.98924731182795
176, 616.639662088246, 130.25047956989243, 254.98924731182797, 79.35483870967742, 65.3763440860215
177, 616.3732425752603, 131.21216881720437, 254.9784946236559, 81.09677419354838, 64.87096774193549
178, 616.1068230622747, 131.37424408602155, 254.9784946236559, 81.47311827956989, 64.35483870967742
179, 615.8404035492889, 132.1074634408602, 254.93548387096774, 82.81720430107526, 63.97849462365591
180, 615.5739840363033, 132.47588924731178, 254.8709677419355, 83.55913978494624, 63.55913978494624
181, 615.3075645233175, 133.49030752688168, 254.98924731182797, 85.26881720430107, 63.344086021505376
182, 615.0411450103318, 133.62337741935482, 254.93548387096774, 85.6774193548387, 62.54838709677419
183, 614.7747254973461, 134.32185591397848, 254.98924731182797, 86.88172043010752, 62.333333333333336
184, 614.5083059843604, 134.86927741935483, 254.96774193548387, 87.80645161290323, 62.43010752688172
185, 614.2418864713748, 135.17742580645157, 254.98924731182797, 88.53763440860214, 61.31182795698925
186, 613.975466958389, 135.42912365591397, 255.0, 89.02150537634408, 61.0
187, 613.7090474454034, 136.1396634408602, 254.9784946236559, 90.31182795698925, 60.645161290322584
188, 613.4426279324176, 136.72700645161288, 254.98924731182797, 91.21505376344086, 61.11827956989247
189, 613.176208419432, 137.30481935483863, 254.9247311827957, 92.3763440860215, 60.376344086021504
190, 612.9097889064462, 137.76322903225793, 254.91397849462365, 93.13978494623656, 60.494623655913976
191, 612.6433693934605, 138.78656129032257, 254.9247311827957, 94.95698924731182, 60.086021505376344
192, 612.3769498804749, 139.2572161290323, 254.93548387096774, 95.7741935483871, 59.97849462365591
193, 612.1105303674891, 140.3307580645161, 255.0, 97.58064516129032, 59.924731182795696
194, 611.8441108545035, 140.81059032258062, 254.95698924731184, 98.44086021505376, 59.81720430107527
195, 611.5776913415177, 141.6442333333332, 254.9784946236559, 99.87096774193549, 59.70967741935484
196, 611.3112718285321, 141.89530215053747, 254.93548387096774, 100.39784946236558, 59.31182795698925
197, 611.0448523155463, 142.9197709677419, 254.9784946236559, 102.0752688172043, 59.54838709677419
198, 610.7784328025607, 143.2955655913978, 254.98924731182797, 102.72043010752688, 59.494623655913976
199, 610.512013289575, 144.42165161290325, 254.98924731182797, 104.56989247311827, 59.8494623655914
200, 610.2455937765892, 144.79186021505367, 254.94623655913978, 105.18279569892474, 60.053763440860216
201, 609.9791742636036, 145.99329677419354, 254.98924731182797, 107.24731182795699, 59.8494623655914
202, 609.7127547506178, 147.02334516129034, 254.93548387096774, 108.93548387096774, 60.333333333333336
203, 609.4463352376322, 148.20511505376345, 254.9784946236559, 110.9247311827957, 60.344086021505376
204, 609.1799157246464, 149.13464301075268, 254.96774193548387, 112.50537634408602, 60.38709677419355
205, 608.9134962116608, 150.22201612903237, 255.0, 114.3225806451613, 60.483870967741936
206, 608.647076698675, 150.78082688172046, 254.95698924731184, 115.43010752688173, 59.795698924731184
207, 608.3806571856894, 151.98989892473128, 254.98924731182797, 117.48387096774194, 59.74193548387097
208, 608.1142376727037, 152.33523548387106, 254.95698924731184, 118.24731182795699, 58.924731182795696
209, 607.847818159718, 153.20567526881723, 254.96774193548387, 119.79569892473118, 58.55913978494624
210, 607.5813986467323, 153.87765698924736, 254.93548387096774, 120.88172043010752, 58.946236559139784
211, 607.3149791337466, 154.8922516129033, 254.90322580645162, 122.58064516129032, 59.18279569892473
212, 607.0485596207609, 155.63451612903228, 254.94623655913978, 123.88172043010752, 58.88172043010753
213, 606.7821401077751, 156.8833623655915, 254.9784946236559, 125.96774193548387, 59.01075268817204
214, 606.5157205947895, 157.4797817204301, 254.9784946236559, 127.16129032258064, 58.096774193548384
215, 606.2493010818038, 158.37964516129026, 254.94623655913978, 128.81720430107526, 57.54838709677419
216, 605.9828815688181, 158.99734946236555, 255.0, 129.95698924731184, 56.956989247311824
217, 605.7164620558324, 160.03880107526885, 255.0, 131.7311827956989, 56.956989247311824
218, 605.4500425428467, 160.11601397849464, 254.91397849462365, 132.16129032258064, 55.645161290322584
219, 605.183623029861, 160.91611505376332, 254.9784946236559, 133.6021505376344, 55.075268817204304
220, 604.9172035168754, 161.2098784946236, 254.9784946236559, 134.2258064516129, 54.44086021505376
221, 604.6507840038896, 162.00987634408597, 255.0, 135.6236559139785, 54.204301075268816
222, 604.3843644909039, 162.055623655914, 254.94623655913978, 135.8709677419355, 53.473118279569896
223, 604.1179449779182, 162.87334946236564, 255.0, 137.31182795698925, 53.086021505376344
224, 603.8515254649325, 163.2228139784946, 254.9784946236559, 138.1290322580645, 52.0
225, 603.5851059519468, 164.02523225806448, 254.98924731182797, 139.56989247311827, 51.59139784946237
226, 603.3186864389611, 164.1279118279571, 254.96774193548387, 140.0752688172043, 49.946236559139784
227, 603.0522669259755, 164.68652150537642, 254.89247311827958, 141.16129032258064, 49.45161290322581
228, 602.7858474129897, 165.04647096774195, 254.96774193548387, 141.90322580645162, 48.59139784946237
229, 602.5194279000041, 165.7999494623657, 254.91397849462365, 143.25806451612902, 48.365591397849464
230, 602.2530083870183, 165.74112043010746, 254.9247311827957, 143.43010752688173, 46.935483870967744
231, 601.9865888740327, 166.39367741935482, 254.94623655913978, 144.59139784946237, 46.623655913978496
232, 601.7201693610469, 166.83448064516122, 254.9784946236559, 145.36559139784947, 46.41935483870968
233, 601.4537498480612, 167.87252258064518, 254.98924731182797, 147.18279569892474, 46.13978494623656
234, 601.1873303350756, 168.45881397849456, 254.9784946236559, 148.25806451612902, 45.774193548387096
235, 600.9209108220898, 169.34703010752696, 254.96774193548387, 149.86021505376345, 45.344086021505376
236, 600.6544913091042, 169.85062150537638, 254.96774193548387, 150.78494623655914, 45.0
237, 600.3880717961184, 170.9344193548388, 254.94623655913978, 152.68817204301075, 44.763440860215056
238, 600.1216522831328, 171.46216129032263, 254.94623655913978, 153.59139784946237, 44.74193548387097
239, 599.855232770147, 172.4512333333333, 254.9784946236559, 155.32258064516128, 44.41935483870968
240, 599.5888132571614, 172.8990612903225, 254.9784946236559, 156.13978494623655, 44.13978494623656
241, 599.3223937441757, 173.6406655913978, 254.95698924731184, 157.5268817204301, 43.55913978494624
242, 599.05597423119, 174.15363118279572, 254.9784946236559, 158.40860215053763, 43.46236559139785
243, 598.7895547182043, 174.9996967741936, 254.96774193548387, 159.83870967741936, 43.54838709677419
244, 598.5231352052185, 175.20227741935483, 254.96774193548387, 160.29032258064515, 43.0
245, 598.2567156922329, 176.08369569892474, 254.9784946236559, 161.76344086021504, 43.11827956989247
246, 597.9902961792471, 176.16369892473116, 254.94623655913978, 161.98924731182797, 42.74193548387097
247, 597.7238766662615, 176.84065161290326, 254.98924731182797, 163.05376344086022, 43.086021505376344
248, 597.4574571532758, 177.267930107527, 255.0, 163.69892473118279, 43.483870967741936
249, 597.1910376402901, 178.0280505376344, 254.9784946236559, 165.0215053763441, 43.39784946236559
250, 596.9246181273044, 178.12339247311817, 255.0, 165.20430107526883, 43.236559139784944
251, 596.6581986143187, 178.80921505376335, 254.94623655913978, 166.4731182795699, 42.86021505376344
252, 596.391779101333, 179.00243010752678, 254.94623655913978, 166.80645161290323, 42.83870967741935
253, 596.1253595883472, 179.83849247311818, 254.86021505376345, 168.32258064516128, 42.59139784946237
254, 595.8589400753616, 180.38866129032252, 255.0, 169.09677419354838, 43.064516129032256
255, 595.5925205623759, 181.37533010752685, 254.9784946236559, 170.83870967741936, 42.806451612903224
256, 595.3261010493902, 181.7054301075268, 254.94623655913978, 171.3548387096774, 43.12903225806452
257, 595.0596815364045, 182.31758387096767, 254.91397849462365, 172.5268817204301, 42.54838709677419
258, 594.7932620234188, 182.58539569892466, 254.96774193548387, 172.91397849462365, 42.763440860215056
259, 594.5268425104331, 182.9975236559139, 254.9784946236559, 173.67741935483872, 42.41935483870968
260, 594.2604229974474, 183.60468494623655, 254.9784946236559, 174.70967741935485, 42.43010752688172
261, 593.9940034844617, 184.01408064516127, 255.0, 175.48387096774192, 41.97849462365591
262, 593.7275839714761, 184.85104838709674, 255.0, 176.83870967741936, 42.344086021505376
263, 593.4611644584903, 185.57382365591403, 254.98924731182797, 178.01075268817203, 42.67741935483871
264, 593.1947449455047, 185.77479032258063, 255.0, 178.32258064516128, 42.806451612903224
265, 592.9283254325189, 186.6418333333333, 255.0, 179.86021505376345, 42.494623655913976
266, 592.6619059195332, 187.27363978494623, 255.0, 180.8279569892473, 43.053763440860216
267, 592.3954864065475, 187.8741150537635, 254.9784946236559, 181.98924731182797, 42.39784946236559
268, 592.1290668935618, 188.22494301075275, 254.9784946236559, 182.58064516129033, 42.43010752688172
269, 591.8626473805762, 189.22002795698918, 254.98924731182797, 184.32258064516128, 42.16129032258065
270, 591.5962278675904, 189.05261290322585, 254.94623655913978, 184.1720430107527, 41.58064516129032
271, 591.3298083546048, 189.6554731182796, 254.94623655913978, 185.31182795698925, 41.0
272, 591.063388841619, 189.82184946236555, 254.94623655913978, 185.58064516129033, 41.075268817204304
273, 590.7969693286334, 190.55781505376345, 254.96774193548387, 186.81720430107526, 41.10752688172043
274, 590.5305498156476, 190.5361473118279, 254.9784946236559, 186.79569892473117, 41.0
275, 590.2641303026619, 191.09835053763436, 254.98924731182797, 187.80645161290323, 40.69892473118279
276, 589.9977107896763, 191.18216021505367, 254.95698924731184, 187.96774193548387, 40.68817204301075
277, 589.7312912766905, 191.98863440860222, 254.94623655913978, 189.3763440860215, 40.53763440860215
278, 589.4648717637049, 191.96377096774197, 254.9784946236559, 189.36559139784947, 40.29032258064516
279, 589.1984522507191, 192.42296559139783, 254.96774193548387, 190.247311827957, 39.806451612903224
280, 588.9320327377335, 192.6290666666667, 254.9247311827957, 190.58064516129033, 40.01075268817204
281, 588.6656132247477, 193.1295967741935, 255.0, 191.51612903225808, 39.38709677419355
282, 588.3991937117621, 193.33188709677412, 255.0, 191.80645161290323, 39.666666666666664
283, 588.1327741987764, 193.7094376344085, 254.9784946236559, 192.4731182795699, 39.60215053763441
284, 587.8663546857906, 193.8471032258063, 254.98924731182797, 192.66666666666666, 39.784946236559136
285, 587.599935172805, 194.59881612903231, 254.95698924731184, 193.8279569892473, 40.483870967741936
286, 587.3335156598193, 194.66544731182793, 254.98924731182797, 193.93548387096774, 40.43010752688172
287, 587.0670961468336, 195.31196666666673, 254.8494623655914, 195.05376344086022, 40.70967741935484
288, 586.8006766338478, 195.5862107526882, 254.88172043010752, 195.5483870967742, 40.483870967741936
289, 586.5342571208622, 196.10640215053772, 254.90322580645162, 196.49462365591398, 40.11827956989247
290, 586.2678376078765, 196.35333118279567, 254.96774193548387, 196.9784946236559, 39.623655913978496
291, 586.0014180948908, 196.79649247311826, 254.96774193548387, 197.88172043010752, 38.86021505376344
292, 585.7349985819051, 197.0837301075268, 254.95698924731184, 198.5268817204301, 38.086021505376344
293, 585.4685790689194, 197.72785268817202, 254.91397849462365, 199.67741935483872, 37.924731182795696
294, 585.2021595559337, 197.9483129032258, 254.93548387096774, 200.2258064516129, 36.97849462365591
295, 584.935740042948, 198.14541612903227, 254.9784946236559, 200.752688172043, 35.88172043010753
296, 584.6693205299623, 198.39910215053754, 255.0, 201.23655913978496, 35.55913978494624
297, 584.4029010169766, 198.63522150537622, 254.98924731182797, 201.90322580645162, 34.225806451612904
298, 584.1364815039909, 198.5406741935483, 254.9784946236559, 202.01075268817203, 32.87096774193548
299, 583.8700619910052, 199.0111376344086, 254.96774193548387, 202.9784946236559, 32.043010752688176
300, 583.6036424780195, 198.93091612903225, 254.9247311827957, 203.05376344086022, 31.06451612903226
301, 583.3372229650338, 199.56604408602155, 254.93548387096774, 204.1720430107527, 30.849462365591396
302, 583.0708034520482, 199.52182688172036, 254.95698924731184, 204.36559139784947, 29.408602150537636
303, 582.8043839390624, 199.83732473118286, 254.9247311827957, 205.03225806451613, 28.827956989247312
304, 582.5379644260768, 200.34715268817206, 254.9247311827957, 206.10752688172042, 27.763440860215052
305, 582.271544913091, 200.56882473118284, 254.8709677419355, 206.752688172043, 26.526881720430108
306, 582.0051254001053, 200.79958709677416, 254.98924731182797, 207.21505376344086, 25.86021505376344
307, 581.7387058871196, 201.51585483870963, 255.0, 208.41935483870967, 25.913978494623656
308, 581.4722863741339, 201.28775161290326, 254.95698924731184, 208.3763440860215, 24.247311827956988
309, 581.2058668611483, 201.5272989247311, 254.96774193548387, 209.01075268817203, 23.053763440860216
310, 580.9394473481625, 201.8124913978494, 254.9784946236559, 209.80645161290323, 21.43010752688172
311, 580.6730278351769, 202.04509354838703, 254.9784946236559, 210.36559139784947, 20.591397849462364
312, 580.4066083221911, 202.24210322580623, 254.98924731182797, 211.0215053763441, 18.913978494623656
313, 580.1401888092055, 202.24599569892476, 254.98924731182797, 211.32258064516128, 17.397849462365592
314, 579.8737692962197, 202.5210075268818, 254.9784946236559, 212.25806451612902, 15.021505376344086
315, 579.6073497832341, 203.04352150537636, 255.0, 213.2688172043011, 14.344086021505376
316, 579.3409302702484, 202.79813763440862, 254.96774193548387, 213.46236559139786, 11.279569892473118
317, 579.0745107572627, 203.2919892473117, 254.94623655913978, 214.40860215053763, 10.795698924731182
318, 578.808091244277, 203.157829032258, 254.93548387096774, 214.70967741935485, 8.096774193548388
319, 578.5416717312912, 203.93153655913972, 254.95698924731184, 216.0752688172043, 7.795698924731183
320, 578.2752522183056, 204.01418924731175, 254.98924731182797, 216.5483870967742, 6.0
321, 578.0088327053198, 204.55661397849462, 254.93548387096774, 217.6021505376344, 5.473118279569892
322, 577.7424131923342, 204.55642795698927, 254.96774193548387, 217.81720430107526, 4.279569892473118
323, 577.4759936793484, 205.36240322580642, 255.0, 219.16129032258064, 4.344086021505376
324, 577.2095741663628, 205.3683451612902, 254.93548387096774, 219.41935483870967, 3.236559139784946
325, 576.9431546533771, 206.0217182795698, 254.96774193548387, 220.65591397849462, 2.5161290322580645
326, 576.6767351403914, 206.68600215053758, 254.9247311827957, 221.83870967741936, 2.3655913978494625
327, 576.4103156274057, 207.60538924731176, 254.9247311827957, 223.3548387096774, 2.6236559139784945
328, 576.1438961144199, 207.66275591397854, 253.94623655913978, 224.03225806451613, 2.204301075268817
329, 575.8774766014343, 208.22718924731183, 252.83870967741936, 225.65591397849462, 1.6989247311827957
330, 575.6110570884485, 207.74714086021498, 249.7741935483871, 226.49462365591398, 1.2043010752688172
331, 575.3446375754629, 208.0962946236559, 247.48387096774192, 228.247311827957, 1.2473118279569892
332, 575.0782180624772, 207.5629279569892, 243.83870967741936, 229.23655913978496, 1.032258064516129
333, 574.8117985494915, 207.7439430107527, 241.0, 230.95698924731184, 1.2043010752688172
334, 574.5453790365058, 207.84000752688172, 238.20430107526883, 232.5483870967742, 1.1827956989247312
335, 574.2789595235201, 208.73200645161282, 236.49462365591398, 234.752688172043, 2.139784946236559
336, 574.0125400105344, 208.88302365591383, 233.74193548387098, 236.44086021505376, 1.989247311827957
337, 573.7461204975486, 209.60314408602153, 232.21505376344086, 238.51612903225808, 1.6236559139784945
338, 573.479700984563, 210.2028301075269, 230.19354838709677, 240.4731182795699, 2.10752688172043
339, 573.2132814715774, 210.79807849462355, 229.53763440860214, 241.88172043010752, 1.7956989247311828
340, 572.9468619585916, 211.02283655913985, 227.2258064516129, 243.4731182795699, 1.6344086021505377
341, 572.6804424456059, 211.17961182795696, 225.1720430107527, 244.89247311827958, 1.086021505376344
342, 572.4140229326202, 212.13799677419365, 223.4731182795699, 247.27956989247312, 1.6559139784946237
343, 572.1476034196345, 212.92184731182797, 222.9247311827957, 248.80645161290323, 2.10752688172043
344, 571.8811839066489, 212.69756559139776, 219.8279569892473, 250.04301075268816, 1.89247311827957
345, 571.6147643936631, 212.89368064516125, 217.6021505376344, 251.53763440860214, 1.7526881720430108
346, 571.3483448806775, 212.8655473118279, 214.95698924731184, 252.83870967741936, 1.7419354838709677
347, 571.0819253676917, 212.7335989247311, 213.1505376344086, 253.5483870967742, 1.6666666666666667
348, 570.8155058547061, 212.06446021505397, 209.80645161290323, 254.23655913978496, 1.021505376344086
349, 570.5490863417203, 211.72375268817203, 208.38709677419354, 254.247311827957, 1.6989247311827957
350, 570.2826668287346, 210.82664193548385, 204.8709677419355, 254.6451612903226, 1.0
351, 570.016247315749, 209.96080107526882, 202.31182795698925, 254.33333333333334, 1.7204301075268817
352, 569.7498278027632, 209.14113655913982, 198.95698924731184, 254.72043010752688, 1.3333333333333333
353, 569.4834082897776, 208.10236881720425, 195.34408602150538, 254.68817204301075, 1.8602150537634408
354, 569.2169887767918, 206.77313978494618, 191.50537634408602, 254.59139784946237, 0.7634408602150538
355, 568.9505692638062, 206.22496881720429, 189.4516129032258, 254.63440860215053, 1.118279569892473
356, 568.6841497508204, 205.07047849462376, 185.6451612903226, 254.7311827956989, 0.4731182795698925
357, 568.4177302378348, 204.3128311827957, 183.19354838709677, 254.49462365591398, 1.4731182795698925
358, 568.151310724849, 202.9073913978495, 178.88172043010752, 254.48387096774192, 0.5053763440860215
359, 567.8848912118633, 202.06926021505373, 175.67741935483872, 254.5268817204301, 1.3333333333333333
360, 567.6184716988777, 201.10781827956993, 172.13978494623655, 254.76344086021504, 0.956989247311828
361, 567.3520521858919, 199.768311827957, 167.74193548387098, 254.59139784946237, 1.6236559139784945
362, 567.0856326729063, 198.44489032258048, 163.46236559139786, 254.65591397849462, 0.9032258064516129
363, 566.8192131599205, 197.5557505376343, 160.1290322580645, 254.68817204301075, 1.6774193548387097
364, 566.5527936469349, 195.8776698924731, 155.23655913978496, 254.4731182795699, 0.8924731182795699
365, 566.2863741339492, 194.70548172043013, 150.98924731182797, 254.43010752688173, 1.967741935483871
366, 566.0199546209635, 192.63318279569899, 144.7311827956989, 254.38709677419354, 0.41935483870967744
367, 565.7535351079778, 191.51431397849467, 139.9784946236559, 254.61290322580646, 1.903225806451613
368, 565.4871155949921, 189.129347311828, 132.8709677419355, 254.43010752688173, 0.5591397849462365
369, 565.2206960820064, 187.65449139784954, 127.12903225806451, 254.56989247311827, 1.956989247311828
370, 564.9542765690207, 185.4831666666667, 120.26881720430107, 254.6021505376344, 0.7311827956989247
371, 564.687857056035, 183.50355698924727, 114.10752688172043, 254.34408602150538, 0.8494623655913979
372, 564.4214375430493, 180.95713548387099, 106.27956989247312, 254.08602150537635, 0.3655913978494624
373, 564.1550180300636, 178.42550752688174, 97.61290322580645, 254.08602150537635, 0.8817204301075269
374, 563.8885985170779, 176.6041064516128, 90.87096774193549, 254.4516129032258, 0.6989247311827957
375, 563.6221790040922, 174.9721688172044, 85.94623655913979, 254.1290322580645, 0.956989247311828
376, 563.3557594911065, 173.40693118279572, 80.36559139784946, 254.40860215053763, 0.41935483870967744
377, 563.0893399781208, 171.49257419354836, 74.15053763440861, 254.247311827957, 0.7526881720430108
378, 562.8229204651351, 169.7628870967742, 67.90322580645162, 254.48387096774192, 0.7419354838709677
379, 562.5565009521495, 168.23458172043004, 62.56989247311828, 254.46236559139786, 1.4301075268817205
380, 562.2900814391637, 166.64463978494624, 56.935483870967744, 254.66666666666666, 1.2043010752688172
381, 562.023661926178, 164.90342795698928, 51.74193548387097, 254.30107526881721, 1.4301075268817205
382, 561.7572424131923, 163.15757096774195, 46.44086021505376, 254.18279569892474, 0.6236559139784946
383, 561.4908229002066, 161.94594193548383, 42.086021505376344, 254.21505376344086, 1.2473118279569892
384, 561.224403387221, 160.44775268817202, 37.204301075268816, 254.2258064516129, 0.8494623655913979
385, 560.9579838742352, 159.29082795698926, 33.01075268817204, 254.27956989247312, 1.4193548387096775
386, 560.6915643612496, 158.38759892473115, 29.27956989247312, 254.70967741935485, 1.064516129032258
387, 560.4251448482638, 157.82403440860213, 27.0752688172043, 254.76344086021504, 1.6236559139784945
388, 560.1587253352782, 156.6242010752689, 23.580645161290324, 254.56989247311827, 1.2580645161290323
389, 559.8923058222924, 155.7991451612903, 20.483870967741936, 254.6451612903226, 1.7526881720430108
390, 559.6258863093067, 155.12875161290327, 18.182795698924732, 254.7311827956989, 1.4623655913978495
391, 559.359466796321, 154.56648709677424, 16.634408602150536, 254.50537634408602, 1.7526881720430108
392, 559.0930472833353, 153.2532462365591, 13.129032258064516, 254.247311827957, 0.7526881720430108
393, 558.8266277703497, 152.47903870967733, 10.150537634408602, 254.44086021505376, 0.7741935483870968
394, 558.5602082573639, 152.00056559139782, 8.10752688172043, 254.6451612903226, 0.8817204301075269
395, 558.2937887443783, 151.91819677419346, 7.064516129032258, 254.8709677419355, 1.7311827956989247
396, 558.0273692313925, 151.28009569892475, 5.387096774193548, 254.68817204301075, 1.4731182795698925
397, 557.7609497184069, 150.7095053763441, 3.870967741935484, 254.55913978494624, 1.10752688172043
398, 557.4945302054211, 150.23394193548398, 2.5161290322580645, 254.51612903225808, 0.7096774193548387
399, 557.2281106924355, 150.30518709677423, 2.21505376344086, 254.69892473118279, 1.1827956989247312
400, 556.9616911794498, 149.9927569892474, 1.4623655913978495, 254.6021505376344, 0.9139784946236559
401, 556.6952716664641, 150.34455591397852, 1.8602150537634408, 254.81720430107526, 1.8494623655913978
402, 556.4288521534784, 150.10026559139789, 1.3225806451612903, 254.7311827956989, 1.5591397849462365
403, 556.1624326404926, 150.10296344086035, 1.010752688172043, 254.89247311827958, 1.5698924731182795
404, 555.896013127507, 150.0144989247313, 0.9247311827956989, 254.80645161290323, 1.4623655913978495
405, 555.6295936145212, 150.15253440860212, 1.3225806451612903, 254.8494623655914, 1.4086021505376345
406, 555.3631741015356, 150.08757741935483, 1.10752688172043, 254.88172043010752, 1.2365591397849462
407, 555.0967545885499, 150.03516129032263, 1.075268817204301, 254.81720430107526, 1.1935483870967742
408, 554.8303350755642, 150.04912580645163, 1.0, 254.8709677419355, 1.2365591397849462
409, 554.5639155625785, 150.033282795699, 0.9354838709677419, 254.78494623655914, 1.7096774193548387
410, 554.2974960495928, 149.95906559139794, 0.956989247311828, 254.65591397849462, 1.6666666666666667
411, 554.0310765366071, 150.08631075268832, 1.086021505376344, 254.752688172043, 1.946236559139785
412, 553.7646570236213, 149.9040150537636, 0.9247311827956989, 254.58064516129033, 1.6559139784946237
413, 553.4982375106357, 150.04804301075276, 1.075268817204301, 254.70967741935485, 1.8602150537634408
414, 553.23181799765, 149.9846602150539, 0.9247311827956989, 254.70967741935485, 1.6989247311827957
415, 552.9653984846643, 150.13574516129043, 1.1505376344086022, 254.79569892473117, 1.989247311827957
416, 552.6989789716786, 150.0512731182797, 0.9247311827956989, 254.80645161290323, 1.7849462365591398
417, 552.4325594586929, 150.01989677419363, 0.9247311827956989, 254.76344086021504, 1.7311827956989247
418, 552.1661399457072, 150.0424602150539, 0.8817204301075269, 254.8279569892473, 1.7096774193548387
419, 551.8997204327216, 150.0529634408603, 1.010752688172043, 254.76344086021504, 1.7956989247311828
420, 551.6333009197358, 149.9682924731184, 0.946236559139785, 254.66666666666666, 1.7204301075268817
421, 551.36688140675, 150.1671655913979, 1.4623655913978495, 254.83870967741936, 1.2258064516129032
422, 551.1004618937644, 149.85977526881726, 0.956989247311828, 254.65591397849462, 0.7956989247311828
423, 550.8340423807788, 150.14081827956997, 1.1720430107526882, 254.86021505376345, 1.6451612903225807
424, 550.567622867793, 150.03779139784953, 1.118279569892473, 254.72043010752688, 1.6021505376344085
425, 550.3012033548073, 150.05599462365598, 1.021505376344086, 254.752688172043, 1.8494623655913978
426, 550.0347838418216, 150.04229247311835, 1.053763440860215, 254.67741935483872, 2.032258064516129
427, 549.7683643288359, 150.27116881720428, 1.2150537634408602, 254.8494623655914, 2.7311827956989245
428, 549.5019448158503, 150.10225376344084, 1.010752688172043, 254.63440860215053, 2.89247311827957
429, 549.2355253028645, 150.43594623655918, 1.3978494623655915, 254.83870967741936, 3.752688172043011
430, 548.9691057898789, 150.38672150537639, 1.3870967741935485, 254.65591397849462, 4.290322580645161
431, 548.7026862768931, 150.6844903225807, 1.3333333333333333, 254.94623655913978, 5.548387096774194
432, 548.4362667639075, 150.41834516129038, 0.8494623655913979, 254.72043010752688, 5.645161290322581
433, 548.1698472509217, 150.67317419354833, 1.1612903225806452, 254.70967741935485, 7.118279569892473
434, 547.903427737936, 150.91889677419357, 1.4623655913978495, 254.78494623655914, 8.096774193548388
435, 547.6370082249504, 151.11012795698923, 1.5161290322580645, 254.8494623655914, 9.301075268817204
436, 547.3705887119646, 151.18859354838708, 1.5913978494623655, 254.752688172043, 10.290322580645162
437, 547.104169198979, 151.26510860215055, 1.064516129032258, 254.81720430107526, 12.010752688172044
438, 546.8377496859932, 151.53196344086015, 1.3333333333333333, 254.8279569892473, 13.591397849462366
439, 546.5713301730076, 151.84332580645165, 1.5806451612903225, 254.80645161290323, 15.78494623655914
440, 546.3049106600218, 151.95011505376348, 1.7526881720430108, 254.6021505376344, 17.322580645161292
441, 546.0384911470362, 152.21157419354836, 1.4623655913978495, 254.752688172043, 19.602150537634408
442, 545.7720716340505, 152.3571720430107, 1.3978494623655915, 254.6451612903226, 21.602150537634408
443, 545.5056521210647, 153.026411827957, 1.903225806451613, 254.91397849462365, 24.763440860215052
444, 545.2392326080791, 153.10599784946245, 1.7419354838709677, 254.86021505376345, 26.161290322580644
445, 544.9728130950933, 153.21703870967747, 1.4408602150537635, 254.86021505376345, 27.9247311827957
446, 544.7063935821077, 153.28811290322582, 1.4516129032258065, 254.74193548387098, 29.129032258064516
447, 544.439974069122, 153.54601075268818, 1.1827956989247312, 254.88172043010752, 31.376344086021504
448, 544.1735545561363, 153.46540430107524, 1.118279569892473, 254.59139784946237, 32.333333333333336
449, 543.9071350431506, 154.16245913978491, 1.6451612903225807, 254.89247311827958, 35.516129032258064
450, 543.6407155301649, 154.27521505376345, 1.6129032258064515, 254.88172043010752, 36.645161290322584
451, 543.3742960171792, 154.41652580645163, 1.6236559139784945, 254.78494623655914, 38.354838709677416
452, 543.1078765041935, 154.55436129032256, 1.7634408602150538, 254.66666666666666, 39.806451612903224
453, 542.8414569912078, 154.55432258064513, 1.1827956989247312, 254.63440860215053, 41.494623655913976
454, 542.5750374782222, 154.85772365591393, 1.3655913978494623, 254.7741935483871, 42.956989247311824
455, 542.3086179652364, 155.20459032258074, 1.6236559139784945, 254.8494623655914, 44.935483870967744
456, 542.0421984522507, 155.27179139784943, 1.6559139784946237, 254.7741935483871, 45.82795698924731
457, 541.775778939265, 155.49056344086017, 1.5698924731182795, 254.80645161290323, 47.806451612903224
458, 541.5093594262793, 155.60072150537633, 1.6021505376344085, 254.80645161290323, 48.68817204301075
459, 541.2429399132936, 155.73391290322576, 1.4086021505376345, 254.79569892473117, 50.41935483870968
460, 540.9765204003079, 155.77712795698923, 1.4086021505376345, 254.74193548387098, 51.075268817204304
461, 540.7101008873223, 155.87348709677423, 0.8279569892473119, 254.8279569892473, 53.0
462, 540.4436813743365, 156.11910537634404, 0.989247311827957, 254.90322580645162, 54.344086021505376
463, 540.1772618613509, 156.3256043010753, 1.1612903225806452, 254.79569892473117, 56.25806451612903
464, 539.9108423483651, 156.3796483870968, 0.9354838709677419, 254.80645161290323, 57.26881720430107
465, 539.6444228353794, 156.8643731182796, 1.3225806451612903, 254.88172043010752, 60.11827956989247
466, 539.3780033223937, 156.8221354838709, 1.118279569892473, 254.76344086021504, 60.89247311827957
467, 539.111583809408, 157.11173118279564, 1.2903225806451613, 254.78494623655914, 62.87096774193548
468, 538.8451642964224, 157.32285376344092, 1.5698924731182795, 254.6451612903226, 64.70967741935483
469, 538.5787447834366, 157.68475053763441, 1.4193548387096775, 254.78494623655914, 67.55913978494624
470, 538.312325270451, 157.63144193548393, 0.956989247311828, 254.7311827956989, 68.58064516129032
471, 538.0459057574652, 158.105535483871, 1.3118279569892473, 254.89247311827958, 70.97849462365592
472, 537.7794862444796, 158.38986989247311, 1.7311827956989247, 254.8709677419355, 72.48387096774194
473, 537.5130667314938, 158.62454086021512, 1.5806451612903225, 254.88172043010752, 74.88172043010752
474, 537.2466472185081, 158.87674838709674, 1.8709677419354838, 254.80645161290323, 76.72043010752688
475, 536.9802277055225, 159.27279247311833, 1.967741935483871, 254.91397849462365, 79.38709677419355
476, 536.7138081925368, 159.30561075268807, 1.8494623655913978, 254.74193548387098, 80.87096774193549
477, 536.4473886795511, 159.5425290322581, 1.3763440860215055, 254.86021505376345, 83.58064516129032
478, 536.1809691665653, 159.85845268817204, 1.7096774193548387, 254.89247311827958, 85.31182795698925
479, 535.9145496535797, 159.95465806451602, 1.3763440860215055, 254.7311827956989, 87.86021505376344
480, 535.6481301405939, 160.13383978494625, 1.3870967741935485, 254.69892473118279, 89.56989247311827
481, 535.3817106276083, 160.37731075268817, 1.3010752688172043, 254.74193548387098, 91.70967741935483
482, 535.1152911146226, 160.70329032258064, 1.6129032258064515, 254.80645161290323, 93.41935483870968
483, 534.8488716016368, 160.8868602150537, 1.3978494623655915, 254.89247311827958, 95.15053763440861
484, 534.5824520886512, 161.09881720430104, 1.7204301075268817, 254.83870967741936, 96.44086021505376
485, 534.3160325756655, 161.15855376344098, 1.5591397849462365, 254.69892473118279, 98.10752688172043
486, 534.0496130626798, 161.16990967741935, 1.4408602150537635, 254.63440860215053, 98.84946236559139
487, 533.783193549694, 161.43550107526883, 1.5483870967741935, 254.66666666666666, 100.73118279569893
488, 533.5167740367084, 161.82069677419358, 2.064516129032258, 254.83870967741936, 101.87096774193549
489, 533.2503545237226, 161.80636021505376, 1.6666666666666667, 254.6451612903226, 103.78494623655914
490, 532.983935010737, 162.07212795698928, 1.946236559139785, 254.76344086021504, 104.7741935483871
491, 532.7175154977513, 162.1914021505377, 1.6774193548387097, 254.752688172043, 106.58064516129032
492, 532.4510959847656, 162.25288817204304, 1.6559139784946237, 254.70967741935485, 107.39784946236558
493, 532.1846764717799, 162.54748172043014, 1.5268817204301075, 254.83870967741936, 109.65591397849462
494, 531.9182569587942, 162.437823655914, 1.2258064516129032, 254.76344086021504, 109.87096774193549
495, 531.6518374458085, 162.73104731182798, 1.3548387096774193, 254.81720430107526, 111.82795698924731
496, 531.3854179328227, 162.72526021505382, 1.2688172043010753, 254.76344086021504, 112.27956989247312
497, 531.1189984198371, 162.9119311827957, 1.3333333333333333, 254.7311827956989, 113.91397849462365
498, 530.8525789068515, 162.93379462365584, 1.3010752688172043, 254.70967741935485, 114.3010752688172
499, 530.5861593938657, 163.15742795698927, 1.4193548387096775, 254.752688172043, 115.73118279569893
500, 530.31973988088, 163.1554827956989, 1.3010752688172043, 254.69892473118279, 116.3010752688172
501, 530.0533203678943, 163.44494193548394, 1.2258064516129032, 254.80645161290323, 118.48387096774194
502, 529.7869008549086, 163.31667849462372, 0.956989247311828, 254.65591397849462, 118.83870967741936
503, 529.520481341923, 163.7112301075269, 1.4623655913978495, 254.7741935483871, 120.36559139784946
504, 529.2540618289372, 163.7518645161291, 1.4623655913978495, 254.78494623655914, 120.66666666666667
505, 528.9876423159515, 164.04726021505374, 1.6989247311827957, 254.80645161290323, 122.52688172043011
506, 528.7212228029658, 163.8924774193549, 1.2473118279569892, 254.79569892473117, 122.40860215053763
507, 528.4548032899802, 164.27905161290323, 1.5268817204301075, 254.88172043010752, 124.6236559139785
508, 528.1883837769944, 164.28408494623662, 1.6236559139784945, 254.7741935483871, 124.96774193548387
509, 527.9219642640087, 164.45327419354842, 1.3440860215053763, 254.86021505376345, 126.74193548387096
510, 527.6555447510231, 164.37870430107523, 1.3440860215053763, 254.65591397849462, 127.13978494623656
511, 527.3891252380373, 164.61230430107523, 1.4731182795698925, 254.59139784946237, 129.18279569892474
512, 527.1227057250517, 164.8470107526882, 1.6129032258064515, 254.76344086021504, 129.98924731182797
513, 526.8562862120659, 165.10193440860215, 1.6236559139784945, 254.86021505376345, 131.69892473118279
514, 526.5898666990803, 164.88731505376342, 1.2580645161290323, 254.72043010752688, 131.49462365591398
515, 526.3234471860945, 165.23559784946238, 1.7634408602150538, 254.78494623655914, 132.89247311827958
516, 526.0570276731089, 164.91791720430106, 1.4731182795698925, 254.3978494623656, 132.86021505376345
517, 525.7906081601232, 165.31376881720436, 1.4516129032258065, 254.69892473118279, 134.83870967741936
518, 525.5241886471374, 165.68484731182795, 1.956989247311828, 254.80645161290323, 136.21505376344086
519, 525.2577691341518, 165.7311860215053, 1.903225806451613, 254.65591397849462, 137.53763440860214
520, 524.991349621166, 165.68954731182794, 1.8387096774193548, 254.49462365591398, 138.1720430107527
521, 524.7249301081804, 166.0713129032258, 1.8172043010752688, 254.68817204301075, 140.58064516129033
522, 524.4585105951946, 166.39370107526878, 2.236559139784946, 254.74193548387098, 142.03225806451613
523, 524.192091082209, 166.3995903225807, 2.053763440860215, 254.40860215053763, 144.27956989247312
524, 523.9256715692233, 166.29082150537644, 2.0, 254.0752688172043, 145.18279569892474
525, 523.6592520562376, 166.76543548387093, 1.4516129032258065, 254.6451612903226, 147.8494623655914
526, 523.3928325432519, 166.83934408602147, 1.3978494623655915, 254.6021505376344, 148.86021505376345
527, 523.1264130302661, 166.95140645161297, 1.2043010752688172, 254.43010752688173, 151.23655913978496
528, 522.8599935172805, 167.04597204301075, 1.2473118279569892, 254.33333333333334, 152.4516129032258
529, 522.5935740042949, 167.4877892473118, 1.2473118279569892, 254.58064516129033, 155.05376344086022
530, 522.3271544913091, 167.76524946236552, 1.5913978494623655, 254.61290322580646, 156.41935483870967
531, 522.0607349783234, 168.04603440860214, 1.913978494623656, 254.56989247311827, 158.25806451612902
532, 521.7943154653377, 167.77159892473108, 1.5376344086021505, 254.1290322580645, 159.10752688172042
533, 521.527895952352, 167.8556774193548, 1.3978494623655915, 253.81720430107526, 161.81720430107526
534, 521.2614764393663, 167.7719860215053, 1.3225806451612903, 253.46236559139786, 163.10752688172042
535, 520.9950569263806, 167.93345698924736, 1.6666666666666667, 253.16129032258064, 165.1720430107527
536, 520.7286374133948, 167.59296129032253, 1.6774193548387097, 252.48387096774192, 165.6451612903226
537, 520.4622179004092, 167.81174623655915, 1.5698924731182795, 252.46236559139786, 167.95698924731184
538, 520.1957983874236, 167.2333860215054, 1.3010752688172043, 251.50537634408602, 168.51612903225808
539, 519.9293788744378, 166.76133763440865, 1.1397849462365592, 250.44086021505376, 170.27956989247312
540, 519.6629593614521, 167.02161935483875, 1.118279569892473, 250.69892473118279, 171.29032258064515
541, 519.3965398484664, 167.3444913978495, 1.8602150537634408, 250.30107526881721, 174.2258064516129
542, 519.1301203354807, 167.11459354838706, 1.6989247311827957, 249.9247311827957, 174.56989247311827
543, 518.863700822495, 167.6823032258064, 2.881720430107527, 249.68817204301075, 177.66666666666666
544, 518.5972813095093, 166.30301182795705, 1.924731182795699, 247.96774193548387, 176.93548387096774
545, 518.3308617965237, 165.9332129032258, 1.6344086021505377, 247.18279569892474, 178.49462365591398
546, 518.0644422835379, 165.36226344086026, 1.5591397849462365, 246.21505376344086, 178.66666666666666
547, 517.7980227705523, 165.6609645161291, 1.6451612903225807, 246.19354838709677, 181.1720430107527
548, 517.5316032575665, 165.37652903225802, 1.913978494623656, 245.43010752688173, 181.90322580645162
549, 517.2651837445808, 163.86838924731177, 1.4838709677419355, 242.94623655913978, 182.59139784946237
550, 516.9987642315951, 162.87469892473115, 1.3978494623655915, 241.31182795698925, 182.51612903225808
551, 516.7323447186095, 163.01215053763437, 1.5053763440860215, 241.16129032258064, 184.21505376344086
552, 516.4659252056238, 162.4774333333332, 1.1505376344086022, 240.46236559139786, 184.05376344086022
553, 516.199505692638, 163.091588172043, 1.7526881720430108, 240.5483870967742, 187.41935483870967
554, 515.9330861796524, 162.8872021505376, 1.7419354838709677, 240.10752688172042, 187.9247311827957
555, 515.6666666666666, 162.55577634408604, 2.129032258064516, 239.04301075268816, 189.48387096774192
556, 515.400247153681, 161.37084408602144, 1.4516129032258065, 237.49462365591398, 188.83870967741936
557, 515.1338276406952, 161.35925376344085, 1.978494623655914, 236.63440860215053, 191.78494623655914
558, 514.8674081277095, 160.94058602150537, 1.881720430107527, 235.98924731182797, 191.68817204301075
559, 514.6009886147239, 159.67492473118278, 1.3978494623655915, 233.86021505376345, 192.81720430107526
560, 514.3345691017382, 159.58410430107529, 1.5376344086021505, 233.55913978494624, 193.20430107526883
561, 514.0681495887525, 159.3577150537634, 1.5591397849462365, 232.69892473118279, 195.59139784946237
562, 513.8017300757667, 158.93717419354834, 1.3763440860215055, 232.08602150537635, 195.53763440860214
563, 513.5353105627811, 158.69202258064516, 1.2795698924731183, 231.40860215053763, 197.1290322580645
564, 513.2688910497953, 158.93660430107522, 1.5913978494623655, 231.51612903225808, 197.90322580645162
565, 513.0024715368097, 158.84527096774195, 1.8064516129032258, 230.8709677419355, 199.86021505376345
566, 512.736052023824, 158.83967204301072, 2.204301075268817, 230.61290322580646, 200.09677419354838
567, 512.4696325108383, 158.13624408602146, 1.6451612903225807, 229.49462365591398, 201.1505376344086
568, 512.2032129978526, 157.3954118279569, 1.2580645161290323, 228.55913978494624, 200.48387096774192
569, 511.9367934848669, 157.46325913978504, 1.3870967741935485, 228.11827956989248, 203.01075268817203
570, 511.6703739718812, 157.20425913978508, 1.2795698924731183, 227.752688172043, 202.90322580645162
571, 511.4039544588955, 156.6411827956989, 1.3978494623655915, 226.44086021505376, 204.40860215053763
572, 511.1375349459098, 156.28611290322584, 1.1290322580645162, 226.0, 204.2688172043011
573, 510.87111543292406, 156.13093225806443, 1.5376344086021505, 225.11827956989248, 206.3763440860215
574, 510.6046959199384, 155.6716086021505, 1.118279569892473, 224.58064516129033, 206.21505376344086
575, 510.3382764069527, 155.41928494623656, 1.4516129032258065, 223.63440860215053, 208.0
576, 510.07185689396704, 155.07239999999996, 1.2688172043010753, 223.1720430107527, 207.81720430107526
577, 509.8054373809813, 155.1671086021506, 1.8172043010752688, 222.63440860215053, 209.9784946236559
578, 509.5390178679956, 154.7667462365592, 1.5698924731182795, 222.10752688172042, 209.8279569892473
579, 509.2725983550099, 154.3664075268817, 1.5161290322580645, 221.27956989247312, 210.72043010752688
580, 509.0061788420242, 153.18204086021504, 0.7741935483870968, 219.81720430107526, 209.80645161290323
581, 508.7397593290385, 153.17665268817203, 1.4301075268817205, 219.0, 212.247311827957
582, 508.4733398160528, 152.9704956989248, 1.2795698924731183, 218.67741935483872, 212.49462365591398
583, 508.20692030306714, 153.6393430107527, 2.053763440860215, 219.1720430107527, 213.78494623655914
584, 507.9405007900814, 153.17690860215046, 1.6666666666666667, 218.67741935483872, 213.29032258064515
585, 507.67408127709575, 152.82228924731183, 1.5161290322580645, 217.91397849462365, 214.50537634408602
586, 507.40766176411, 152.66818817204296, 1.4516129032258065, 217.69892473118279, 214.43010752688173
587, 507.14124225112437, 152.36210752688166, 1.8279569892473118, 216.65591397849462, 216.1290322580645
588, 506.8748227381386, 152.09417741935488, 1.5591397849462365, 216.36559139784947, 215.9784946236559
589, 506.6084032251529, 151.98926236559134, 1.7849462365591398, 215.74193548387098, 217.67741935483872
590, 506.34198371216723, 151.73113870967737, 1.5161290322580645, 215.4516129032258, 217.61290322580646
591, 506.07556419918154, 151.6098591397849, 2.053763440860215, 214.65591397849462, 219.23655913978496
592, 505.80914468619585, 151.14881505376334, 1.6344086021505377, 214.16129032258064, 218.83870967741936
593, 505.54272517321016, 150.45995483870968, 1.5268817204301075, 212.88172043010752, 219.66666666666666
594, 505.27630566022447, 149.8053333333334, 0.967741935483871, 212.18279569892474, 218.98924731182797
595, 505.0098861472387, 150.33195376344094, 1.6451612903225807, 212.43010752688173, 220.55913978494624
596, 504.7434666342531, 149.79481935483872, 1.1612903225806452, 211.83870967741936, 220.16129032258064
597, 504.47704712126733, 149.51921505376347, 1.6129032258064515, 210.68817204301075, 222.48387096774192
598, 504.2106276082817, 149.12418817204298, 1.3440860215053763, 210.20430107526883, 222.21505376344086
599, 503.94420809529595, 149.02832580645162, 1.4731182795698925, 209.79569892473117, 223.13978494623655
600, 503.67778858231026, 148.6323236559139, 1.2795698924731183, 209.30107526881721, 222.72043010752688
601, 503.41136906932456, 148.22141182795696, 1.2580645161290323, 208.36559139784947, 223.98924731182797
602, 503.1449495563389, 147.60698172043013, 0.9354838709677419, 207.6021505376344, 223.3763440860215
603, 502.8785300433532, 147.19461075268822, 1.2043010752688172, 206.4516129032258, 224.9784946236559
604, 502.6121105303675, 147.1022333333333, 1.2150537634408602, 206.23655913978496, 225.247311827957
605, 502.3456910173818, 147.5489612903226, 1.89247311827957, 206.18279569892474, 227.66666666666666
606, 502.07927150439605, 147.11978924731184, 1.5698924731182795, 205.6451612903226, 227.51612903225808
607, 501.8128519914104, 146.9895419354839, 1.7849462365591398, 204.94623655913978, 229.40860215053763
608, 501.54643247842466, 146.44801720430104, 1.3333333333333333, 204.32258064516128, 229.05376344086022
609, 501.280012965439, 146.3468838709677, 1.6989247311827957, 203.69892473118279, 230.41935483870967
610, 501.0135934524533, 145.45103870967742, 1.010752688172043, 202.68817204301075, 229.56989247311827
611, 500.7471739394676, 144.59014623655918, 0.9032258064516129, 201.31182795698925, 229.38709677419354
612, 500.4807544264819, 144.5143010752688, 0.8602150537634409, 201.13978494623655, 229.72043010752688
613, 500.2143349134962, 145.1465354838709, 1.8494623655913978, 201.10752688172042, 232.83870967741936
614, 499.9479154005105, 144.29606344086017, 1.1935483870967742, 200.10752688172042, 232.247311827957
615, 499.68149588752476, 144.21701505376342, 1.3548387096774193, 199.68817204301075, 233.29032258064515
616, 499.4150763745391, 143.86774516129032, 1.1505376344086022, 199.247311827957, 233.03225806451613
617, 499.1486568615534, 143.87741935483874, 1.3978494623655915, 198.78494623655914, 234.8494623655914
618, 498.88223734856774, 143.9328623655914, 1.4838709677419355, 198.7311827956989, 235.38709677419354
619, 498.615817835582, 143.31390645161278, 1.5806451612903225, 197.32258064516128, 236.95698924731184
620, 498.34939832259636, 142.88589462365587, 1.3763440860215055, 196.72043010752688, 236.83870967741936
621, 498.0829788096106, 142.1618580645161, 1.096774193548387, 195.38709677419354, 238.08602150537635
622, 497.8165592966249, 141.61363978494614, 0.8064516129032258, 194.63440860215053, 237.91397849462365
623, 497.5501397836392, 142.46284623655922, 2.075268817204301, 194.80645161290323, 241.1505376344086
624, 497.28372027065353, 140.86571075268816, 0.956989247311828, 192.91397849462365, 239.81720430107526
625, 497.01730075766784, 140.6596935483871, 1.881720430107527, 191.72043010752688, 241.7311827956989
626, 496.7508812446821, 139.68717956989246, 1.2150537634408602, 190.58064516129033, 240.81720430107526
627, 496.48446173169646, 139.48620322580643, 1.6236559139784945, 189.81720430107526, 241.91397849462365
628, 496.2180422187107, 138.0398569892473, 1.0, 187.88172043010752, 240.8279569892473
629, 495.9516227057251, 137.07392043010753, 1.118279569892473, 185.94623655913978, 242.01075268817203
630, 495.6852031927393, 136.98708924731184, 1.2580645161290323, 185.59139784946237, 242.70967741935485
631, 495.41878367975363, 137.57253333333333, 2.193548387096774, 185.69892473118279, 244.83870967741936
632, 495.15236416676794, 137.78494301075276, 2.2903225806451615, 185.89247311827958, 245.4516129032258
633, 494.88594465378225, 136.8517376344086, 1.978494623655914, 184.21505376344086, 246.72043010752688
634, 494.61952514079655, 134.6350698924731, 0.6989247311827957, 181.4516129032258, 244.86021505376345
635, 494.35310562781086, 134.5559956989247, 1.010752688172043, 180.76344086021504, 246.89247311827958
636, 494.08668611482517, 135.2516967741935, 1.5268817204301075, 181.46236559139786, 248.04301075268816
637, 493.8202666018394, 134.9325311827957, 1.6774193548387097, 180.59139784946237, 249.33333333333334
638, 493.5538470888538, 134.26362365591405, 1.1827956989247312, 179.72043010752688, 249.247311827957
639, 493.28742757586804, 133.4784397849462, 1.7311827956989247, 178.04301075268816, 249.55913978494624
640, 493.0210080628824, 132.62029032258056, 0.967741935483871, 176.96774193548387, 249.56989247311827
641, 492.75458854989665, 132.1025301075269, 1.5806451612903225, 175.53763440860214, 250.78494623655914
642, 492.48816903691096, 131.356540860215, 1.2580645161290323, 174.46236559139786, 250.6236559139785
643, 492.22174952392527, 131.13835591397847, 1.8172043010752688, 173.6451612903226, 251.4516129032258
644, 491.9553300109396, 130.25512903225808, 1.5053763440860215, 172.31182795698925, 251.38709677419354
645, 491.6889104979539, 129.55280107526877, 1.6666666666666667, 170.8494623655914, 252.33333333333334
646, 491.4224909849682, 128.29808817204295, 1.1612903225806452, 169.0215053763441, 252.06451612903226
647, 491.1560714719825, 127.04801720430105, 1.2258064516129032, 166.89247311827958, 251.89247311827958
648, 490.88965195899675, 126.55386774193553, 0.8924731182795699, 166.18279569892474, 252.08602150537635
649, 490.6232324460111, 126.01311612903231, 1.5268817204301075, 164.752688172043, 253.04301075268816
650, 490.35681293302537, 124.9906365591398, 1.1612903225806452, 163.31182795698925, 252.4516129032258
651, 490.09039342003973, 124.49874193548385, 2.043010752688172, 161.8494623655914, 253.3548387096774
652, 489.823973907054, 123.18075913978495, 1.118279569892473, 160.13978494623655, 253.0215053763441
653, 489.5575543940683, 122.18131290322579, 0.956989247311828, 158.40860215053763, 253.59139784946237
654, 489.2911348810826, 121.76617741935473, 1.021505376344086, 157.7311827956989, 253.2688172043011
655, 489.0247153680969, 121.81692150537633, 2.2903225806451615, 157.01075268817203, 254.09677419354838
656, 488.7582958551112, 120.63483010752681, 1.3763440860215055, 155.46236559139786, 254.09677419354838
657, 488.4918763421255, 119.59675913978492, 1.978494623655914, 153.32258064516128, 254.43010752688173
658, 488.22545682913983, 118.30674408602155, 1.1612903225806452, 151.65591397849462, 253.83870967741936
659, 487.9590373161541, 116.89661505376347, 1.3763440860215055, 149.29032258064515, 253.08602150537635
660, 487.69261780316845, 115.58977204301077, 0.8817204301075269, 147.4516129032258, 252.38709677419354
661, 487.4261982901827, 115.47425483870978, 1.3225806451612903, 146.67741935483872, 254.20430107526883
662, 487.15977877719706, 114.7550043010753, 1.2473118279569892, 145.49462365591398, 254.18279569892474
663, 486.8933592642113, 114.4430247311829, 1.7956989247311828, 144.61290322580646, 254.5483870967742
664, 486.6269397512256, 113.62493978494624, 1.4623655913978495, 143.4516129032258, 254.2258064516129
665, 486.3605202382399, 112.72643333333336, 1.2580645161290323, 141.9247311827957, 254.74193548387098
666, 486.09410072525424, 112.25248279569892, 1.086021505376344, 141.2258064516129, 254.63440860215053
667, 485.82768121226854, 111.66561827956993, 1.6666666666666667, 139.90322580645162, 254.7741935483871
668, 485.5612616992828, 110.7183129032258, 1.1720430107526882, 138.59139784946237, 254.51612903225808
669, 485.29484218629716, 110.36284731182788, 1.8494623655913978, 137.56989247311827, 254.88172043010752
670, 485.0284226733114, 109.0519215053763, 1.0, 135.81720430107526, 254.63440860215053
671, 484.7620031603258, 107.7976774193548, 1.3978494623655915, 133.49462365591398, 254.5483870967742
672, 484.49558364734, 107.19248602150535, 1.3763440860215055, 132.4516129032258, 254.66666666666666
673, 484.22916413435433, 106.40268064516131, 2.010752688172043, 130.72043010752688, 254.98924731182797
674, 483.96274462136864, 104.64948064516128, 1.10752688172043, 128.2688172043011, 254.6021505376344
675, 483.69632510838295, 103.23761935483873, 1.118279569892473, 125.86021505376344, 254.59139784946237
676, 483.42990559539726, 102.0942204301075, 1.1290322580645162, 123.95698924731182, 254.33333333333334
677, 483.16348608241157, 100.65651075268823, 1.2365591397849462, 121.35483870967742, 254.83870967741936
678, 482.8970665694259, 99.31522580645158, 1.2903225806451613, 119.09677419354838, 254.55913978494624
679, 482.6306470564401, 97.56382150537635, 1.5698924731182795, 116.0, 254.40860215053763
680, 482.3642275434545, 95.59640430107532, 1.2258064516129032, 112.89247311827957, 254.05376344086022
681, 482.09780803046874, 93.05058064516125, 0.8602150537634409, 108.73118279569893, 254.10752688172042
682, 481.8313885174831, 90.65859892473121, 0.8924731182795699, 104.6774193548387, 253.91397849462365
683, 481.56496900449736, 89.17712473118283, 1.3333333333333333, 101.86021505376344, 254.2688172043011
684, 481.29854949151166, 86.9268344086022, 1.010752688172043, 98.24731182795699, 253.9784946236559
685, 481.032129978526, 84.6666322580645, 0.8817204301075269, 94.39784946236558, 254.31182795698925
686, 480.7657104655403, 83.47415053763439, 1.6129032258064515, 92.01075268817205, 254.2258064516129
687, 480.4992909525546, 80.9738311827957, 1.043010752688172, 87.98924731182795, 254.49462365591398
688, 480.2328714395689, 79.6313505376344, 1.010752688172043, 85.73118279569893, 254.43010752688173
689, 479.9664519265832, 78.04895483870966, 1.5268817204301075, 82.72043010752688, 254.69892473118279
690, 479.70003241359746, 76.5699827956989, 1.2473118279569892, 80.38709677419355, 254.4731182795699
691, 479.4336129006118, 74.89386989247309, 1.5161290322580645, 77.36559139784946, 254.6236559139785
692, 479.16719338762607, 72.91628064516128, 1.1720430107526882, 74.23655913978494, 254.29032258064515
693, 478.90077387464044, 71.62542043010748, 1.8172043010752688, 71.61290322580645, 254.78494623655914
694, 478.6343543616547, 68.6298698924731, 0.978494623655914, 67.05376344086021, 254.18279569892474
695, 478.367934848669, 66.90215268817204, 1.2688172043010753, 63.935483870967744, 254.32258064516128
696, 478.1015153356833, 64.64919247311828, 0.978494623655914, 60.24731182795699, 254.31182795698925
697, 477.8350958226976, 61.805905376344136, 0.946236559139785, 55.44086021505376, 254.20430107526883
698, 477.5686763097119, 59.294297849462396, 1.0, 51.18279569892473, 253.95698924731184
699, 477.3022567967262, 57.40285161290321, 1.2688172043010753, 47.75268817204301, 254.32258064516128
700, 477.03583728374053, 55.15766236559139, 1.118279569892473, 44.01075268817204, 254.29032258064515
701, 476.7694177707548, 52.483602150537656, 0.8602150537634409, 39.645161290322584, 253.98924731182797
702, 476.50299825776915, 50.61468924731183, 0.7419354838709677, 36.55913978494624, 253.79569892473117
703, 476.2365787447834, 49.4754129032258, 1.5698924731182795, 34.086021505376344, 254.36559139784947
704, 475.97015923179777, 47.15932258064513, 1.3978494623655915, 30.301075268817204, 253.98924731182797
705, 475.703739718812, 45.029054838709655, 1.4946236559139785, 26.591397849462364, 254.1505376344086
706, 475.4373202058263, 43.269036559139785, 1.5698924731182795, 23.623655913978496, 253.79569892473117
707, 475.17090069284063, 40.729821505376336, 1.032258064516129, 19.559139784946236, 253.86021505376345
708, 474.90448117985494, 38.8353, 1.3010752688172043, 16.236559139784948, 253.6451612903226
709, 474.63806166686925, 36.28409569892473, 2.161290322580645, 11.333333333333334, 254.25806451612902
710, 474.3716421538835, 33.2068860215054, 1.1397849462365592, 6.698924731182796, 253.80645161290323
711, 474.10522264089786, 31.385394623655927, 1.2150537634408602, 3.7204301075268815, 252.96774193548387
712, 473.8388031279121, 30.499436559139806, 1.010752688172043, 2.3548387096774195, 252.76344086021504
713, 473.5723836149265, 30.537556989247307, 1.8494623655913978, 1.89247311827957, 253.27956989247312
714, 473.30596410194073, 30.301915053763445, 1.8172043010752688, 1.5053763440860215, 253.29032258064515
715, 473.0395445889551, 30.23851720430105, 1.924731182795699, 1.3655913978494623, 253.1720430107527
716, 472.77312507596935, 30.361573118279555, 2.118279569892473, 1.4516129032258065, 253.30107526881721
717, 472.50670556298365, 30.598558064516116, 2.2688172043010755, 1.7849462365591398, 253.2688172043011
718, 472.24028604999796, 30.766688172042997, 2.4731182795698925, 1.881720430107527, 253.70967741935485
719, 471.97386653701227, 30.49051075268817, 2.096774193548387, 1.6989247311827957, 253.21505376344086
720, 471.7074470240266, 30.00877419354838, 1.6129032258064515, 1.1935483870967742, 252.86021505376345
721, 471.44102751104083, 30.41473333333333, 2.129032258064516, 1.5053763440860215, 253.46236559139786
722, 471.1746079980552, 30.282552688172032, 1.89247311827957, 1.4946236559139785, 252.9784946236559
723, 470.90818848506945, 30.297117204301053, 2.053763440860215, 1.4623655913978495, 252.8494623655914
724, 470.6417689720838, 30.305622580645146, 2.053763440860215, 1.6021505376344085, 252.20430107526883
725, 470.37534945909806, 30.53168924731183, 2.4623655913978495, 1.7311827956989247, 252.4516129032258
726, 470.10892994611237, 29.834576344086024, 1.6559139784946237, 1.1505376344086022, 251.44086021505376
727, 469.8425104331267, 30.626221505376336, 2.6236559139784945, 1.8602150537634408, 252.19354838709677
728, 469.576090920141, 30.06014193548386, 1.913978494623656, 1.3010752688172043, 251.96774193548387
729, 469.3096714071553, 30.271930107526885, 2.204301075268817, 1.5161290322580645, 251.95698924731184
730, 469.0432518941696, 29.96276666666667, 1.7956989247311828, 1.2580645161290323, 251.6451612903226
731, 468.7768323811839, 30.545086021505348, 2.5806451612903225, 1.881720430107527, 251.48387096774192
732, 468.51041286819816, 29.960650537634415, 1.881720430107527, 1.2795698924731183, 251.29032258064515
733, 468.2439933552125, 30.015407526881727, 1.946236559139785, 1.4193548387096775, 250.88172043010752
734, 467.9775738422268, 30.239123655913982, 2.204301075268817, 1.6774193548387097, 250.83870967741936
735, 467.71115432924114, 29.67682580645162, 1.6344086021505377, 1.118279569892473, 250.27956989247312
736, 467.4447348162554, 29.852163440860217, 1.8064516129032258, 1.2688172043010753, 250.59139784946237
737, 467.1783153032697, 30.37910107526882, 2.4301075268817205, 1.903225806451613, 250.31182795698925
738, 466.911895790284, 30.2642247311828, 2.2688172043010755, 1.7311827956989247, 250.61290322580646
739, 466.6454762772983, 30.06017634408604, 2.10752688172043, 1.5053763440860215, 250.40860215053763
740, 466.3790567643126, 29.919233333333356, 1.967741935483871, 1.4408602150537635, 249.8709677419355
741, 466.11263725132693, 29.843153763440867, 2.010752688172043, 1.4731182795698925, 248.9247311827957
742, 465.84621773834124, 29.811844086021512, 1.989247311827957, 1.4516129032258065, 248.81720430107526
743, 465.5797982253555, 29.72534193548388, 1.956989247311828, 1.4731182795698925, 248.03225806451613
744, 465.31337871236985, 29.71482258064516, 1.989247311827957, 1.4408602150537635, 248.0215053763441
745, 465.0469591993841, 29.150898924731184, 1.4408602150537635, 1.1290322580645162, 246.11827956989248
746, 464.78053968639847, 29.21100537634408, 1.5591397849462365, 1.2150537634408602, 245.89247311827958
747, 464.5141201734127, 29.24623010752687, 1.6774193548387097, 1.2795698924731183, 245.55913978494624
748, 464.24770066042703, 29.24822258064516, 1.6451612903225807, 1.3870967741935485, 245.10752688172042
749, 463.98128114744134, 29.30147096774195, 1.956989247311828, 1.3440860215053763, 244.9784946236559
750, 463.71486163445564, 28.84132688172042, 1.4623655913978495, 1.0, 244.01075268817203
751, 463.44844212146995, 28.756880645161296, 1.5161290322580645, 1.0, 243.1290322580645
752, 463.18202260848426, 29.15416021505376, 1.946236559139785, 1.3763440860215055, 243.5483870967742
753, 462.91560309549857, 29.114344086021507, 2.150537634408602, 1.3548387096774193, 242.7741935483871
754, 462.6491835825128, 28.752836559139784, 1.7419354838709677, 1.118279569892473, 241.89247311827958
755, 462.3827640695272, 29.018418279569886, 2.053763440860215, 1.4516129032258065, 241.68817204301075
756, 462.11634455654143, 28.66632150537634, 1.7311827956989247, 1.1935483870967742, 240.7741935483871
757, 461.8499250435558, 28.844354838709673, 2.150537634408602, 1.4086021505376345, 240.1290322580645
758, 461.58350553057005, 28.798352688172063, 2.064516129032258, 1.4408602150537635, 239.78494623655914
759, 461.31708601758436, 28.64828064516131, 1.924731182795699, 1.3440860215053763, 239.33333333333334
760, 461.05066650459867, 28.319175268817204, 1.5806451612903225, 1.086021505376344, 238.67741935483872
761, 460.784246991613, 28.36298064516129, 1.6989247311827957, 1.1505376344086022, 238.41935483870967
762, 460.5178274786273, 28.700421505376365, 2.021505376344086, 1.4838709677419355, 238.81720430107526
763, 460.25140796564153, 28.286565591397864, 1.6559139784946237, 1.1612903225806452, 237.80645161290323
764, 459.9849884526559, 28.515612903225808, 1.935483870967742, 1.3548387096774193, 238.08602150537635
765, 459.71856893967015, 28.695968817204296, 2.3548387096774195, 1.6344086021505377, 237.1290322580645
766, 459.4521494266845, 28.277106451612898, 1.946236559139785, 1.2688172043010753, 236.40860215053763
767, 459.18572991369876, 27.99818602150539, 1.7956989247311828, 1.064516129032258, 235.40860215053763
768, 458.9193104007131, 28.537273118279572, 2.3225806451612905, 1.5913978494623655, 236.04301075268816
769, 458.6528908877274, 27.972569892473118, 1.8279569892473118, 1.2258064516129032, 234.2688172043011
770, 458.3864713747417, 27.919904301075274, 1.8172043010752688, 1.1290322580645162, 234.33333333333334
771, 458.120051861756, 27.529061290322584, 1.3225806451612903, 0.967741935483871, 233.03225806451613
772, 457.8536323487703, 28.001567741935496, 1.956989247311828, 1.3118279569892473, 233.74193548387098
773, 457.5872128357846, 27.92595161290322, 1.989247311827957, 1.3440860215053763, 232.8279569892473
774, 457.32079332279886, 28.027752688172036, 2.043010752688172, 1.4838709677419355, 232.86021505376345
775, 457.0543738098132, 27.459318279569885, 1.5483870967741935, 1.043010752688172, 231.44086021505376
776, 456.7879542968275, 27.55631397849463, 1.5913978494623655, 1.1612903225806452, 231.56989247311827
777, 456.52153478384184, 27.893945161290333, 2.161290322580645, 1.4838709677419355, 231.3763440860215
778, 456.2551152708561, 27.624025806451616, 1.7849462365591398, 1.2365591397849462, 231.2688172043011
779, 455.9886957578704, 27.551760215053754, 2.075268817204301, 1.1827956989247312, 230.1505376344086
780, 455.7222762448847, 27.206352688172043, 1.6344086021505377, 0.946236559139785, 229.49462365591398
781, 455.455856731899, 27.58750322580646, 2.2795698924731185, 1.2795698924731183, 229.43010752688173
782, 455.1894372189133, 27.394352688172035, 2.064516129032258, 1.053763440860215, 229.46236559139786
783, 454.92301770592763, 27.44838924731182, 2.236559139784946, 1.2795698924731183, 228.32258064516128
784, 454.65659819294194, 26.89853655913978, 1.6236559139784945, 0.8387096774193549, 227.3763440860215
785, 454.3901786799562, 27.3820311827957, 2.2688172043010755, 1.2795698924731183, 227.65591397849462
786, 454.12375916697056, 27.213236559139798, 2.043010752688172, 1.1612903225806452, 227.3763440860215
787, 453.8573396539848, 27.42603655913979, 2.3225806451612905, 1.4086021505376345, 227.23655913978496
788, 453.5909201409992, 26.98020537634408, 1.8172043010752688, 1.086021505376344, 226.31182795698925
789, 453.3245006280134, 27.339812903225802, 2.4086021505376345, 1.6021505376344085, 225.25806451612902
790, 453.05808111502773, 26.675998924731196, 1.7311827956989247, 1.0, 224.31182795698925
791, 452.79166160204204, 27.064301075268826, 2.150537634408602, 1.3978494623655915, 224.56989247311827
792, 452.52524208905635, 26.921351612903226, 1.967741935483871, 1.3225806451612903, 224.18279569892474
793, 452.25882257607066, 26.442121505376335, 1.5806451612903225, 0.8494623655913979, 223.43010752688173
794, 451.99240306308496, 26.627337634408597, 1.7849462365591398, 1.086021505376344, 223.30107526881721
795, 451.7259835500993, 26.676251612903236, 1.89247311827957, 1.2795698924731183, 222.4516129032258
796, 451.4595640371135, 26.633561290322582, 1.8064516129032258, 1.2903225806451613, 222.247311827957
797, 451.1931445241279, 26.465206451612907, 1.8064516129032258, 1.1935483870967742, 221.2688172043011
798, 450.92672501114214, 26.51616451612903, 1.7956989247311828, 1.2795698924731183, 221.30107526881721
799, 450.6603054981565, 26.53133118279571, 1.956989247311828, 1.3548387096774193, 220.6236559139785
800, 450.39388598517075, 26.405130107526894, 1.924731182795699, 1.2043010752688172, 220.3763440860215
801, 450.12746647218506, 26.339248387096784, 1.924731182795699, 1.1505376344086022, 220.0752688172043
802, 449.86104695919937, 26.253368817204308, 1.7956989247311828, 1.10752688172043, 219.88172043010752
803, 449.5946274462137, 26.297410752688183, 1.913978494623656, 1.2580645161290323, 219.18279569892474
804, 449.328207933228, 26.24123225806452, 1.8709677419354838, 1.1612903225806452, 219.30107526881721
805, 449.06178842024224, 26.640226881720437, 2.5698924731182795, 1.5268817204301075, 219.08602150537635
806, 448.7953689072566, 26.22520645161291, 2.129032258064516, 1.1612903225806452, 218.48387096774192
807, 448.52894939427085, 26.110455913978498, 2.0, 1.1505376344086022, 217.8709677419355
808, 448.2625298812852, 25.66409462365592, 1.5268817204301075, 0.8064516129032258, 216.96774193548387
809, 447.99611036829947, 26.094537634408596, 1.935483870967742, 1.2043010752688172, 217.6236559139785
810, 447.72969085531383, 25.82937634408602, 1.7204301075268817, 0.9247311827956989, 217.30107526881721
811, 447.4632713423281, 26.183596774193553, 2.096774193548387, 1.5161290322580645, 216.3763440860215
812, 447.1968518293424, 25.96803870967743, 1.8709677419354838, 1.3870967741935485, 215.74193548387098
813, 446.9304323163567, 25.79462795698925, 1.7849462365591398, 1.2795698924731183, 215.0
814, 446.664012803371, 25.80072688172042, 1.8709677419354838, 1.2795698924731183, 214.8279569892473
815, 446.3975932903853, 25.977431182795705, 2.247311827956989, 1.4516129032258065, 214.50537634408602
816, 446.13117377739957, 25.48670322580645, 1.6774193548387097, 1.064516129032258, 213.68817204301075
817, 445.86475426441393, 25.487881720430106, 1.8279569892473118, 1.010752688172043, 213.58064516129033
818, 445.5983347514282, 25.182004301075267, 1.4623655913978495, 0.8387096774193549, 212.74193548387098
819, 445.33191523844255, 25.652375268817206, 2.053763440860215, 1.2365591397849462, 213.2688172043011
820, 445.0654957254568, 25.446258064516133, 1.8279569892473118, 1.086021505376344, 212.8279569892473
821, 444.7990762124711, 25.79367849462367, 2.4623655913978495, 1.3548387096774193, 212.8279569892473
822, 444.5326566994854, 25.37391935483871, 1.989247311827957, 0.989247311827957, 212.2688172043011
823, 444.2662371864997, 25.12405053763441, 1.6451612903225807, 0.8494623655913979, 211.69892473118279
824, 443.99981767351403, 25.34469999999999, 1.924731182795699, 1.053763440860215, 211.8494623655914
825, 443.73339816052834, 25.805049462365588, 2.4086021505376345, 1.5268817204301075, 212.18279569892474
826, 443.46697864754265, 25.242853763440856, 1.7849462365591398, 1.053763440860215, 211.32258064516128
827, 443.2005591345569, 25.232709677419344, 1.8279569892473118, 1.2150537634408602, 210.29032258064515
828, 442.93413962157126, 25.054274193548387, 1.6666666666666667, 1.053763440860215, 209.9784946236559
829, 442.6677201085855, 24.926950537634394, 1.6774193548387097, 0.946236559139785, 209.38709677419354
830, 442.4013005955999, 25.67449139784945, 2.5053763440860215, 1.5913978494623655, 210.4516129032258
831, 442.13488108261413, 25.309180645161305, 2.3870967741935485, 1.2903225806451613, 209.10752688172042
832, 441.86846156962844, 24.607035483870963, 1.5806451612903225, 0.7741935483870968, 207.72043010752688
833, 441.60204205664274, 25.398698924731185, 2.5806451612903225, 1.4946236559139785, 208.33333333333334
834, 441.33562254365705, 24.902135483870968, 1.978494623655914, 1.043010752688172, 207.88172043010752
835, 441.06920303067136, 25.098768817204306, 2.3118279569892475, 1.2688172043010753, 207.56989247311827
836, 440.80278351768567, 24.960804301075274, 2.2795698924731185, 1.075268817204301, 207.44086021505376
837, 440.5363640047, 25.005511827956983, 2.5161290322580645, 1.2043010752688172, 206.5483870967742
838, 440.2699444917142, 24.769108602150535, 2.139784946236559, 1.053763440860215, 206.23655913978496
839, 440.0035249787286, 24.839503225806453, 2.2795698924731185, 1.1505376344086022, 205.98924731182797
840, 439.73710546574284, 25.068550537634398, 2.5591397849462365, 1.3440860215053763, 206.2688172043011
841, 439.4706859527572, 24.75237741935484, 2.247311827956989, 1.2795698924731183, 204.6451612903226
842, 439.20426643977146, 25.018729032258072, 2.4946236559139785, 1.4946236559139785, 205.2258064516129
843, 438.93784692678577, 24.398109677419352, 1.913978494623656, 1.010752688172043, 203.79569892473117
844, 438.6714274138001, 24.4445623655914, 2.010752688172043, 1.032258064516129, 203.83870967741936
845, 438.4050079008144, 24.631821505376333, 2.3225806451612905, 1.3010752688172043, 203.27956989247312
846, 438.1385883878287, 24.605882795698925, 2.247311827956989, 1.3870967741935485, 202.80645161290323
847, 437.872168874843, 24.143605376344073, 1.903225806451613, 1.010752688172043, 201.59139784946237
848, 437.6057493618573, 23.857506451612892, 1.6021505376344085, 0.7956989247311828, 200.9784946236559
849, 437.33932984887156, 24.479484946236553, 2.4623655913978495, 1.4193548387096775, 200.96774193548387
850, 437.0729103358859, 24.07642795698925, 1.956989247311828, 1.1612903225806452, 200.08602150537635
851, 436.8064908229002, 24.318348387096776, 2.21505376344086, 1.4086021505376345, 200.25806451612902
852, 436.54007130991454, 24.04253763440859, 1.935483870967742, 1.2043010752688172, 199.6236559139785
853, 436.2736517969288, 24.268797849462356, 2.4516129032258065, 1.4731182795698925, 198.8709677419355
854, 436.0072322839431, 23.950724731182785, 2.10752688172043, 1.2150537634408602, 198.31182795698925
855, 435.7408127709574, 23.845724731182806, 2.10752688172043, 1.3118279569892473, 196.89247311827958
856, 435.4743932579717, 23.57418924731183, 1.8709677419354838, 1.10752688172043, 196.18279569892474
857, 435.207973744986, 23.997369892473117, 2.5376344086021505, 1.5161290322580645, 196.04301075268816
858, 434.94155423200027, 23.5955376344086, 1.935483870967742, 1.3010752688172043, 195.20430107526883
859, 434.67513471901464, 23.628464516129032, 2.236559139784946, 1.3333333333333333, 194.53763440860214
860, 434.4087152060289, 22.93761397849462, 1.3870967741935485, 0.7956989247311828, 193.4731182795699
861, 434.14229569304325, 23.371608602150534, 2.086021505376344, 1.1290322580645162, 193.7311827956989
862, 433.8758761800575, 22.97736344086023, 1.5268817204301075, 0.8924731182795699, 192.95698924731184
863, 433.60945666707187, 23.480378494623654, 2.236559139784946, 1.4193548387096775, 192.79569892473117
864, 433.3430371540861, 22.899439784946242, 1.6236559139784945, 1.096774193548387, 190.96774193548387
865, 433.0766176411004, 22.808864516129027, 1.6774193548387097, 1.096774193548387, 190.03225806451613
866, 432.81019812811473, 22.78632365591398, 1.7096774193548387, 1.1505376344086022, 189.4731182795699
867, 432.54377861512904, 22.73956989247313, 1.7204301075268817, 1.3118279569892473, 188.20430107526883
868, 432.27735910214335, 22.8990440860215, 1.924731182795699, 1.5483870967741935, 187.8494623655914
869, 432.0109395891576, 22.43604731182795, 1.7849462365591398, 1.2150537634408602, 185.8709677419355
870, 431.74452007617197, 22.531061290322576, 1.967741935483871, 1.3548387096774193, 185.50537634408602
871, 431.4781005631862, 22.06764301075269, 1.6344086021505377, 1.010752688172043, 184.08602150537635
872, 431.2116810502006, 22.139673118279568, 1.7634408602150538, 1.032258064516129, 184.2688172043011
873, 430.94526153721483, 21.991118279569893, 1.7204301075268817, 1.053763440860215, 182.96774193548387
874, 430.67884202422914, 21.72466881720431, 1.4838709677419355, 0.8602150537634409, 182.247311827957
875, 430.41242251124345, 21.830261290322582, 1.6881720430107527, 1.1720430107526882, 181.03225806451613
876, 430.14600299825776, 21.747364516129036, 1.6236559139784945, 1.10752688172043, 180.80645161290323
877, 429.87958348527206, 21.97182365591398, 2.086021505376344, 1.4946236559139785, 179.56989247311827
878, 429.6131639722864, 21.428180645161284, 1.5268817204301075, 0.978494623655914, 178.9247311827957
879, 429.3467444593007, 21.420690322580647, 1.6989247311827957, 1.118279569892473, 177.68817204301075
880, 429.08032494631493, 21.663903225806454, 1.935483870967742, 1.3870967741935485, 177.81720430107526
881, 428.8139054333293, 21.148437634408612, 1.4301075268817205, 1.1505376344086022, 175.83870967741936
882, 428.54748592034355, 21.658930107526885, 1.989247311827957, 1.5913978494623655, 176.58064516129033
883, 428.2810664073579, 21.447997849462364, 2.064516129032258, 1.3440860215053763, 175.80645161290323
884, 428.01464689437216, 20.83039569892473, 1.4193548387096775, 0.946236559139785, 174.1290322580645
885, 427.74822738138647, 21.222491397849467, 2.6129032258064515, 1.1505376344086022, 173.38709677419354
886, 427.4818078684008, 21.30930215053763, 2.6774193548387095, 1.3010752688172043, 173.20430107526883
887, 427.2153883554151, 21.01777526881721, 2.4623655913978495, 1.1290322580645162, 172.09677419354838
888, 426.9489688424294, 20.735304301075267, 2.118279569892473, 0.946236559139785, 171.46236559139786
889, 426.6825493294437, 21.021517204301073, 2.5698924731182795, 1.3333333333333333, 170.79569892473117
890, 426.416129816458, 20.780859139784944, 2.3763440860215055, 1.10752688172043, 170.3548387096774
891, 426.14971030347226, 20.285158064516136, 1.8602150537634408, 0.9247311827956989, 168.30107526881721
892, 425.8832907904866, 20.338360215053765, 1.989247311827957, 1.064516129032258, 167.70967741935485
893, 425.6168712775009, 20.594870967741947, 2.2580645161290325, 1.5483870967741935, 166.76344086021504
894, 425.35045176451524, 20.350522580645162, 2.086021505376344, 1.3763440860215055, 165.95698924731184
895, 425.0840322515295, 20.51813763440861, 2.3870967741935485, 1.6881720430107527, 165.03225806451613
896, 424.8176127385438, 19.379402150537633, 1.1397849462365592, 0.7634408602150538, 163.0752688172043
897, 424.5511932255581, 20.041905376344086, 2.129032258064516, 1.4301075268817205, 162.86021505376345
898, 424.2847737125724, 19.717007526881723, 1.7526881720430108, 1.1935483870967742, 162.21505376344086
899, 424.0183541995867, 19.341040860215063, 1.4193548387096775, 0.946236559139785, 161.06451612903226
900, 423.751934686601, 19.5489247311828, 1.7204301075268817, 1.2473118279569892, 160.5483870967742
901, 423.48551517361534, 19.32845268817205, 1.7096774193548387, 1.086021505376344, 159.4731182795699
902, 423.2190956606296, 19.397176344086024, 1.89247311827957, 1.1935483870967742, 159.04301075268816
903, 422.95267614764396, 18.79559784946237, 1.5483870967741935, 0.6989247311827957, 157.21505376344086
904, 422.6862566346582, 18.912938709677416, 1.6881720430107527, 0.8172043010752689, 157.2688172043011
905, 422.4198371216726, 19.32432903225806, 2.3010752688172045, 1.3333333333333333, 156.61290322580646
906, 422.1534176086868, 19.04076559139785, 1.913978494623656, 1.1935483870967742, 155.86021505376345
907, 421.88699809570113, 18.69280645161291, 1.6129032258064515, 1.1612903225806452, 153.76344086021504
908, 421.62057858271544, 18.835613978494624, 1.8172043010752688, 1.3548387096774193, 153.48387096774192
909, 421.35415906972975, 18.946503225806463, 2.172043010752688, 1.4946236559139785, 152.80645161290323
910, 421.08773955674405, 18.333176344086027, 1.5698924731182795, 1.096774193548387, 151.05376344086022
911, 420.8213200437583, 18.075091397849455, 1.881720430107527, 0.8387096774193549, 149.30107526881721
912, 420.55490053077267, 17.990161290322575, 1.7204301075268817, 0.9139784946236559, 148.59139784946237
913, 420.2884810177869, 18.552238709677415, 2.4516129032258065, 1.5806451612903225, 148.1720430107527
914, 420.0220615048013, 17.673353763440865, 1.6236559139784945, 0.9247311827956989, 146.01075268817203
915, 419.75564199181554, 18.19542258064516, 2.5483870967741935, 1.3870967741935485, 145.78494623655914
916, 419.48922247882984, 18.16072580645161, 2.5268817204301075, 1.5268817204301075, 144.81720430107526
917, 419.22280296584415, 17.362274193548387, 1.881720430107527, 0.946236559139785, 142.49462365591398
918, 418.95638345285846, 17.397320430107523, 1.956989247311828, 1.10752688172043, 141.7741935483871
919, 418.68996393987277, 17.21021720430108, 1.913978494623656, 1.096774193548387, 140.30107526881721
920, 418.4235444268871, 16.99901935483872, 1.7419354838709677, 1.0, 139.3978494623656
921, 418.1571249139014, 17.4860376344086, 2.5268817204301075, 1.5698924731182795, 138.67741935483872
922, 417.89070540091564, 16.92714623655914, 1.978494623655914, 1.1935483870967742, 137.1505376344086
923, 417.62428588793, 16.810678494623648, 2.139784946236559, 1.096774193548387, 136.20430107526883
924, 417.35786637494425, 16.671594623655913, 2.010752688172043, 1.096774193548387, 135.32258064516128
925, 417.0914468619586, 16.460024731182795, 2.010752688172043, 1.053763440860215, 133.68817204301075
926, 416.82502734897287, 16.230835483870973, 1.7526881720430108, 0.978494623655914, 132.74193548387098
927, 416.5586078359872, 16.365964516129033, 2.075268817204301, 1.2365591397849462, 131.752688172043
928, 416.2921883230015, 16.059691397849456, 1.7956989247311828, 1.043010752688172, 130.79569892473117
929, 416.0257688100158, 16.327218279569887, 2.225806451612903, 1.4301075268817205, 130.0215053763441
930, 415.7593492970301, 16.007407526881718, 1.946236559139785, 1.1612903225806452, 129.33333333333334
931, 415.4929297840444, 15.852374193548382, 1.7419354838709677, 1.2580645161290323, 128.01075268817203
932, 415.2265102710587, 15.75740322580645, 1.7741935483870968, 1.1612903225806452, 127.59139784946237
933, 414.96009075807297, 15.42718064516129, 1.5268817204301075, 1.010752688172043, 126.11827956989248
