Extraction [ img/s3/dil5.jpg ] effectuee 2026-05-21 17:17:30.434580
Calibration: -0.4054974679725289*x + 757.6124327252791 [largueur 2543 + 998]

pixel, longueur d'onde, intensite, r, g, b
0, 757.6124327252791, 5.914175757575758, 11.575757575757576, 2.727272727272727, 7.484848484848484
1, 757.2069352573066, 6.820077272727276, 13.469696969696969, 3.106060606060606, 8.515151515151516
2, 756.801437789334, 6.039584848484848, 12.333333333333334, 2.5757575757575757, 7.378787878787879
3, 756.3959403213614, 6.324424242424242, 13.030303030303031, 2.606060606060606, 7.893939393939394
4, 755.9904428533889, 7.076951515151518, 13.969696969696969, 3.227272727272727, 8.833333333333334
5, 755.5849453854164, 7.109239393939394, 14.272727272727273, 3.1515151515151514, 8.712121212121213
6, 755.1794479174439, 7.416837878787877, 14.651515151515152, 3.409090909090909, 9.090909090909092
7, 754.7739504494714, 7.159227272727272, 15.151515151515152, 2.8333333333333335, 8.484848484848484
8, 754.3684529814989, 6.830222727272723, 14.742424242424242, 2.5606060606060606, 8.075757575757576
9, 753.9629555135263, 7.989307575757574, 16.772727272727273, 3.242424242424242, 9.409090909090908
10, 753.5574580455537, 7.997898484848483, 16.62121212121212, 3.3636363636363638, 9.257575757575758
11, 753.1519605775812, 8.465849999999998, 18.015151515151516, 3.3333333333333335, 9.863636363636363
12, 752.7464631096087, 7.768272727272726, 17.424242424242426, 2.5606060606060606, 9.272727272727273
13, 752.3409656416362, 8.496916666666666, 18.106060606060606, 3.257575757575758, 10.287878787878787
14, 751.9354681736637, 7.874109090909091, 17.545454545454547, 2.590909090909091, 9.727272727272727
15, 751.5299707056911, 9.314292424242428, 19.348484848484848, 3.787878787878788, 11.469696969696969
16, 751.1244732377186, 9.062181818181816, 19.09090909090909, 3.5454545454545454, 11.181818181818182
17, 750.7189757697461, 9.247495454545456, 20.651515151515152, 3.0606060606060606, 11.212121212121213
18, 750.3134783017736, 9.272613636363634, 20.681818181818183, 3.090909090909091, 11.196969696969697
19, 749.907980833801, 8.948209090909087, 20.484848484848484, 2.712121212121212, 10.818181818181818
20, 749.5024833658285, 9.62694696969697, 21.439393939393938, 3.196969696969697, 11.772727272727273
21, 749.0969858978559, 10.090157575757573, 22.363636363636363, 3.4242424242424243, 12.242424242424242
22, 748.6914884298834, 9.308310606060603, 21.439393939393938, 2.742424242424242, 11.318181818181818
23, 748.2859909619109, 10.144974242424242, 23.136363636363637, 3.121212121212121, 12.257575757575758
24, 747.8804934939384, 10.484156060606061, 23.742424242424242, 3.272727272727273, 12.863636363636363
25, 747.4749960259659, 10.428421212121213, 24.575757575757574, 2.8181818181818183, 12.530303030303031
26, 747.0694985579933, 9.564265151515151, 23.40909090909091, 2.1666666666666665, 11.363636363636363
27, 746.6640010900207, 11.320407575757578, 26.227272727272727, 3.287878787878788, 13.606060606060606
28, 746.2585036220482, 10.660437878787878, 25.318181818181817, 2.803030303030303, 12.696969696969697
29, 745.8530061540757, 10.108810606060608, 25.075757575757574, 2.1515151515151514, 11.848484848484848
30, 745.4475086861032, 11.036507575757575, 26.439393939393938, 2.772727272727273, 13.212121212121213
31, 745.0420112181307, 11.49602878787879, 27.136363636363637, 3.121212121212121, 13.621212121212121
32, 744.6365137501581, 11.041389393939399, 26.560606060606062, 2.757575757575758, 13.015151515151516
33, 744.2310162821856, 11.87404393939394, 28.651515151515152, 2.984848484848485, 13.666666666666666
34, 743.8255188142131, 11.48105454545454, 28.242424242424242, 2.606060606060606, 13.242424242424242
35, 743.4200213462406, 12.407074242424242, 30.166666666666668, 2.9242424242424243, 14.681818181818182
36, 743.014523878268, 11.511193939393939, 29.12121212121212, 2.1363636363636362, 13.621212121212121
37, 742.6090264102955, 12.234828787878792, 30.651515151515152, 2.4545454545454546, 14.318181818181818
38, 742.2035289423229, 12.168510606060604, 30.348484848484848, 2.5606060606060606, 13.984848484848484
39, 741.7980314743504, 12.704412121212119, 31.939393939393938, 2.4545454545454546, 15.06060606060606
40, 741.3925340063779, 12.784924242424244, 32.121212121212125, 2.4696969696969697, 15.212121212121213
41, 740.9870365384054, 13.380053030303035, 33.40909090909091, 2.742424242424242, 15.651515151515152
42, 740.5815390704329, 12.917639393939393, 33.0, 2.242424242424242, 15.242424242424242
43, 740.1760416024604, 13.351769696969697, 34.57575757575758, 2.106060606060606, 15.621212121212121
44, 739.7705441344877, 13.238483333333335, 34.40909090909091, 2.0303030303030303, 15.454545454545455
45, 739.3650466665152, 14.359843939393942, 36.40909090909091, 2.6515151515151514, 16.848484848484848
46, 738.9595491985427, 13.553649999999998, 35.31818181818182, 2.0454545454545454, 15.757575757575758
47, 738.5540517305702, 13.823551515151513, 35.84848484848485, 2.196969696969697, 15.954545454545455
48, 738.1485542625977, 14.318178787878784, 36.696969696969695, 2.4545454545454546, 16.742424242424242
49, 737.7430567946251, 15.28766818181818, 39.07575757575758, 2.621212121212121, 18.151515151515152
50, 737.3375593266526, 14.994800000000001, 38.81818181818182, 2.3181818181818183, 17.818181818181817
51, 736.9320618586801, 14.922089393939395, 39.25757575757576, 2.0, 17.666666666666668
52, 736.5265643907076, 14.661527272727277, 39.27272727272727, 1.5454545454545454, 17.681818181818183
53, 736.121066922735, 16.040815151515154, 41.54545454545455, 2.484848484848485, 18.984848484848484
54, 735.7155694547625, 15.962427272727268, 41.484848484848484, 2.393939393939394, 18.924242424242426
55, 735.3100719867899, 15.909581818181818, 42.36363636363637, 1.8181818181818181, 19.12121212121212
56, 734.9045745188174, 16.514157575757576, 43.121212121212125, 2.3181818181818183, 19.863636363636363
57, 734.4990770508449, 17.06528787878787, 45.0, 2.212121212121212, 20.318181818181817
58, 734.0935795828724, 16.80762272727273, 44.53030303030303, 2.121212121212121, 19.757575757575758
59, 733.6880821148999, 17.400884848484854, 46.303030303030305, 2.090909090909091, 20.46969696969697
60, 733.2825846469274, 17.9817196969697, 47.196969696969695, 2.4545454545454546, 21.348484848484848
61, 732.8770871789548, 18.113084848484846, 48.09090909090909, 2.287878787878788, 21.015151515151516
62, 732.4715897109822, 18.0425393939394, 48.39393939393939, 1.9545454545454546, 21.318181818181817
63, 732.0660922430097, 17.65590303030303, 48.24242424242424, 1.4848484848484849, 20.742424242424242
64, 731.6605947750372, 17.456807575757576, 47.68181818181818, 1.5606060606060606, 20.075757575757574
65, 731.2550973070647, 19.74827424242424, 52.10606060606061, 2.6818181818181817, 22.803030303030305
66, 730.8495998390922, 18.870275757575765, 51.03030303030303, 1.9545454545454546, 21.666666666666668
67, 730.4441023711196, 18.873534848484844, 52.07575757575758, 1.5454545454545454, 21.060606060606062
68, 730.0386049031471, 19.845445454545455, 53.57575757575758, 2.1666666666666665, 22.454545454545453
69, 729.6331074351746, 20.533931818181813, 55.68181818181818, 2.1818181818181817, 22.893939393939394
70, 729.227609967202, 20.421769696969697, 55.484848484848484, 2.196969696969697, 22.348484848484848
71, 728.8221124992295, 20.806045454545455, 57.42424242424242, 1.878787878787879, 22.272727272727273
72, 728.416615031257, 20.62350151515152, 57.56060606060606, 1.5454545454545454, 22.03030303030303
73, 728.0111175632844, 22.796874242424245, 61.56060606060606, 2.772727272727273, 24.28787878787879
74, 727.6056200953119, 22.15033030303031, 60.93939393939394, 2.1818181818181817, 23.28787878787879
75, 727.2001226273394, 22.30562878787879, 62.65151515151515, 1.6363636363636365, 22.96969696969697
76, 726.7946251593669, 22.65260909090909, 63.60606060606061, 1.606060606060606, 23.666666666666668
77, 726.3891276913944, 22.626780303030298, 64.62121212121212, 1.1363636363636365, 23.196969696969695
78, 725.9836302234218, 23.972678787878785, 66.39393939393939, 2.196969696969697, 24.893939393939394
79, 725.5781327554492, 24.64169242424242, 68.37878787878788, 2.1818181818181817, 25.636363636363637
80, 725.1726352874767, 24.662781818181816, 69.3030303030303, 1.803030303030303, 25.348484848484848
81, 724.7671378195042, 25.58088787878788, 72.33333333333333, 1.8181818181818181, 25.37878787878788
82, 724.3616403515317, 26.439875757575752, 74.72727272727273, 1.9242424242424243, 26.09090909090909
83, 723.9561428835592, 27.511290909090913, 77.39393939393939, 2.212121212121212, 27.015151515151516
84, 723.5506454155866, 28.340278787878788, 79.63636363636364, 2.303030303030303, 27.939393939393938
85, 723.1451479476141, 28.30119696969696, 81.21212121212122, 1.5606060606060606, 27.28787878787879
86, 722.7396504796416, 29.48228181818181, 84.15151515151516, 1.878787878787879, 28.303030303030305
87, 722.3341530116691, 30.807546969696965, 87.56060606060606, 2.3181818181818183, 28.727272727272727
88, 721.9286555436966, 30.666098484848487, 88.71212121212122, 1.5909090909090908, 28.21212121212121
89, 721.523158075724, 32.14493636363638, 92.3030303030303, 2.0757575757575757, 29.272727272727273
90, 721.1176606077514, 32.4780590909091, 93.65151515151516, 1.9242424242424243, 29.439393939393938
91, 720.7121631397789, 33.160392424242424, 95.92424242424242, 2.0, 29.075757575757574
92, 720.3066656718064, 33.160306060606054, 96.63636363636364, 1.6666666666666667, 28.924242424242426
93, 719.9011682038339, 33.73289545454545, 98.77272727272727, 1.5454545454545454, 28.96969696969697
94, 719.4956707358614, 34.30502878787878, 100.01515151515152, 1.7727272727272727, 29.560606060606062
95, 719.0901732678889, 35.26560303030303, 102.15151515151516, 2.121212121212121, 30.59090909090909
96, 718.6846757999162, 35.11147121212122, 102.56060606060606, 1.7121212121212122, 30.272727272727273
97, 718.2791783319437, 35.56530757575759, 104.34848484848484, 1.5454545454545454, 30.424242424242426
98, 717.8736808639712, 36.8785303030303, 106.51515151515152, 2.393939393939394, 31.893939393939394
99, 717.4681833959987, 37.09297424242425, 107.98484848484848, 1.9696969696969697, 32.10606060606061
100, 717.0626859280262, 36.83318333333333, 107.86363636363636, 1.621212121212121, 31.939393939393938
101, 716.6571884600537, 37.683256060606055, 110.01515151515152, 1.9090909090909092, 32.27272727272727
102, 716.2516909920811, 37.90404242424242, 110.78787878787878, 1.8181818181818181, 32.65151515151515
103, 715.8461935241086, 38.067415151515156, 111.60606060606061, 1.8181818181818181, 31.939393939393938
104, 715.4406960561361, 38.43239696969695, 112.54545454545455, 1.893939393939394, 32.28787878787879
105, 715.0351985881636, 38.65009393939394, 113.9090909090909, 1.696969696969697, 31.636363636363637
106, 714.629701120191, 39.044746969696995, 114.8030303030303, 1.878787878787879, 31.818181818181817
107, 714.2242036522184, 39.10867727272728, 116.10606060606061, 1.4242424242424243, 31.303030303030305
108, 713.8187061842459, 39.57275303030304, 117.46969696969697, 1.393939393939394, 31.954545454545453
109, 713.4132087162734, 40.639996969696966, 120.03030303030303, 1.878787878787879, 32.10606060606061
110, 713.0077112483009, 41.19784393939394, 121.56060606060606, 1.893939393939394, 32.90909090909091
111, 712.6022137803284, 40.989934848484836, 122.01515151515152, 1.4848484848484849, 32.0
112, 712.1967163123559, 42.75056818181818, 125.37878787878788, 2.4242424242424243, 33.78787878787879
113, 711.7912188443833, 43.299212121212136, 127.87878787878788, 2.121212121212121, 33.60606060606061
114, 711.3857213764107, 42.746730303030304, 128.15151515151516, 1.303030303030303, 32.25757575757576
115, 710.9802239084382, 44.20063333333332, 131.24242424242425, 2.0, 33.31818181818182
116, 710.5747264404657, 44.19742272727273, 132.28787878787878, 1.5151515151515151, 33.04545454545455
117, 710.1692289724932, 45.42714242424241, 135.84848484848484, 1.696969696969697, 33.56060606060606
118, 709.7637315045207, 46.08129090909092, 138.6060606060606, 1.2424242424242424, 34.40909090909091
119, 709.3582340365481, 47.785680303030304, 142.74242424242425, 1.8484848484848484, 35.39393939393939
120, 708.9527365685756, 48.808406060606075, 146.0909090909091, 1.7121212121212122, 36.28787878787879
121, 708.5472391006031, 50.942243939393954, 151.04545454545453, 2.4242424242424243, 38.34848484848485
122, 708.1417416326306, 51.47305303030304, 153.86363636363637, 1.878787878787879, 38.42424242424242
123, 707.736244164658, 53.146413636363626, 158.5909090909091, 1.9545454545454546, 40.31818181818182
124, 707.3307466966855, 54.49128333333335, 162.77272727272728, 1.8484848484848484, 41.696969696969695
125, 706.9252492287129, 55.0781893939394, 165.6818181818182, 1.378787878787879, 41.63636363636363
126, 706.5197517607404, 56.36905757575759, 168.96969696969697, 1.621212121212121, 43.09090909090909
127, 706.1142542927679, 58.700284848484856, 173.5151515151515, 2.8484848484848486, 45.303030303030305
128, 705.7087568247954, 58.38632878787879, 174.74242424242425, 1.8181818181818181, 44.63636363636363
129, 705.3032593568229, 59.62414848484851, 178.66666666666666, 1.7727272727272727, 45.43939393939394
130, 704.8977618888503, 61.03883333333333, 182.42424242424244, 1.9545454545454546, 47.06060606060606
131, 704.4922644208777, 62.20116969696969, 185.42424242424244, 2.1363636363636362, 48.45454545454545
132, 704.0867669529052, 62.809098484848505, 187.8030303030303, 1.8636363636363635, 48.95454545454545
133, 703.6812694849327, 64.48446212121212, 191.8939393939394, 2.272727272727273, 50.81818181818182
134, 703.2757720169602, 65.07430454545457, 194.53030303030303, 1.893939393939394, 51.03030303030303
135, 702.8702745489877, 65.82088939393941, 197.16666666666666, 1.5909090909090908, 52.22727272727273
136, 702.4647770810151, 67.44183636363636, 200.87878787878788, 2.106060606060606, 54.06060606060606
137, 702.0592796130426, 68.87303636363637, 204.33333333333334, 2.287878787878788, 56.621212121212125
138, 701.6537821450701, 68.78634848484847, 205.75757575757575, 1.4090909090909092, 56.65151515151515
139, 701.2482846770976, 69.65354090909094, 207.77272727272728, 1.5454545454545454, 58.27272727272727
140, 700.842787209125, 71.00614999999998, 210.92424242424244, 1.9242424242424243, 59.92424242424242
141, 700.4372897411525, 72.37130909090908, 214.1818181818182, 2.090909090909091, 62.5
142, 700.0317922731799, 72.00354090909093, 214.5909090909091, 1.4090909090909092, 61.71212121212121
143, 699.6262948052074, 72.91607121212122, 216.71212121212122, 1.6363636363636365, 62.984848484848484
144, 699.2207973372349, 74.13092272727273, 219.1060606060606, 2.1515151515151514, 64.71212121212122
145, 698.8152998692624, 74.4373090909091, 220.6969696969697, 1.6515151515151516, 65.8030303030303
146, 698.4098024012899, 74.40028939393937, 220.74242424242425, 1.621212121212121, 65.51515151515152
147, 698.0043049333174, 75.05849090909093, 222.5151515151515, 1.6515151515151516, 66.48484848484848
148, 697.5988074653447, 74.53690151515154, 221.28787878787878, 1.5909090909090908, 65.43939393939394
149, 697.1933099973722, 75.04542272727272, 222.74242424242425, 1.5606060606060606, 66.24242424242425
150, 696.7878125293997, 75.07376060606063, 222.54545454545453, 1.7121212121212122, 66.22727272727273
151, 696.3823150614272, 76.12511363636364, 224.62121212121212, 2.1666666666666665, 67.66666666666667
152, 695.9768175934547, 74.81654242424244, 222.75757575757575, 1.2424242424242424, 65.83333333333333
153, 695.5713201254821, 75.95298484848486, 224.84848484848484, 1.8636363636363635, 67.12121212121212
154, 695.1658226575096, 74.99505909090912, 223.04545454545453, 1.5, 65.31818181818181
155, 694.7603251895371, 75.49587575757575, 224.12121212121212, 1.6818181818181819, 65.95454545454545
156, 694.3548277215646, 74.80490606060607, 222.9090909090909, 1.3484848484848484, 64.78787878787878
157, 693.949330253592, 74.22820303030306, 221.9090909090909, 1.0606060606060606, 63.833333333333336
158, 693.5438327856195, 75.17025606060609, 223.04545454545453, 1.8484848484848484, 65.06060606060606
159, 693.138335317647, 74.41289696969694, 221.93939393939394, 1.3333333333333333, 63.96969696969697
160, 692.7328378496744, 74.10354848484852, 221.1818181818182, 1.3333333333333333, 63.24242424242424
161, 692.3273403817019, 73.9245287878788, 220.77272727272728, 1.3484848484848484, 62.666666666666664
162, 691.9218429137294, 74.13081666666666, 220.77272727272728, 1.696969696969697, 62.68181818181818
163, 691.5163454457569, 74.08723636363636, 220.5151515151515, 1.8333333333333333, 62.27272727272727
164, 691.1108479777844, 73.42530454545455, 219.37878787878788, 1.4696969696969697, 61.31818181818182
165, 690.7053505098118, 73.23937575757577, 218.96969696969697, 1.4848484848484849, 60.68181818181818
166, 690.2998530418392, 72.9239318181818, 217.95454545454547, 1.5909090909090908, 60.03030303030303
167, 689.8943555738667, 72.80849999999998, 218.03030303030303, 1.393939393939394, 59.833333333333336
168, 689.4888581058942, 73.40866060606061, 218.24242424242425, 2.1818181818181817, 60.484848484848484
169, 689.0833606379217, 72.80357727272728, 217.56060606060606, 1.7424242424242424, 59.22727272727273
170, 688.6778631699492, 72.12871212121213, 216.36363636363637, 1.378787878787879, 58.31818181818182
171, 688.2723657019766, 72.9665378787879, 217.5, 2.0303030303030303, 59.333333333333336
172, 687.8668682340041, 72.6069515151515, 216.54545454545453, 2.0303030303030303, 58.68181818181818
173, 687.4613707660316, 71.79242878787882, 215.4090909090909, 1.5303030303030303, 57.09090909090909
174, 687.055873298059, 71.62829848484849, 214.74242424242425, 1.6666666666666667, 56.696969696969695
175, 686.6503758300865, 72.5106893939394, 215.9848484848485, 2.3636363636363638, 57.59090909090909
176, 686.2448783621139, 72.23922424242421, 214.87878787878788, 2.590909090909091, 56.93939393939394
177, 685.8393808941414, 71.79268333333334, 213.92424242424244, 2.4545454545454546, 56.22727272727273
178, 685.4338834261689, 70.89565757575757, 212.06060606060606, 2.1666666666666665, 54.72727272727273
179, 685.0283859581964, 70.53580454545454, 211.95454545454547, 1.8636363636363635, 53.40909090909091
180, 684.6228884902239, 71.87796818181819, 213.34848484848484, 3.1666666666666665, 54.81818181818182
181, 684.2173910222514, 70.77616363636363, 212.15151515151516, 2.378787878787879, 52.34848484848485
182, 683.8118935542789, 70.15966060606063, 210.8181818181818, 2.257575757575758, 51.06060606060606
183, 683.4063960863062, 71.52650000000001, 212.57575757575756, 3.393939393939394, 52.59090909090909
184, 683.0008986183337, 70.7921303030303, 211.57575757575756, 2.772727272727273, 51.96969696969697
185, 682.5954011503612, 71.01272424242421, 211.3939393939394, 3.196969696969697, 52.196969696969695
186, 682.1899036823887, 71.32013484848484, 211.22727272727272, 3.787878787878788, 52.28787878787879
187, 681.7844062144162, 72.2775287878788, 212.5909090909091, 4.53030303030303, 53.28787878787879
188, 681.3789087464436, 71.08786969696968, 210.6969696969697, 3.8181818181818183, 51.484848484848484
189, 680.9734112784711, 72.37901969696968, 212.07575757575756, 5.333333333333333, 51.39393939393939
190, 680.5679138104986, 72.30140606060607, 211.54545454545453, 5.621212121212121, 50.621212121212125
191, 680.1624163425261, 73.05625606060607, 212.28787878787878, 6.590909090909091, 50.303030303030305
192, 679.7569188745535, 74.2340696969697, 212.93939393939394, 8.333333333333334, 49.95454545454545
193, 679.351421406581, 77.39819696969697, 215.45454545454547, 12.257575757575758, 50.90909090909091
194, 678.9459239386084, 77.68197878787878, 214.6060606060606, 13.590909090909092, 48.75757575757576
195, 678.5404264706359, 80.38664848484848, 217.15151515151516, 16.575757575757574, 50.43939393939394
196, 678.1349290026634, 79.79818030303029, 215.92424242424244, 16.848484848484848, 47.09090909090909
197, 677.7294315346909, 83.50203181818183, 219.22727272727272, 21.09090909090909, 49.07575757575758
198, 677.3239340667184, 83.10953181818185, 218.0151515151515, 21.651515151515152, 45.92424242424242
199, 676.9184365987458, 85.96873030303031, 220.27272727272728, 24.96969696969697, 48.0
200, 676.5129391307732, 86.44170909090907, 220.03030303030303, 26.166666666666668, 46.621212121212125
201, 676.1074416628007, 87.98919090909091, 221.12121212121212, 28.21212121212121, 46.803030303030305
202, 675.7019441948282, 87.4508515151515, 219.96969696969697, 28.272727272727273, 44.78787878787879
203, 675.2964467268557, 89.52136515151513, 221.5, 30.803030303030305, 45.90909090909091
204, 674.8909492588832, 89.45918484848481, 221.03030303030303, 31.136363636363637, 44.878787878787875
205, 674.4854517909107, 90.76716060606056, 221.72727272727272, 33.03030303030303, 44.77272727272727
206, 674.0799543229381, 91.32505606060607, 221.86363636363637, 33.984848484848484, 44.39393939393939
207, 673.6744568549656, 91.83622272727274, 222.16666666666666, 34.84848484848485, 43.63636363636363
208, 673.2689593869931, 92.20972272727272, 222.0151515151515, 35.60606060606061, 43.40909090909091
209, 672.8634619190206, 93.16737121212124, 222.5, 36.878787878787875, 43.984848484848484
210, 672.457964451048, 93.50300606060605, 222.06060606060606, 37.72727272727273, 43.71212121212121
211, 672.0524669830754, 94.53451515151514, 222.72727272727272, 39.03030303030303, 44.303030303030305
212, 671.6469695151029, 94.95752727272729, 222.45454545454547, 39.95454545454545, 43.96969696969697
213, 671.2414720471304, 96.28996212121214, 223.25757575757575, 41.72727272727273, 44.42424242424242
214, 670.8359745791579, 96.38518181818179, 222.57575757575756, 42.34848484848485, 43.84848484848485
215, 670.4304771111854, 96.24722575757575, 221.9848484848485, 42.59090909090909, 42.93939393939394
216, 670.0249796432129, 97.29782727272725, 222.4848484848485, 43.984848484848484, 43.666666666666664
217, 669.6194821752403, 97.63867424242424, 222.5, 44.666666666666664, 43.10606060606061
218, 669.2139847072677, 98.2901696969697, 222.6969696969697, 45.59090909090909, 43.54545454545455
219, 668.8084872392952, 98.79304242424244, 222.75757575757575, 46.46969696969697, 43.27272727272727
220, 668.4029897713227, 98.84192272727272, 222.28787878787878, 46.833333333333336, 43.06060606060606
221, 667.9974923033502, 100.02843484848484, 222.92424242424244, 48.43939393939394, 43.53030303030303
222, 667.5919948353776, 98.21285909090908, 220.5, 46.95454545454545, 41.60606060606061
223, 667.1864973674051, 99.73710757575758, 221.65151515151516, 48.803030303030305, 42.43939393939394
224, 666.7809998994326, 100.51633939393939, 221.75757575757575, 50.0, 42.833333333333336
225, 666.3755024314601, 100.85111212121213, 221.15151515151516, 50.984848484848484, 42.28787878787879
226, 665.9700049634876, 100.99586363636362, 220.45454545454547, 51.63636363636363, 42.03030303030303
227, 665.564507495515, 102.60556818181817, 221.28787878787878, 53.74242424242424, 43.121212121212125
228, 665.1590100275425, 101.54060303030302, 219.12121212121212, 53.27272727272727, 41.878787878787875
229, 664.7535125595699, 102.19259696969695, 218.87878787878788, 54.63636363636363, 41.21212121212121
230, 664.3480150915974, 102.20531515151512, 217.6060606060606, 55.40909090909091, 40.68181818181818
231, 663.9425176236249, 104.35174393939391, 218.77272727272728, 58.333333333333336, 41.39393939393939
232, 663.5370201556524, 103.43032424242425, 217.06060606060606, 57.90909090909091, 39.984848484848484
233, 663.1315226876799, 104.57885909090909, 217.46969696969697, 59.65151515151515, 40.015151515151516
234, 662.7260252197073, 104.40849393939395, 216.42424242424244, 59.984848484848484, 39.54545454545455
235, 662.3205277517347, 105.05058636363637, 215.95454545454547, 61.40909090909091, 39.07575757575758
236, 661.9150302837622, 105.1766363636363, 215.0, 62.13636363636363, 38.93939393939394
237, 661.5095328157897, 106.07954696969698, 214.9848484848485, 63.696969696969695, 38.86363636363637
238, 661.1040353478172, 106.69006969696973, 214.45454545454547, 64.93939393939394, 39.21212121212121
239, 660.6985378798447, 108.36483484848482, 215.43939393939394, 67.0909090909091, 40.24242424242424
240, 660.2930404118721, 108.44301212121213, 214.57575757575756, 67.77272727272727, 39.68181818181818
241, 659.8875429438996, 107.33440909090908, 212.57575757575756, 67.39393939393939, 37.15151515151515
242, 659.4820454759271, 108.20118030303028, 212.74242424242425, 68.71212121212122, 37.53030303030303
243, 659.0765480079546, 108.39808181818181, 212.5151515151515, 69.15151515151516, 37.59090909090909
244, 658.671050539982, 108.58569242424242, 212.16666666666666, 69.65151515151516, 37.57575757575758
245, 658.2655530720094, 109.85958030303028, 212.83333333333334, 71.39393939393939, 38.03030303030303
246, 657.8600556040369, 109.61785606060606, 211.74242424242425, 71.68181818181819, 37.28787878787879
247, 657.4545581360644, 110.4730272727273, 212.0, 72.95454545454545, 37.56060606060606
248, 657.0490606680919, 110.88775151515152, 211.42424242424244, 74.04545454545455, 37.09090909090909
249, 656.6435632001194, 111.69670606060605, 211.57575757575756, 75.37878787878788, 36.92424242424242
250, 656.2380657321469, 111.83065303030305, 210.74242424242425, 76.16666666666667, 36.22727272727273
251, 655.8325682641744, 113.03971818181819, 211.15151515151516, 78.01515151515152, 36.24242424242424
252, 655.4270707962017, 112.95726666666667, 209.9090909090909, 78.65151515151516, 35.5
253, 655.0215733282292, 113.95151818181817, 210.12121212121212, 80.16666666666667, 35.86363636363637
254, 654.6160758602567, 114.63896212121209, 209.92424242424244, 81.39393939393939, 36.09090909090909
255, 654.2105783922842, 115.12929545454544, 209.77272727272728, 82.31818181818181, 36.03030303030303
256, 653.8050809243117, 116.34774242424238, 210.0, 84.25757575757575, 36.13636363636363
257, 653.3995834563391, 118.42591212121212, 210.87878787878788, 87.21212121212122, 36.84848484848485
258, 652.9940859883666, 117.43014545454545, 208.6969696969697, 87.01515151515152, 34.84848484848485
259, 652.5885885203941, 118.62302424242424, 209.15151515151516, 88.63636363636364, 35.77272727272727
260, 652.1830910524216, 118.87261212121213, 208.42424242424244, 89.48484848484848, 35.5
261, 651.777593584449, 118.99953030303027, 207.57575757575756, 90.22727272727273, 35.015151515151516
262, 651.3720961164765, 118.27994090909091, 206.04545454545453, 90.04545454545455, 33.65151515151515
263, 650.9665986485039, 119.81590454545456, 206.71212121212122, 92.16666666666667, 34.45454545454545
264, 650.5611011805314, 120.06659696969699, 206.45454545454547, 92.84848484848484, 33.81818181818182
265, 650.1556037125589, 121.18158333333334, 206.74242424242425, 94.54545454545455, 34.10606060606061
266, 649.7501062445864, 121.8690560606061, 206.86363636363637, 95.66666666666667, 34.04545454545455
267, 649.3446087766139, 122.23559848484851, 206.28787878787878, 96.66666666666667, 33.621212121212125
268, 648.9391113086413, 121.8408818181818, 205.27272727272728, 96.68181818181819, 32.74242424242424
269, 648.5336138406687, 122.83284393939392, 205.1969696969697, 98.34848484848484, 33.06060606060606
270, 648.1281163726962, 123.50009545454547, 205.1060606060606, 99.46969696969697, 33.378787878787875
271, 647.7226189047237, 123.78668181818183, 204.6969696969697, 100.15151515151516, 33.45454545454545
272, 647.3171214367512, 124.51199545454543, 204.5909090909091, 101.5, 33.15151515151515
273, 646.9116239687787, 125.44049090909087, 204.78787878787878, 102.96969696969697, 33.21212121212121
274, 646.5061265008062, 125.85638181818177, 204.06060606060606, 104.15151515151516, 32.68181818181818
275, 646.1006290328336, 126.80816666666664, 204.24242424242425, 105.53030303030303, 33.45454545454545
276, 645.6951315648611, 127.43246515151515, 203.83333333333334, 106.77272727272727, 33.60606060606061
277, 645.2896340968886, 128.32932727272723, 203.84848484848484, 108.25757575757575, 33.78787878787879
278, 644.884136628916, 128.9805893939394, 203.34848484848484, 109.63636363636364, 33.71212121212121
279, 644.4786391609435, 129.71848484848488, 203.33333333333334, 110.93939393939394, 33.515151515151516
280, 644.0731416929709, 129.74218030303027, 202.43939393939394, 111.5909090909091, 32.71212121212121
281, 643.6676442249984, 130.99136515151514, 202.56060606060606, 113.54545454545455, 33.28787878787879
282, 643.2621467570259, 131.0739121212121, 202.0909090909091, 114.06060606060606, 32.59090909090909
283, 642.8566492890534, 131.93923636363638, 202.03030303030303, 115.53030303030303, 32.77272727272727
284, 642.4511518210809, 132.57046818181823, 201.53030303030303, 116.84848484848484, 32.833333333333336
285, 642.0456543531084, 132.79727727272726, 201.0151515151515, 117.60606060606061, 32.27272727272727
286, 641.6401568851358, 133.87474545454543, 201.1818181818182, 119.22727272727273, 32.93939393939394
287, 641.2346594171632, 134.69470606060605, 200.96969696969697, 120.5909090909091, 33.666666666666664
288, 640.8291619491907, 134.29380454545452, 200.13636363636363, 120.5, 32.803030303030305
289, 640.4236644812182, 135.28870606060607, 200.06060606060606, 122.13636363636364, 33.303030303030305
290, 640.0181670132457, 135.43453636363634, 199.78787878787878, 122.60606060606061, 32.878787878787875
291, 639.6126695452731, 135.86618030303023, 199.1060606060606, 123.71212121212122, 32.75757575757576
292, 639.2071720773006, 136.2535893939394, 198.65151515151516, 124.62121212121212, 32.666666666666664
293, 638.8016746093281, 136.52112878787878, 197.95454545454547, 125.48484848484848, 32.39393939393939
294, 638.3961771413556, 137.09232272727272, 197.6818181818182, 126.5909090909091, 32.42424242424242
295, 637.990679673383, 138.2358984848484, 197.83333333333334, 128.3030303030303, 33.24242424242424
296, 637.5851822054105, 137.93530151515154, 196.6818181818182, 128.53030303030303, 32.45454545454545
297, 637.179684737438, 138.61046515151517, 196.4090909090909, 129.75757575757575, 32.77272727272727
298, 636.7741872694654, 139.42604242424247, 196.24242424242425, 131.1818181818182, 33.03030303030303
299, 636.3686898014929, 139.4633924242424, 195.3181818181818, 131.84848484848484, 32.34848484848485
300, 635.9631923335204, 141.01550757575757, 195.07575757575756, 134.54545454545453, 32.71212121212121
301, 635.5576948655479, 141.15953787878792, 194.46969696969697, 135.1818181818182, 32.28787878787879
302, 635.1521973975754, 142.18535151515155, 194.06060606060606, 137.1818181818182, 32.06060606060606
303, 634.7466999296028, 143.37304545454543, 194.24242424242425, 138.92424242424244, 33.03030303030303
304, 634.3412024616302, 143.2707787878788, 192.5151515151515, 139.9090909090909, 31.59090909090909
305, 633.9357049936577, 144.12684242424245, 192.1818181818182, 141.66666666666666, 30.924242424242426
306, 633.5302075256852, 143.79564696969695, 190.04545454545453, 142.57575757575756, 28.939393939393938
307, 633.1247100577127, 144.6978787878788, 190.0, 144.12121212121212, 29.015151515151516
308, 632.7192125897402, 143.813206060606, 187.33333333333334, 144.45454545454547, 26.53030303030303
309, 632.3137151217677, 145.701796969697, 187.78787878787878, 147.27272727272728, 27.393939393939394
310, 631.9082176537951, 146.27733484848483, 186.04545454545453, 149.37878787878788, 26.166666666666668
311, 631.5027201858226, 146.22796818181817, 185.0151515151515, 150.06060606060606, 24.924242424242426
312, 631.0972227178501, 146.52028181818184, 183.24242424242425, 151.78787878787878, 23.242424242424242
313, 630.6917252498775, 147.06921060606058, 183.04545454545453, 152.8939393939394, 22.87878787878788
314, 630.286227781905, 147.0177378787879, 180.65151515151516, 154.36363636363637, 21.136363636363637
315, 629.8807303139324, 147.05373636363635, 179.6060606060606, 155.15151515151516, 20.136363636363637
316, 629.4752328459599, 148.1087727272727, 178.33333333333334, 157.6969696969697, 19.62121212121212
317, 629.0697353779874, 148.2255439393939, 177.13636363636363, 158.78787878787878, 18.166666666666668
318, 628.6642379100149, 147.64953939393934, 174.45454545454547, 159.56060606060606, 16.166666666666668
319, 628.2587404420424, 148.1405484848485, 174.06060606060606, 160.62121212121212, 16.045454545454547
320, 627.8532429740699, 148.36221818181815, 172.21212121212122, 162.16666666666666, 14.878787878787879
321, 627.4477455060972, 148.32727121212125, 170.46969696969697, 163.21212121212122, 13.757575757575758
322, 627.0422480381247, 148.21643939393948, 168.33333333333334, 164.4848484848485, 11.833333333333334
323, 626.6367505701522, 150.5168636363637, 169.24242424242425, 167.78787878787878, 12.621212121212121
324, 626.2312531021797, 148.6217818181818, 164.9090909090909, 167.45454545454547, 9.075757575757576
325, 625.8257556342072, 148.4270712121212, 162.62121212121212, 168.5909090909091, 7.515151515151516
326, 625.4202581662346, 147.63661363636356, 159.3181818181818, 169.5, 4.5606060606060606
327, 625.0147606982621, 148.1392227272728, 158.22727272727272, 171.0, 4.106060606060606
328, 624.6092632302896, 148.36779696969694, 155.96969696969697, 172.72727272727272, 3.1363636363636362
329, 624.2037657623171, 148.87668030303024, 154.86363636363637, 174.15151515151516, 3.1666666666666665
330, 623.7982682943446, 147.54814848484847, 150.78787878787878, 174.16666666666666, 2.121212121212121
331, 623.392770826372, 148.09031060606068, 148.71212121212122, 176.1060606060606, 2.3333333333333335
332, 622.9872733583995, 147.47975000000002, 144.62121212121212, 177.16666666666666, 2.242424242424242
333, 622.5817758904269, 147.96086060606058, 142.0, 179.21212121212122, 2.803030303030303
334, 622.1762784224544, 147.24325303030298, 137.92424242424244, 180.21212121212122, 2.0454545454545454
335, 621.7707809544819, 147.33104848484845, 135.57575757575756, 181.45454545454547, 2.5757575757575757
336, 621.3652834865094, 146.3633348484848, 131.34848484848484, 182.0909090909091, 1.893939393939394
337, 620.9597860185368, 145.7935515151515, 127.36363636363636, 183.07575757575756, 2.272727272727273
338, 620.5542885505643, 145.374146969697, 123.22727272727273, 184.3939393939394, 2.6515151515151514
339, 620.1487910825917, 144.86893787878785, 119.71212121212122, 185.28787878787878, 2.8333333333333335
340, 619.7432936146192, 143.33966515151513, 114.56060606060606, 185.5, 1.8333333333333333
341, 619.3377961466467, 143.10200606060602, 110.24242424242425, 187.0909090909091, 2.878787878787879
342, 618.9322986786742, 141.59514090909084, 104.8030303030303, 187.4848484848485, 1.893939393939394
343, 618.5268012107017, 141.4016318181818, 101.10606060606061, 188.87878787878788, 2.712121212121212
344, 618.1213037427291, 139.83339545454544, 95.74242424242425, 189.1060606060606, 1.8484848484848484
345, 617.7158062747566, 138.89694999999995, 91.71212121212122, 189.43939393939394, 2.484848484848485
346, 617.3103088067841, 138.70216363636362, 87.75757575757575, 191.12121212121212, 2.484848484848485
347, 616.9048113388116, 137.84280303030303, 83.48484848484848, 191.8181818181818, 2.5606060606060606
348, 616.499313870839, 136.41466818181817, 77.86363636363636, 192.3181818181818, 2.196969696969697
349, 616.0938164028664, 135.2091606060606, 72.48484848484848, 193.0151515151515, 2.1363636363636362
350, 615.6883189348939, 133.8960954545455, 67.53030303030303, 193.43939393939394, 1.4242424242424243
351, 615.2828214669214, 133.1601075757576, 63.92424242424242, 193.93939393939394, 1.8484848484848484
352, 614.8773239989489, 131.75760303030302, 58.666666666666664, 194.22727272727272, 1.8484848484848484
353, 614.4718265309764, 130.82770909090914, 53.515151515151516, 195.15151515151516, 2.4393939393939394
354, 614.0663290630039, 129.14279696969695, 48.24242424242424, 195.04545454545453, 2.0303030303030303
355, 613.6608315950314, 129.20965606060605, 46.31818181818182, 196.03030303030303, 2.590909090909091
356, 613.2553341270587, 127.41986363636363, 41.06060606060606, 195.78787878787878, 1.9242424242424243
357, 612.8498366590862, 126.17432121212123, 36.333333333333336, 195.9848484848485, 2.378787878787879
358, 612.4443391911137, 124.78879848484848, 31.40909090909091, 196.28787878787878, 1.5757575757575757
359, 612.0388417231412, 124.40281818181818, 27.575757575757574, 197.3939393939394, 2.5454545454545454
360, 611.6333442551686, 121.8301984848485, 21.954545454545453, 196.1060606060606, 1.3484848484848484
361, 611.2278467871961, 121.33094090909091, 18.772727272727273, 196.77272727272728, 1.878787878787879
362, 610.8223493192236, 120.20737878787881, 14.848484848484848, 196.83333333333334, 2.0
363, 610.4168518512511, 119.5102909090909, 11.93939393939394, 197.12121212121212, 2.0303030303030303
364, 610.0113543832786, 118.34868636363638, 8.136363636363637, 197.1818181818182, 1.5
365, 609.605856915306, 117.93580757575754, 5.712121212121212, 197.63636363636363, 1.893939393939394
366, 609.2003594473335, 118.1231484848485, 3.6666666666666665, 199.0, 1.878787878787879
367, 608.794861979361, 117.90001515151518, 2.5757575757575757, 199.06060606060606, 2.4696969696969697
368, 608.3893645113884, 117.83855151515152, 1.606060606060606, 199.5909090909091, 1.7424242424242424
369, 607.9838670434159, 118.80785, 2.5606060606060606, 200.6060606060606, 2.515151515151515
370, 607.5783695754434, 118.0777803030303, 1.893939393939394, 199.86363636363637, 1.6818181818181819
371, 607.1728721074709, 118.56386363636365, 1.9696969696969697, 200.6060606060606, 1.9242424242424243
372, 606.7673746394983, 118.91948030303031, 2.3181818181818183, 200.96969696969697, 2.257575757575758
373, 606.3618771715257, 119.54452727272725, 2.606060606060606, 201.78787878787878, 2.772727272727273
374, 605.9563797035532, 119.09061060606064, 2.0757575757575757, 201.37878787878788, 2.287878787878788
375, 605.5508822355807, 119.84360606060606, 2.727272727272727, 202.21212121212122, 2.893939393939394
376, 605.1453847676082, 119.53493333333337, 2.3333333333333335, 201.95454545454547, 2.5454545454545454
377, 604.7398872996357, 119.30401969696973, 2.5303030303030303, 201.46969696969697, 2.5
378, 604.3343898316632, 118.71781666666666, 1.8333333333333333, 200.9848484848485, 1.6818181818181819
379, 603.9288923636906, 119.46915454545457, 2.5454545454545454, 201.77272727272728, 2.3484848484848486
380, 603.5233948957181, 118.94473939393941, 2.0, 201.24242424242425, 1.9090909090909092
381, 603.1178974277456, 118.97627424242431, 1.803030303030303, 201.37878787878788, 2.0
382, 602.712399959773, 119.15786515151513, 1.803030303030303, 201.6969696969697, 1.9545454545454546
383, 602.3069024918004, 120.30235454545453, 2.8181818181818183, 202.9090909090909, 3.090909090909091
384, 601.9014050238279, 119.65930757575757, 2.0757575757575757, 202.3181818181818, 2.4393939393939394
385, 601.4959075558554, 119.27805757575759, 2.303030303030303, 201.5, 2.712121212121212
386, 601.0904100878829, 118.97293333333336, 1.878787878787879, 201.27272727272728, 2.3181818181818183
387, 600.6849126199104, 119.38749393939393, 2.484848484848485, 201.5909090909091, 2.727272727272727
388, 600.2794151519379, 119.41209848484853, 2.0454545454545454, 201.92424242424244, 2.378787878787879
389, 599.8739176839654, 119.41994242424241, 2.5454545454545454, 201.62121212121212, 2.696969696969697
390, 599.4684202159929, 118.91081818181814, 1.6666666666666667, 201.34848484848484, 1.9393939393939394
391, 599.0629227480202, 119.65821363636364, 2.5606060606060606, 202.06060606060606, 2.484848484848485
392, 598.6574252800477, 118.78133333333332, 1.5151515151515151, 201.27272727272728, 1.5909090909090908
393, 598.2519278120752, 119.76382121212123, 2.393939393939394, 202.36363636363637, 2.287878787878788
394, 597.8464303441027, 120.10272272727275, 2.621212121212121, 202.75757575757575, 2.6363636363636362
395, 597.4409328761301, 119.6149333333333, 2.1818181818181817, 202.21212121212122, 2.3181818181818183
396, 597.0354354081576, 119.77472121212125, 2.0303030303030303, 202.5909090909091, 2.1666666666666665
397, 596.6299379401851, 120.1306409090909, 2.5303030303030303, 202.84848484848484, 2.6515151515151514
398, 596.2244404722126, 119.58643181818184, 1.7424242424242424, 202.46969696969697, 1.893939393939394
399, 595.81894300424, 120.23356060606065, 2.4242424242424243, 203.04545454545453, 2.8181818181818183
400, 595.4134455362675, 120.03878181818185, 2.0303030303030303, 202.9848484848485, 2.4545454545454546
401, 595.007948068295, 120.0600696969697, 2.1818181818181817, 202.8939393939394, 2.712121212121212
402, 594.6024506003224, 119.70272575757576, 1.8333333333333333, 202.53030303030303, 2.3636363636363638
403, 594.1969531323499, 119.98415606060608, 2.0757575757575757, 202.83333333333334, 2.6363636363636362
404, 593.7914556643774, 120.10311212121208, 2.0606060606060606, 202.9848484848485, 2.9393939393939394
405, 593.3859581964049, 120.53809696969697, 2.515151515151515, 203.4090909090909, 3.378787878787879
406, 592.9804607284323, 120.4317606060606, 2.090909090909091, 203.3939393939394, 3.6363636363636362
407, 592.5749632604598, 120.8277303030303, 2.242424242424242, 203.8030303030303, 4.606060606060606
408, 592.1694657924872, 120.55453333333331, 1.9393939393939394, 203.42424242424244, 4.954545454545454
409, 591.7639683245147, 120.764453030303, 2.1363636363636362, 203.46969696969697, 6.045454545454546
410, 591.3584708565422, 120.28590303030302, 1.7272727272727273, 202.83333333333334, 6.196969696969697
411, 590.9529733885697, 121.38749696969693, 2.606060606060606, 203.8181818181818, 8.484848484848484
412, 590.5474759205972, 121.82113939393939, 2.696969696969697, 204.25757575757575, 9.787878787878787
413, 590.1419784526247, 120.88710606060606, 2.121212121212121, 202.92424242424244, 9.969696969696969
414, 589.7364809846521, 121.50628787878786, 2.5757575757575757, 203.5151515151515, 11.166666666666666
415, 589.3309835166796, 121.92834999999995, 2.8636363636363638, 203.77272727272728, 12.787878787878787
416, 588.9254860487071, 121.10543333333331, 2.1818181818181817, 202.71212121212122, 12.818181818181818
417, 588.5199885807345, 121.51536969696967, 2.212121212121212, 202.92424242424244, 15.242424242424242
418, 588.1144911127619, 121.71125454545457, 2.1515151515151514, 203.0151515151515, 16.651515151515152
419, 587.7089936447894, 122.45139545454545, 2.5606060606060606, 203.6969696969697, 18.560606060606062
420, 587.3034961768169, 121.61865757575761, 2.0606060606060606, 202.62121212121212, 18.106060606060606
421, 586.8979987088444, 122.64270606060606, 2.9393939393939394, 203.5151515151515, 20.181818181818183
422, 586.4925012408719, 122.81805303030302, 2.9545454545454546, 203.6060606060606, 21.21212121212121
423, 586.0870037728994, 122.11628333333333, 2.1666666666666665, 202.6969696969697, 21.803030303030305
424, 585.6815063049269, 122.03169848484848, 1.803030303030303, 202.5909090909091, 22.560606060606062
425, 585.2760088369542, 122.4375136363636, 2.287878787878788, 202.6969696969697, 24.303030303030305
426, 584.8705113689817, 122.34814393939394, 2.0454545454545454, 202.5151515151515, 25.09090909090909
427, 584.4650139010092, 122.78058787878786, 2.303030303030303, 202.6969696969697, 27.272727272727273
428, 584.0595164330367, 123.48290909090906, 2.5757575757575757, 203.34848484848484, 29.363636363636363
429, 583.6540189650642, 122.99727575757572, 2.393939393939394, 202.36363636363637, 30.651515151515152
430, 583.2485214970916, 122.9259272727272, 2.242424242424242, 202.15151515151516, 31.515151515151516
431, 582.8430240291191, 123.22188787878785, 2.787878787878788, 202.04545454545453, 33.22727272727273
432, 582.4375265611466, 122.93191515151513, 2.0606060606060606, 201.63636363636363, 34.696969696969695
433, 582.0320290931741, 123.89928636363632, 2.742424242424242, 202.15151515151516, 38.74242424242424
434, 581.6265316252016, 124.01874242424242, 2.5757575757575757, 202.15151515151516, 40.22727272727273
435, 581.221034157229, 124.568003030303, 3.0, 202.5151515151515, 42.06060606060606
436, 580.8155366892565, 124.6713166666666, 2.742424242424242, 202.75757575757575, 42.39393939393939
437, 580.4100392212839, 123.87626363636365, 2.212121212121212, 201.4848484848485, 43.36363636363637
438, 580.0045417533114, 123.45899090909093, 1.7575757575757576, 200.9848484848485, 43.46969696969697
439, 579.5990442853389, 123.69546818181814, 2.1363636363636362, 200.8181818181818, 45.40909090909091
440, 579.1935468173664, 124.88768181818183, 2.727272727272727, 202.13636363636363, 47.53030303030303
441, 578.7880493493938, 125.09194090909091, 2.8636363636363638, 202.0, 49.666666666666664
442, 578.3825518814213, 124.6868772727273, 2.287878787878788, 201.6060606060606, 49.65151515151515
443, 577.9770544134487, 125.2165757575757, 3.0303030303030303, 201.72727272727272, 51.72727272727273
444, 577.5715569454762, 125.28363484848482, 2.742424242424242, 201.8939393939394, 52.21212121212121
445, 577.1660594775037, 124.14415454545454, 2.090909090909091, 200.27272727272728, 52.27272727272727
446, 576.7605620095312, 123.63241666666663, 1.7424242424242424, 199.66666666666666, 51.81818181818182
447, 576.3550645415587, 124.01428636363634, 1.9848484848484849, 199.9848484848485, 52.89393939393939
448, 575.9495670735861, 125.24709545454546, 2.6818181818181817, 201.3181818181818, 55.015151515151516
449, 575.5440696056136, 125.72800151515155, 3.3181818181818183, 201.34848484848484, 57.40909090909091
450, 575.1385721376411, 124.8891424242424, 2.515151515151515, 200.36363636363637, 57.22727272727273
451, 574.7330746696686, 124.9301, 2.484848484848485, 200.25757575757575, 58.21212121212121
452, 574.327577201696, 125.00514242424244, 2.212121212121212, 200.42424242424244, 58.72727272727273
453, 573.9220797337234, 125.79430303030301, 2.878787878787879, 200.9848484848485, 61.015151515151516
454, 573.5165822657509, 125.15332878787878, 2.1666666666666665, 200.28787878787878, 60.84848484848485
455, 573.1110847977784, 124.99922575757572, 2.4393939393939394, 199.63636363636363, 62.13636363636363
456, 572.7055873298059, 125.11229242424237, 2.0757575757575757, 199.87878787878788, 62.833333333333336
457, 572.3000898618334, 125.96025909090909, 3.015151515151515, 200.42424242424244, 65.0
458, 571.8945923938609, 125.3304909090909, 2.3636363636363638, 199.72727272727272, 64.77272727272727
459, 571.4890949258884, 125.20731818181817, 2.272727272727273, 199.36363636363637, 65.8030303030303
460, 571.0835974579157, 125.16422424242421, 2.303030303030303, 199.24242424242425, 65.96969696969697
461, 570.6780999899432, 125.61864090909096, 2.6818181818181817, 199.5, 67.63636363636364
462, 570.2726025219707, 126.3021575757576, 2.9696969696969697, 200.3030303030303, 68.74242424242425
463, 569.8671050539982, 125.86838030303038, 2.712121212121212, 199.63636363636363, 69.04545454545455
464, 569.4616075860256, 125.00328636363635, 1.9848484848484849, 198.62121212121212, 68.5909090909091
465, 569.0561101180531, 124.44835151515156, 2.090909090909091, 197.43939393939394, 69.53030303030303
466, 568.6506126500806, 124.37084242424243, 2.0303030303030303, 197.1969696969697, 70.25757575757575
467, 568.2451151821081, 126.13849242424241, 3.257575757575758, 198.92424242424244, 73.65151515151516
468, 567.8396177141356, 125.18060606060607, 2.272727272727273, 197.8939393939394, 73.13636363636364
469, 567.434120246163, 125.43524242424243, 2.727272727272727, 197.66666666666666, 75.34848484848484
470, 567.0286227781905, 125.14185454545458, 2.0606060606060606, 197.5151515151515, 75.3030303030303
471, 566.6231253102179, 125.36934242424245, 2.3333333333333335, 197.36363636363637, 77.36363636363636
472, 566.2176278422454, 125.79624393939395, 2.257575757575758, 198.0, 78.03030303030303
473, 565.8121303742729, 125.22753939393938, 2.1818181818181817, 196.96969696969697, 78.54545454545455
474, 565.4066329063004, 125.39434848484848, 1.9696969696969697, 197.3030303030303, 78.84848484848484
475, 565.0011354383279, 125.52594393939393, 2.227272727272727, 197.06060606060606, 80.57575757575758
476, 564.5956379703553, 125.30072121212115, 1.878787878787879, 196.84848484848484, 80.60606060606061
477, 564.1901405023827, 124.71776818181816, 1.5606060606060606, 195.78787878787878, 81.78787878787878
478, 563.7846430344102, 125.73911363636363, 2.196969696969697, 196.92424242424244, 83.22727272727273
479, 563.3791455664377, 125.96324848484848, 2.515151515151515, 196.8939393939394, 84.51515151515152
480, 562.9736480984652, 125.30297575757575, 2.0606060606060606, 196.12121212121212, 83.89393939393939
481, 562.5681506304927, 125.05794848484845, 1.7272727272727273, 195.6969696969697, 84.8030303030303
482, 562.1626531625202, 125.24359848484842, 1.893939393939394, 195.86363636363637, 85.13636363636364
483, 561.7571556945476, 125.65980303030298, 2.4242424242424243, 195.9848484848485, 86.77272727272727
484, 561.3516582265751, 125.75618333333328, 2.257575757575758, 196.15151515151516, 87.1969696969697
485, 560.9461607586026, 126.20312878787875, 2.9545454545454546, 196.16666666666666, 89.21212121212122
486, 560.54066329063, 126.10696969696971, 2.727272727272727, 196.03030303030303, 89.66666666666667
487, 560.1351658226574, 126.24267272727268, 2.9696969696969697, 195.78787878787878, 91.46969696969697
488, 559.7296683546849, 125.86088181818181, 2.5454545454545454, 195.3181818181818, 91.65151515151516
489, 559.3241708867124, 125.2273, 2.4545454545454546, 194.0909090909091, 92.65151515151516
490, 558.9186734187399, 125.18952121212125, 2.0606060606060606, 194.12121212121212, 93.1969696969697
491, 558.5131759507674, 125.11797727272727, 1.893939393939394, 193.75757575757575, 94.87878787878788
492, 558.1076784827949, 125.87003333333332, 2.8484848484848486, 194.28787878787878, 96.24242424242425
493, 557.7021810148224, 125.98103636363632, 2.8181818181818183, 194.13636363636363, 98.07575757575758
494, 557.2966835468497, 125.17399696969697, 2.0, 193.25757575757575, 97.66666666666667
495, 556.8911860788772, 125.95258636363639, 2.621212121212121, 193.8939393939394, 99.5909090909091
496, 556.4856886109047, 125.44681212121213, 2.0303030303030303, 193.22727272727272, 100.13636363636364
497, 556.0801911429322, 126.02116363636367, 2.909090909090909, 193.27272727272728, 102.63636363636364
498, 555.6746936749597, 124.76332878787878, 1.5606060606060606, 191.86363636363637, 102.39393939393939
499, 555.2691962069871, 125.51448787878786, 2.696969696969697, 192.0909090909091, 104.83333333333333
500, 554.8636987390146, 125.07589848484845, 1.7727272727272727, 191.78787878787878, 104.96969696969697
501, 554.4582012710421, 125.87738636363635, 2.803030303030303, 192.16666666666666, 107.34848484848484
502, 554.0527038030696, 125.49118333333331, 2.106060606060606, 191.86363636363637, 107.34848484848484
503, 553.647206335097, 126.20095454545454, 3.0303030303030303, 192.16666666666666, 109.5909090909091
504, 553.2417088671245, 124.97821515151513, 1.9393939393939394, 190.83333333333334, 108.5909090909091
505, 552.836211399152, 125.54547424242423, 2.6818181818181817, 191.03030303030303, 110.60606060606061
506, 552.4307139311794, 125.84597121212124, 2.712121212121212, 191.4090909090909, 111.21212121212122
507, 552.0252164632069, 125.77793636363634, 2.909090909090909, 190.95454545454547, 112.43939393939394
508, 551.6197189952344, 125.17099848484844, 2.1363636363636362, 190.37878787878788, 112.10606060606061
509, 551.2142215272619, 124.95302727272725, 2.1515151515151514, 189.78787878787878, 113.1969696969697
510, 550.8087240592893, 124.89552727272724, 1.8484848484848484, 189.8030303030303, 113.4090909090909
511, 550.4032265913168, 125.2937121212121, 2.4242424242424243, 189.8939393939394, 114.92424242424242
512, 549.9977291233442, 124.71579090909088, 2.090909090909091, 189.0909090909091, 114.86363636363636
513, 549.5922316553717, 125.6838742424242, 2.9242424242424243, 189.72727272727272, 117.89393939393939
514, 549.1867341873992, 125.2700318181818, 2.5606060606060606, 189.15151515151516, 118.18181818181819
515, 548.7812367194267, 125.59524242424246, 3.0303030303030303, 189.15151515151516, 119.8030303030303
516, 548.3757392514542, 124.35800606060603, 1.9090909090909092, 187.8030303030303, 118.83333333333333
517, 547.9702417834817, 124.86652878787872, 2.4393939393939394, 187.96969696969697, 121.04545454545455
518, 547.5647443155091, 124.6416545454545, 2.393939393939394, 187.53030303030303, 121.45454545454545
519, 547.1592468475366, 124.68419242424241, 2.772727272727273, 187.03030303030303, 123.4090909090909
520, 546.753749379564, 124.0139863636364, 2.106060606060606, 186.15151515151516, 123.8030303030303
521, 546.3482519115915, 124.6746803030303, 2.742424242424242, 186.3939393939394, 126.68181818181819
522, 545.9427544436189, 124.31548181818184, 2.303030303030303, 185.8939393939394, 127.25757575757575
523, 545.5372569756464, 123.69158333333334, 2.0454545454545454, 184.71212121212122, 128.54545454545453
524, 545.1317595076739, 123.24372878787882, 1.6515151515151516, 184.0909090909091, 128.84848484848484
525, 544.7262620397014, 124.66759848484848, 2.803030303030303, 185.3181818181818, 132.0
526, 544.3207645717289, 123.57156666666667, 1.7575757575757576, 184.13636363636363, 131.21212121212122
527, 543.9152671037564, 123.56030757575756, 2.0757575757575757, 183.77272727272728, 132.15151515151516
528, 543.5097696357839, 123.66305757575755, 2.0, 183.83333333333334, 132.93939393939394
529, 543.1042721678112, 123.70935606060604, 2.196969696969697, 183.5, 134.54545454545453
530, 542.6987746998387, 123.21180454545454, 1.6515151515151516, 182.92424242424244, 134.57575757575756
531, 542.2932772318662, 123.64278939393937, 2.257575757575758, 183.0909090909091, 135.9090909090909
532, 541.8877797638937, 123.39410757575756, 1.9545454545454546, 182.83333333333334, 135.84848484848484
533, 541.4822822959211, 123.51112121212118, 2.4242424242424243, 182.57575757575756, 136.96969696969697
534, 541.0767848279486, 123.89780454545456, 2.8636363636363638, 182.86363636363637, 137.72727272727272
535, 540.6712873599761, 123.08001363636365, 2.287878787878788, 181.56060606060606, 138.77272727272728
536, 540.2657898920036, 122.35281060606059, 1.893939393939394, 180.56060606060606, 138.57575757575756
537, 539.8602924240311, 123.28190909090907, 2.878787878787879, 181.0151515151515, 141.8030303030303
538, 539.4547949560585, 122.39584696969699, 1.9848484848484849, 179.96969696969697, 141.75757575757575
539, 539.049297488086, 122.32278030303033, 2.196969696969697, 179.25757575757575, 144.22727272727272
540, 538.6438000201135, 121.74751515151513, 1.8181818181818181, 178.3939393939394, 144.62121212121212
541, 538.2383025521409, 122.7422333333333, 2.9696969696969697, 178.86363636363637, 147.9090909090909
542, 537.8328050841684, 121.9278833333333, 2.227272727272727, 177.84848484848484, 147.93939393939394
543, 537.4273076161959, 120.96658484848483, 1.7272727272727273, 176.42424242424244, 148.15151515151516
544, 537.0218101482234, 120.93043787878788, 1.8333333333333333, 176.0909090909091, 149.27272727272728
545, 536.6163126802508, 121.27540909090905, 2.4242424242424243, 175.83333333333334, 152.07575757575756
546, 536.2108152122782, 120.44397272727267, 2.090909090909091, 174.54545454545453, 152.28787878787878
547, 535.8053177443057, 119.94394545454544, 2.0606060606060606, 173.6060606060606, 152.8181818181818
548, 535.3998202763332, 120.4051818181818, 2.272727272727273, 174.04545454545453, 154.04545454545453
549, 534.9943228083607, 120.33770151515154, 2.6818181818181817, 173.34848484848484, 155.96969696969697
550, 534.5888253403882, 119.01864393939391, 1.7424242424242424, 171.71212121212122, 155.28787878787878
551, 534.1833278724157, 119.85411212121213, 2.8181818181818183, 171.96969696969697, 158.46969696969697
552, 533.7778304044431, 118.57947878787876, 1.7272727272727273, 170.53030303030303, 157.56060606060606
553, 533.3723329364706, 118.8042818181818, 2.3333333333333335, 170.15151515151516, 159.8939393939394
554, 532.9668354684981, 118.57461818181814, 2.0, 169.8181818181818, 160.46969696969697
555, 532.5613380005256, 118.64603939393938, 2.6363636363636362, 169.33333333333334, 161.92424242424244
556, 532.1558405325529, 118.83567727272728, 2.772727272727273, 169.45454545454547, 162.6060606060606
557, 531.7503430645804, 118.40880606060604, 2.8484848484848486, 168.5151515151515, 163.5
558, 531.3448455966079, 117.67719545454538, 2.590909090909091, 167.5, 162.9848484848485
559, 530.9393481286354, 116.9983106060606, 2.0454545454545454, 166.62121212121212, 162.9848484848485
560, 530.5338506606629, 117.07543181818181, 2.3484848484848486, 166.43939393939394, 163.8030303030303
561, 530.1283531926904, 116.4433393939394, 2.3636363636363638, 165.06060606060606, 165.3181818181818
562, 529.7228557247179, 115.82960909090909, 1.9393939393939394, 164.25757575757575, 165.1818181818182
563, 529.3173582567454, 116.37212727272731, 2.6666666666666665, 164.4848484848485, 166.86363636363637
564, 528.9118607887727, 115.56553636363637, 2.0606060606060606, 163.56060606060606, 166.13636363636363
565, 528.5063633208002, 115.54731666666669, 2.287878787878788, 163.16666666666666, 167.4090909090909
566, 528.1008658528277, 115.32664545454543, 2.3333333333333335, 162.6969696969697, 167.77272727272728
567, 527.6953683848552, 115.75405151515153, 3.121212121212121, 162.6060606060606, 169.92424242424244
568, 527.2898709168826, 113.39945303030305, 1.5303030303030303, 159.77272727272728, 168.03030303030303
569, 526.8843734489101, 113.95102272727273, 2.3484848484848486, 159.84848484848484, 170.33333333333334
570, 526.4788759809376, 113.38575151515154, 2.0303030303030303, 159.0151515151515, 170.5
571, 526.0733785129651, 113.39049848484846, 2.590909090909091, 158.37878787878788, 172.34848484848484
572, 525.6678810449926, 112.17940909090909, 1.9696969696969697, 156.78787878787878, 171.54545454545453
573, 525.26238357702, 112.05320303030305, 2.515151515151515, 156.03030303030303, 172.9090909090909
574, 524.8568861090475, 111.50523636363634, 2.1818181818181817, 155.36363636363637, 172.4090909090909
575, 524.4513886410749, 110.58633636363638, 1.7878787878787878, 154.06060606060606, 172.0909090909091
576, 524.0458911731024, 110.9768696969697, 2.212121212121212, 154.33333333333334, 173.0
577, 523.6403937051299, 110.08996212121215, 2.196969696969697, 152.62121212121212, 174.07575757575756
578, 523.2348962371574, 109.90638636363637, 2.196969696969697, 152.28787878787878, 174.1818181818182
579, 522.8293987691849, 109.60148636363635, 2.257575757575758, 151.57575757575756, 175.0151515151515
580, 522.4239013012123, 109.18979999999999, 2.0, 151.0909090909091, 174.57575757575756
581, 522.0184038332397, 109.4867212121212, 3.090909090909091, 150.6969696969697, 176.34848484848484
582, 521.6129063652672, 108.35413787878785, 2.409090909090909, 149.3030303030303, 175.37878787878788
583, 521.2074088972947, 107.8883742424242, 2.4696969696969697, 148.27272727272728, 176.43939393939394
584, 520.8019114293222, 107.05463333333334, 2.1515151515151514, 147.0909090909091, 176.04545454545453
585, 520.3964139613497, 106.42478636363634, 2.4393939393939394, 145.62121212121212, 177.33333333333334
586, 519.9909164933772, 105.5679818181818, 2.1515151515151514, 144.37878787878788, 176.96969696969697
587, 519.5854190254046, 105.2110893939394, 2.4393939393939394, 143.3181818181818, 178.54545454545453
588, 519.1799215574321, 103.9972212121212, 1.5757575757575757, 141.86363636363637, 177.65151515151516
589, 518.7744240894596, 103.4516484848485, 2.0, 140.5151515151515, 178.6969696969697
590, 518.368926621487, 103.45755303030305, 2.0454545454545454, 140.46969696969697, 178.86363636363637
591, 517.9634291535144, 103.77441363636362, 2.8333333333333335, 140.37878787878788, 180.04545454545453
592, 517.5579316855419, 102.63676212121212, 2.227272727272727, 138.87878787878788, 179.37878787878788
593, 517.1524342175694, 102.45788939393937, 2.772727272727273, 137.96969696969697, 181.06060606060606
594, 516.7469367495969, 100.48963181818179, 1.8636363636363635, 135.4090909090909, 179.36363636363637
595, 516.3414392816244, 100.38154242424243, 2.0, 134.9848484848485, 180.24242424242425
596, 515.9359418136519, 99.23514242424243, 1.4545454545454546, 133.53030303030303, 179.1060606060606
597, 515.5304443456794, 99.65449545454548, 2.1666666666666665, 133.4848484848485, 181.15151515151516
598, 515.1249468777067, 99.23739090909092, 2.1515151515151514, 132.78787878787878, 181.12121212121212
599, 514.7194494097342, 98.49783484848484, 2.5606060606060606, 131.16666666666666, 181.9090909090909
600, 514.3139519417617, 96.90673333333334, 1.606060606060606, 129.13636363636363, 180.9090909090909
601, 513.9084544737892, 97.02063787878784, 2.712121212121212, 128.37878787878788, 182.9090909090909
602, 513.5029570058167, 95.72224545454546, 2.393939393939394, 126.48484848484848, 182.1060606060606
603, 513.0974595378441, 94.7548803030303, 2.5606060606060606, 124.66666666666667, 182.54545454545453
604, 512.6919620698716, 92.58012575757576, 1.4696969696969697, 121.89393939393939, 180.6060606060606
605, 512.2864646018991, 92.73352878787881, 2.287878787878788, 121.4090909090909, 182.3030303030303
606, 511.88096713392656, 91.97512272727272, 1.9545454545454546, 120.45454545454545, 181.43939393939394
607, 511.47546966595405, 92.05083939393941, 2.515151515151515, 120.03030303030303, 182.8181818181818
608, 511.0699721979815, 91.08485606060603, 2.0454545454545454, 118.71212121212122, 182.36363636363637
609, 510.664474730009, 90.9664484848485, 2.9393939393939394, 117.77272727272727, 183.8181818181818
610, 510.2589772620364, 89.61875606060606, 2.590909090909091, 115.84848484848484, 182.8181818181818
611, 509.8534797940639, 88.60570606060607, 2.484848484848485, 114.10606060606061, 183.1818181818182
612, 509.4479823260914, 86.71137727272726, 1.6818181818181819, 111.5909090909091, 181.62121212121212
613, 509.0424848581189, 85.6340545454545, 1.7272727272727273, 109.5, 182.8181818181818
614, 508.6369873901463, 85.29382121212117, 2.090909090909091, 108.6969696969697, 183.0151515151515
615, 508.2314899221738, 84.40904545454546, 2.272727272727273, 107.0, 183.5151515151515
616, 507.82599245420124, 84.14864545454543, 2.1818181818181817, 106.5909090909091, 183.57575757575756
617, 507.42049498622873, 84.18438333333332, 3.287878787878788, 105.9090909090909, 184.5
618, 507.0149975182562, 82.40744696969698, 1.893939393939394, 103.92424242424242, 182.78787878787878
619, 506.6095000502837, 82.18254545454543, 2.272727272727273, 103.13636363636364, 183.87878787878788
620, 506.20400258231115, 81.11988030303024, 1.9545454545454546, 101.6969696969697, 182.8030303030303
621, 505.7985051143386, 80.78561363636364, 2.3484848484848486, 100.71212121212122, 183.9090909090909
622, 505.3930076463661, 80.59620606060604, 2.6363636363636362, 100.25757575757575, 183.83333333333334
623, 504.98751017839356, 79.03901969696969, 2.0757575757575757, 97.96969696969697, 183.42424242424244
624, 504.58201271042105, 78.37442878787877, 1.9242424242424243, 97.0, 182.9848484848485
625, 504.17651524244854, 77.90542727272728, 2.242424242424242, 95.92424242424242, 183.57575757575756
626, 503.771017774476, 77.07064090909091, 2.227272727272727, 94.63636363636364, 182.92424242424244
627, 503.3655203065034, 76.15134393939394, 2.3181818181818183, 93.01515151515152, 182.96969696969697
628, 502.9600228385309, 75.67126363636363, 2.6666666666666665, 92.07575757575758, 182.6818181818182
629, 502.5545253705584, 75.30078333333334, 2.772727272727273, 91.07575757575758, 184.3030303030303
630, 502.1490279025859, 73.46098939393937, 2.227272727272727, 88.56060606060606, 182.54545454545453
631, 501.7435304346133, 72.62875909090913, 2.257575757575758, 87.03030303030303, 183.04545454545453
632, 501.3380329666408, 72.87726818181818, 2.3181818181818183, 87.27272727272727, 183.8181818181818
633, 500.9325354986683, 72.69270606060608, 2.9393939393939394, 86.42424242424242, 184.93939393939394
634, 500.52703803069573, 70.31969393939394, 1.5454545454545454, 83.51515151515152, 182.75757575757575
635, 500.1215405627232, 70.55633939393941, 2.3636363636363638, 83.15151515151516, 184.56060606060606
636, 499.7160430947507, 69.68298636363637, 2.257575757575758, 81.8030303030303, 184.12121212121212
637, 499.31054562677815, 68.77540757575758, 2.742424242424242, 79.93939393939394, 184.4848484848485
638, 498.90504815880564, 66.26383181818183, 1.5303030303030303, 76.75757575757575, 182.0151515151515
639, 498.4995506908331, 66.53220606060607, 2.6363636363636362, 76.34848484848484, 183.57575757575756
640, 498.09405322286057, 65.4156090909091, 2.090909090909091, 74.81818181818181, 183.0909090909091
641, 497.68855575488806, 64.76050757575757, 2.5, 73.28787878787878, 184.15151515151516
642, 497.2830582869155, 63.561695454545465, 1.6818181818181819, 71.81818181818181, 183.34848484848484
643, 496.877560818943, 63.092213636363674, 2.257575757575758, 70.75757575757575, 183.1818181818182
644, 496.4720633509705, 62.664306060606066, 2.242424242424242, 70.13636363636364, 182.66666666666666
645, 496.0665658829979, 61.80229090909091, 2.242424242424242, 68.60606060606061, 182.9848484848485
646, 495.6610684150254, 62.54624848484846, 2.9696969696969697, 69.3030303030303, 184.0151515151515
647, 495.2555709470529, 60.94963484848485, 2.287878787878788, 67.03030303030303, 183.5
648, 494.8500734790803, 60.20906212121211, 2.106060606060606, 65.98484848484848, 182.86363636363637
649, 494.4445760111078, 60.69448181818181, 3.0606060606060606, 65.96969696969697, 184.6969696969697
650, 494.0390785431353, 59.73242424242422, 2.5757575757575757, 64.74242424242425, 183.84848484848484
651, 493.63358107516274, 58.22977121212118, 2.1363636363636362, 62.515151515151516, 183.28787878787878
652, 493.22808360719023, 57.06920454545453, 1.893939393939394, 60.89393939393939, 182.0909090909091
653, 492.8225861392177, 55.322966666666666, 2.0, 58.015151515151516, 181.3181818181818
654, 492.41708867124515, 54.643342424242405, 1.5757575757575757, 57.196969696969695, 180.6818181818182
655, 492.01159120327264, 54.82567878787877, 2.606060606060606, 56.81818181818182, 181.53030303030303
656, 491.60609373530013, 53.78330151515149, 2.287878787878788, 55.45454545454545, 180.24242424242425
657, 491.20059626732757, 52.685931818181786, 1.893939393939394, 53.71212121212121, 180.62121212121212
658, 490.79509879935506, 52.22704545454542, 1.8181818181818181, 53.04545454545455, 180.22727272727272
659, 490.38960133138255, 51.97161515151513, 2.484848484848485, 52.10606060606061, 181.07575757575756
660, 489.98410386341, 50.18044545454545, 1.606060606060606, 49.878787878787875, 179.13636363636363
661, 489.5786063954375, 49.87085606060606, 2.5, 48.666666666666664, 180.3181818181818
662, 489.1731089274649, 49.31345606060606, 2.257575757575758, 47.878787878787875, 180.12121212121212
663, 488.7676114594924, 48.975619696969694, 3.0454545454545454, 46.666666666666664, 181.33333333333334
664, 488.3621139915199, 47.10577575757575, 1.7878787878787878, 44.43939393939394, 179.6969696969697
665, 487.9566165235473, 46.90517272727274, 2.515151515151515, 43.42424242424242, 181.25757575757575
666, 487.5511190555748, 46.487810606060606, 2.5, 42.71212121212121, 181.3030303030303
667, 487.1456215876023, 44.73842727272728, 2.242424242424242, 39.74242424242424, 181.92424242424244
668, 486.74012411962974, 42.26576666666668, 1.4242424242424243, 36.39393939393939, 179.62121212121212
669, 486.33462665165723, 42.05083030303032, 2.1515151515151514, 35.34848484848485, 181.21212121212122
670, 485.9291291836847, 41.666380303030316, 2.106060606060606, 34.666666666666664, 181.46969696969697
671, 485.52363171571216, 40.08120454545455, 2.0454545454545454, 32.0, 181.45454545454547
672, 485.11813424773965, 38.638804545454526, 1.5, 30.0, 180.53030303030303
673, 484.71263677976714, 38.711087878787886, 2.303030303030303, 29.37878787878788, 182.25757575757575
674, 484.3071393117946, 37.78275454545454, 2.0, 27.954545454545453, 182.24242424242425
675, 483.90164184382206, 36.06811818181819, 1.696969696969697, 25.28787878787879, 181.72727272727272
676, 483.49614437584955, 35.749756060606046, 2.1363636363636362, 24.439393939393938, 182.15151515151516
677, 483.090646907877, 35.2206606060606, 2.787878787878788, 22.90909090909091, 183.6818181818182
678, 482.6851494399045, 32.78613333333334, 1.5454545454545454, 19.71212121212121, 182.04545454545453
679, 482.27965197193197, 32.80946515151515, 2.621212121212121, 18.833333333333332, 183.95454545454547
680, 481.8741545039594, 30.792090909090902, 1.8181818181818181, 16.09090909090909, 182.4848484848485
681, 481.4686570359869, 30.051643939393944, 2.3484848484848486, 14.318181818181818, 183.72727272727272
682, 481.0631595680144, 27.86341818181818, 1.4242424242424243, 11.378787878787879, 182.0909090909091
683, 480.6576621000418, 27.239084848484854, 2.1818181818181817, 9.696969696969697, 183.28787878787878
684, 480.2521646320693, 26.641834848484848, 2.257575757575758, 8.590909090909092, 183.54545454545453
685, 479.8466671640968, 25.27993939393939, 2.4242424242424243, 6.121212121212121, 183.87878787878788
686, 479.44116969612423, 24.132437878787876, 1.6818181818181819, 4.712121212121212, 183.0151515151515
687, 479.0356722281517, 23.631012121212123, 2.4545454545454546, 3.287878787878788, 183.92424242424244
688, 478.63017476017916, 22.63594545454546, 1.7575757575757576, 2.121212121212121, 183.03030303030303
689, 478.22467729220665, 22.794510606060605, 2.4696969696969697, 1.7727272727272727, 184.34848484848484
690, 477.81917982423414, 23.31750151515151, 3.1666666666666665, 2.196969696969697, 184.92424242424244
691, 477.4136823562616, 22.396169696969704, 2.090909090909091, 1.2575757575757576, 184.5
692, 477.00818488828907, 22.473509090909094, 2.1818181818181817, 1.3636363636363635, 184.3939393939394
693, 476.60268742031656, 22.847654545454542, 2.5454545454545454, 1.6363636363636365, 185.3181818181818
694, 476.197189952344, 23.23963939393939, 3.0, 1.9696969696969697, 185.84848484848484
695, 475.7916924843715, 23.120554545454553, 2.787878787878788, 1.7424242424242424, 186.53030303030303
696, 475.386195016399, 22.24589848484848, 1.7727272727272727, 1.0606060606060606, 185.03030303030303
697, 474.9806975484264, 22.76355454545454, 2.3333333333333335, 1.3333333333333333, 186.6969696969697
698, 474.5752000804539, 22.704542424242426, 2.1515151515151514, 1.3636363636363635, 186.5
699, 474.1697026124814, 23.233359090909094, 2.621212121212121, 1.7575757575757576, 187.87878787878788
700, 473.7642051445088, 23.106787878787877, 2.4242424242424243, 1.6363636363636365, 187.9090909090909
701, 473.3587076765363, 23.180503030303033, 2.5454545454545454, 1.606060606060606, 188.3939393939394
702, 472.9532102085638, 22.765918181818183, 2.0303030303030303, 1.2121212121212122, 188.13636363636363
703, 472.54771274059124, 23.22701969696969, 2.5303030303030303, 1.5606060606060606, 189.07575757575756
704, 472.1422152726187, 23.08513636363637, 2.4242424242424243, 1.378787878787879, 189.04545454545453
705, 471.7367178046462, 22.807665151515142, 1.8333333333333333, 1.1363636363636365, 189.4090909090909
706, 471.33122033667365, 23.070792424242423, 2.0757575757575757, 1.378787878787879, 189.83333333333334
707, 470.92572286870114, 23.920863636363627, 3.0303030303030303, 1.9848484848484849, 191.66666666666666
708, 470.52022540072863, 23.557777272727275, 2.5303030303030303, 1.7121212121212122, 191.1969696969697
709, 470.11472793275607, 23.356033333333336, 2.242424242424242, 1.4090909090909092, 191.74242424242425
710, 469.70923046478356, 23.457510606060602, 2.3181818181818183, 1.5757575757575757, 191.57575757575756
711, 469.30373299681105, 23.737740909090896, 2.590909090909091, 1.6818181818181819, 192.77272727272728
712, 468.8982355288385, 23.758166666666664, 2.5757575757575757, 1.7272727272727273, 192.75757575757575
713, 468.492738060866, 23.585396969696962, 2.242424242424242, 1.5909090909090908, 192.8181818181818
714, 468.0872405928934, 23.105942424242418, 1.7878787878787878, 1.0909090909090908, 192.37878787878788
715, 467.6817431249209, 23.495306060606065, 2.090909090909091, 1.393939393939394, 193.43939393939394
716, 467.2762456569484, 23.35354090909091, 1.8636363636363635, 1.3181818181818181, 193.1818181818182
717, 466.8707481889758, 23.14407878787879, 1.6363636363636365, 1.121212121212121, 192.95454545454547
718, 466.4652507210033, 23.226737878787873, 1.7121212121212122, 1.196969696969697, 193.0909090909091
719, 466.0597532530308, 24.182813636363633, 2.621212121212121, 2.0303030303030303, 194.8030303030303
720, 465.65425578505824, 23.708686363636364, 2.227272727272727, 1.5909090909090908, 193.93939393939394
721, 465.24875831708573, 23.253731818181816, 1.621212121212121, 1.0303030303030303, 194.42424242424244
722, 464.8432608491132, 23.60066969696969, 2.090909090909091, 1.393939393939394, 194.36363636363637
723, 464.43776338114066, 24.400407575757573, 2.742424242424242, 2.0303030303030303, 196.3939393939394
724, 464.03226591316815, 23.89527575757575, 2.242424242424242, 1.5303030303030303, 195.84848484848484
725, 463.62676844519564, 23.971345454545457, 2.303030303030303, 1.4848484848484849, 196.5909090909091
726, 463.22127097722307, 23.441936363636362, 1.696969696969697, 1.0151515151515151, 195.95454545454547
727, 462.81577350925056, 24.510937878787875, 2.590909090909091, 1.8484848484848484, 198.6969696969697
728, 462.41027604127805, 24.250234848484848, 2.3484848484848486, 1.5454545454545454, 198.6060606060606
729, 462.0047785733055, 24.246325757575757, 2.196969696969697, 1.4393939393939394, 199.5151515151515
730, 461.599281105333, 24.84004696969697, 2.8636363636363638, 1.9848484848484849, 200.16666666666666
731, 461.19378363736047, 24.42669090909091, 2.1818181818181817, 1.5454545454545454, 200.5909090909091
732, 460.7882861693879, 24.393049999999988, 2.227272727272727, 1.4090909090909092, 200.87878787878788
733, 460.3827887014154, 24.953121212121218, 2.727272727272727, 1.7878787878787878, 202.53030303030303
734, 459.9772912334429, 24.503362121212117, 2.1363636363636362, 1.4696969696969697, 201.77272727272728
735, 459.5717937654703, 24.476183333333335, 2.106060606060606, 1.3181818181818181, 202.3939393939394
736, 459.1662962974978, 25.227050000000002, 2.8333333333333335, 2.015151515151515, 203.4848484848485
737, 458.76079882952524, 24.92892272727272, 2.4393939393939394, 1.6666666666666667, 203.6969696969697
738, 458.35530136155273, 25.072489393939403, 2.5303030303030303, 1.9090909090909092, 203.46969696969697
739, 457.9498038935802, 24.966689393939397, 2.3484848484848486, 1.7272727272727273, 203.95454545454547
740, 457.54430642560766, 24.538783333333342, 1.8636363636363635, 1.4393939393939394, 202.95454545454547
741, 457.13880895763515, 25.826545454545457, 3.1818181818181817, 2.5, 205.33333333333334
742, 456.73331148966264, 24.846116666666664, 2.1666666666666665, 1.5909090909090908, 204.07575757575756
743, 456.3278140216901, 24.52273333333333, 1.7575757575757576, 1.2424242424242424, 204.1060606060606
744, 455.92231655371756, 24.96525606060606, 2.287878787878788, 1.5909090909090908, 204.8030303030303
745, 455.51681908574506, 26.109963636363634, 3.242424242424242, 2.5606060606060606, 207.34848484848484
746, 455.1113216177725, 24.792101515151515, 1.8636363636363635, 1.303030303030303, 205.87878787878788
747, 454.7058241498, 24.842933333333328, 1.878787878787879, 1.1818181818181819, 206.9090909090909
748, 454.30032668182747, 25.29992575757576, 2.257575757575758, 1.5909090909090908, 207.8181818181818
749, 453.8948292138549, 25.194213636363635, 2.106060606060606, 1.2878787878787878, 208.84848484848484
750, 453.4893317458824, 25.241674242424242, 2.196969696969697, 1.3636363636363635, 208.63636363636363
751, 453.0838342779099, 25.4934, 2.3636363636363638, 1.4545454545454546, 209.93939393939394
752, 452.6783368099373, 25.335669696969692, 2.242424242424242, 1.3181818181818181, 209.57575757575756
753, 452.2728393419648, 25.940906060606054, 2.606060606060606, 1.7727272727272727, 211.5909090909091
754, 451.8673418739923, 25.597242424242427, 2.272727272727273, 1.4393939393939394, 211.16666666666666
755, 451.46184440601974, 25.884639393939388, 2.5454545454545454, 1.5606060606060606, 212.34848484848484
756, 451.0563469380472, 25.600457575757584, 2.242424242424242, 1.3484848484848484, 211.74242424242425
757, 450.6508494700747, 25.49537727272728, 1.8333333333333333, 1.2424242424242424, 212.43939393939394
758, 450.24535200210215, 25.408145454545462, 1.7272727272727273, 1.2272727272727273, 212.03030303030303
759, 449.83985453412964, 26.69641515151515, 2.9696969696969697, 2.227272727272727, 214.92424242424244
760, 449.43435706615713, 26.228310606060607, 2.5, 1.8484848484848484, 214.0
761, 449.02885959818457, 25.606034848484846, 1.7727272727272727, 1.196969696969697, 213.8030303030303
762, 448.62336213021206, 25.804987878787877, 1.9393939393939394, 1.3333333333333333, 214.4090909090909
763, 448.2178646622395, 25.904662121212116, 2.015151515151515, 1.393939393939394, 214.77272727272728
764, 447.812367194267, 25.935477272727276, 2.0454545454545454, 1.4545454545454546, 214.65151515151516
765, 447.4068697262945, 26.192134848484855, 2.287878787878788, 1.621212121212121, 215.4090909090909
766, 447.0013722583219, 26.29718030303031, 2.4393939393939394, 1.6818181818181819, 215.62121212121212
767, 446.5958747903494, 26.0377893939394, 2.106060606060606, 1.5303030303030303, 215.0
768, 446.1903773223769, 26.180465151515154, 2.3181818181818183, 1.621212121212121, 215.22727272727272
769, 445.7848798544043, 26.11731363636363, 2.1666666666666665, 1.4848484848484849, 215.77272727272728
770, 445.3793823864318, 25.669333333333334, 1.6666666666666667, 1.196969696969697, 214.63636363636363
771, 444.9738849184593, 26.31960909090909, 2.393939393939394, 1.6666666666666667, 216.0151515151515
772, 444.56838745048674, 25.76877575757576, 1.7878787878787878, 1.2575757575757576, 214.87878787878788
773, 444.16288998251423, 25.86688636363637, 1.893939393939394, 1.303030303030303, 215.22727272727272
774, 443.7573925145417, 25.7764590909091, 1.9242424242424243, 1.2424242424242424, 214.66666666666666
775, 443.35189504656915, 25.973289393939396, 2.106060606060606, 1.393939393939394, 215.13636363636363
776, 442.94639757859665, 26.019657575757577, 2.212121212121212, 1.5454545454545454, 214.4848484848485
777, 442.54090011062414, 26.382157575757585, 2.515151515151515, 1.893939393939394, 215.07575757575756
778, 442.13540264265157, 25.65841818181817, 1.7272727272727273, 1.3181818181818181, 213.75757575757575
779, 441.72990517467906, 25.982404545454546, 2.1666666666666665, 1.5757575757575757, 214.12121212121212
780, 441.32440770670655, 26.16621515151515, 2.393939393939394, 1.7878787878787878, 214.04545454545453
781, 440.918910238734, 25.369407575757577, 1.5303030303030303, 1.0909090909090908, 212.9090909090909
782, 440.5134127707615, 25.805536363636374, 2.0606060606060606, 1.4696969696969697, 213.3939393939394
783, 440.10791530278897, 26.22658333333333, 2.5, 1.8484848484848484, 213.9848484848485
784, 439.7024178348164, 25.498228787878784, 1.803030303030303, 1.3333333333333333, 212.07575757575756
785, 439.2969203668439, 25.345613636363627, 1.893939393939394, 1.121212121212121, 211.5909090909091
786, 438.8914228988714, 26.005656060606054, 2.5303030303030303, 1.8333333333333333, 212.04545454545453
787, 438.4859254308988, 25.836469696969694, 2.4242424242424243, 1.7727272727272727, 211.15151515151516
788, 438.0804279629263, 25.454366666666665, 2.090909090909091, 1.5151515151515151, 210.0
789, 437.67493049495374, 25.267083333333332, 1.893939393939394, 1.378787878787879, 209.57575757575756
790, 437.26943302698123, 24.80313787878788, 1.5, 1.0303030303030303, 208.33333333333334
791, 436.8639355590087, 25.993587878787874, 2.757575757575758, 2.106060606060606, 209.93939393939394
792, 436.45843809103616, 25.458033333333322, 2.393939393939394, 1.7878787878787878, 207.83333333333334
793, 436.05294062306365, 25.25877575757576, 2.5454545454545454, 1.4242424242424243, 207.56060606060606
794, 435.64744315509114, 25.138587878787874, 2.4545454545454546, 1.4393939393939394, 206.66666666666666
795, 435.2419456871186, 24.840545454545456, 2.272727272727273, 1.2272727272727273, 205.62121212121212
796, 434.83644821914606, 24.826080303030306, 2.227272727272727, 1.378787878787879, 204.83333333333334
797, 434.43095075117355, 25.38966515151515, 2.893939393939394, 1.878787878787879, 205.45454545454547
798, 434.025453283201, 24.660795454545458, 2.196969696969697, 1.3333333333333333, 203.6969696969697
799, 433.6199558152285, 25.20580151515151, 2.893939393939394, 1.8333333333333333, 204.07575757575756
800, 433.21445834725597, 24.741912121212124, 2.393939393939394, 1.7272727272727273, 201.86363636363637
801, 432.8089608792834, 24.436540909090912, 2.3181818181818183, 1.4545454545454546, 200.78787878787878
802, 432.4034634113109, 23.814030303030307, 1.8181818181818181, 1.0606060606060606, 198.66666666666666
803, 431.9979659433384, 23.7570303030303, 1.8181818181818181, 1.0606060606060606, 198.16666666666666
804, 431.5924684753658, 24.287853030303022, 2.378787878787879, 1.803030303030303, 197.53030303030303
805, 431.1869710073933, 24.045574242424244, 2.287878787878788, 1.5454545454545454, 196.96969696969697
806, 430.7814735394208, 24.116809090909094, 2.3636363636363638, 1.8636363636363635, 195.75757575757575
807, 430.37597607144824, 24.086054545454534, 2.6363636363636362, 1.8636363636363635, 194.77272727272728
808, 429.9704786034757, 23.64592121212122, 2.303030303030303, 1.5454545454545454, 193.42424242424244
809, 429.5649811355032, 23.611616666666663, 2.4696969696969697, 1.5757575757575757, 192.53030303030303
810, 429.15948366753065, 23.22898787878788, 2.242424242424242, 1.4545454545454546, 190.3939393939394
811, 428.75398619955814, 23.595818181818174, 2.727272727272727, 1.9090909090909092, 190.0
812, 428.3484887315856, 23.006804545454543, 2.257575757575758, 1.5303030303030303, 188.0151515151515
813, 427.94299126361307, 22.546433333333326, 1.878787878787879, 1.2272727272727273, 186.53030303030303
814, 427.53749379564056, 22.55704393939393, 1.9848484848484849, 1.4090909090909092, 185.4090909090909
815, 427.131996327668, 23.047662121212117, 2.621212121212121, 1.9090909090909092, 185.46969696969697
816, 426.7264988596955, 22.767972727272728, 2.393939393939394, 1.8484848484848484, 183.92424242424244
817, 426.321001391723, 21.90018484848485, 1.6363636363636365, 1.106060606060606, 182.12121212121212
818, 425.9155039237504, 22.60363181818182, 2.4696969696969697, 1.9242424242424243, 181.8939393939394
819, 425.5100064557779, 22.43285606060606, 2.3484848484848486, 1.8333333333333333, 181.1818181818182
820, 425.1045089878054, 21.561671212121205, 1.621212121212121, 1.2727272727272727, 178.33333333333334
821, 424.6990115198328, 22.015021212121212, 2.515151515151515, 1.7575757575757576, 177.46969696969697
822, 424.2935140518603, 21.482096969696975, 2.0606060606060606, 1.3636363636363635, 176.0151515151515
823, 423.8880165838878, 21.92428333333334, 2.772727272727273, 1.8484848484848484, 175.53030303030303
824, 423.48251911591524, 21.262251515151515, 2.1818181818181817, 1.4393939393939394, 173.37878787878788
825, 423.07702164794273, 20.991269696969702, 2.1515151515151514, 1.2727272727272727, 171.93939393939394
826, 422.6715241799702, 20.636371212121208, 1.893939393939394, 1.1818181818181819, 169.96969696969697
827, 422.26602671199765, 20.54002272727272, 2.0454545454545454, 1.1818181818181819, 168.72727272727272
828, 421.86052924402514, 20.01434696969697, 1.5303030303030303, 1.0606060606060606, 166.0909090909091
829, 421.45503177605264, 20.257625757575756, 2.227272727272727, 1.2878787878787878, 165.22727272727272
830, 421.04953430808007, 20.23768636363636, 2.378787878787879, 1.5151515151515151, 163.4848484848485
831, 420.64403684010756, 20.260759090909083, 2.5606060606060606, 1.606060606060606, 162.74242424242425
832, 420.23853937213505, 19.568219696969702, 1.893939393939394, 1.2424242424242424, 160.28787878787878
833, 419.8330419041625, 19.221959090909092, 1.7727272727272727, 1.0909090909090908, 158.34848484848484
834, 419.42754443619, 19.66825909090909, 2.409090909090909, 1.7272727272727273, 157.3181818181818
835, 419.02204696821747, 19.65304848484848, 2.5454545454545454, 1.7878787878787878, 156.5151515151515
836, 418.6165495002449, 18.592010606060608, 1.5606060606060606, 1.0909090909090908, 153.37878787878788
837, 418.2110520322724, 18.95244848484849, 2.1818181818181817, 1.5151515151515151, 152.72727272727272
838, 417.8055545642998, 18.445584848484852, 1.7272727272727273, 1.3333333333333333, 150.4090909090909
839, 417.4000570963273, 18.91623333333334, 2.6666666666666665, 1.8333333333333333, 149.5
840, 416.9945596283548, 18.81000909090909, 2.6363636363636362, 1.9090909090909092, 148.25757575757575
841, 416.58906216038224, 18.48122878787879, 2.5606060606060606, 1.6818181818181819, 146.74242424242425
842, 416.18356469240973, 18.212074242424244, 2.4393939393939394, 1.696969696969697, 144.62121212121212
843, 415.7780672244372, 17.664542424242427, 2.1515151515151514, 1.2727272727272727, 142.75757575757575
844, 415.37256975646466, 17.158193939393932, 1.696969696969697, 1.121212121212121, 140.28787878787878
845, 414.96707228849215, 17.415625757575764, 2.5303030303030303, 1.4090909090909092, 138.87878787878788
846, 414.56157482051964, 17.66583484848485, 2.8636363636363638, 1.8333333333333333, 138.0151515151515
847, 414.1560773525471, 17.15190000000001, 2.515151515151515, 1.606060606060606, 135.5909090909091
848, 413.75057988457456, 16.298100000000005, 1.7272727272727273, 1.0, 133.28787878787878
849, 413.34508241660205, 17.40431060606061, 3.106060606060606, 2.0, 134.22727272727272
850, 412.9395849486295, 16.756398484848486, 2.5303030303030303, 1.5454545454545454, 132.3939393939394
851, 412.534087480657, 16.444192424242424, 2.3181818181818183, 1.4393939393939394, 130.75757575757575
852, 412.12859001268447, 15.942045454545458, 1.8181818181818181, 1.3181818181818181, 128.28787878787878
853, 411.7230925447119, 15.674398484848487, 1.7727272727272727, 1.106060606060606, 127.15151515151516
854, 411.3175950767394, 15.672196969696973, 1.9696969696969697, 1.2727272727272727, 125.75757575757575
855, 410.9120976087669, 15.772146969696967, 2.4696969696969697, 1.4090909090909092, 124.62121212121212
856, 410.5066001407943, 15.765706060606062, 2.6363636363636362, 1.7575757575757576, 122.33333333333333
857, 410.1011026728218, 15.141304545454545, 2.106060606060606, 1.378787878787879, 120.1969696969697
858, 409.6956052048493, 15.226021212121214, 2.3636363636363638, 1.8333333333333333, 117.92424242424242
859, 409.29010773687673, 14.8466803030303, 2.4393939393939394, 1.4545454545454546, 116.34848484848484
860, 408.8846102689042, 14.349722727272729, 2.015151515151515, 1.4242424242424243, 113.25757575757575
861, 408.4791128009317, 14.456977272727276, 2.5, 1.5454545454545454, 112.3030303030303
862, 408.07361533295915, 14.127316666666665, 2.287878787878788, 1.5303030303030303, 110.04545454545455
863, 407.66811786498664, 13.992821212121209, 2.242424242424242, 1.5303030303030303, 108.98484848484848
864, 407.2626203970141, 13.643481818181819, 2.0, 1.5, 106.71212121212122
865, 406.85712292904157, 13.882883333333334, 2.5303030303030303, 1.7878787878787878, 105.93939393939394
866, 406.45162546106906, 12.675251515151523, 1.4242424242424243, 1.0, 102.3030303030303
867, 406.0461279930965, 12.950204545454545, 2.0454545454545454, 1.2727272727272727, 101.68181818181819
868, 405.640630525124, 12.694566666666669, 1.9090909090909092, 1.3333333333333333, 99.48484848484848
869, 405.2351330571515, 12.9001696969697, 2.393939393939394, 1.6515151515151516, 98.37878787878788
870, 404.8296355891789, 12.886346969696973, 2.4393939393939394, 1.9696969696969697, 96.5
871, 404.4241381212064, 12.535343939393936, 2.3181818181818183, 1.7424242424242424, 94.9090909090909
872, 404.0186406532339, 11.074131818181819, 0.9545454545454546, 0.7272727272727273, 90.89393939393939
873, 403.6131431852613, 12.062127272727276, 2.3636363636363638, 1.4545454545454546, 92.12121212121212
874, 403.2076457172888, 11.638325757575759, 2.0454545454545454, 1.4242424242424243, 89.39393939393939
875, 402.8021482493163, 11.622206060606057, 2.3333333333333335, 1.4090909090909092, 88.57575757575758
876, 402.39665078134374, 11.502622727272728, 2.257575757575758, 1.803030303030303, 85.6969696969697
877, 401.9911533133712, 10.866948484848487, 1.878787878787879, 1.3484848484848484, 83.45454545454545
878, 401.5856558453987, 10.449893939393938, 1.6666666666666667, 1.2727272727272727, 80.74242424242425
879, 401.18015837742615, 10.905221212121216, 2.484848484848485, 1.6818181818181819, 80.48484848484848
880, 400.77466090945364, 10.212587878787879, 1.8484848484848484, 1.2878787878787878, 78.10606060606061
881, 400.36916344148113, 10.127307575757573, 2.0757575757575757, 1.3181818181818181, 76.60606060606061
882, 399.96366597350857, 9.856098484848484, 1.893939393939394, 1.3636363636363635, 74.46969696969697
883, 399.55816850553606, 10.39653181818182, 2.5606060606060606, 1.9242424242424243, 74.57575757575758
884, 399.15267103756355, 9.864549999999994, 2.0757575757575757, 1.7121212121212122, 72.27272727272727
885, 398.747173569591, 9.511769696969695, 2.0, 1.393939393939394, 71.01515151515152
886, 398.3416761016185, 9.956787878787878, 2.5757575757575757, 2.106060606060606, 69.74242424242425
887, 397.9361786336459, 9.105646969696966, 2.015151515151515, 1.3181818181818181, 67.8030303030303
888, 397.5306811656734, 8.311516666666668, 1.196969696969697, 0.8939393939393939, 65.16666666666667
889, 397.1251836977009, 9.577442424242426, 2.696969696969697, 2.0454545454545454, 66.4090909090909
890, 396.7196862297283, 9.641718181818186, 2.8181818181818183, 2.272727272727273, 65.48484848484848
891, 396.3141887617558, 8.773116666666665, 2.3181818181818183, 1.4242424242424243, 63.54545454545455
892, 395.9086912937833, 8.493383333333334, 2.0757575757575757, 1.4242424242424243, 61.72727272727273
893, 395.50319382581074, 8.974178787878786, 2.757575757575758, 1.9696969696969697, 61.34848484848485
894, 395.09769635783823, 7.724803030303031, 1.6666666666666667, 1.0, 58.24242424242424
895, 394.6921988898657, 8.547810606060604, 2.6515151515151514, 1.8181818181818181, 58.666666666666664
896, 394.28670142189316, 8.074771212121213, 2.287878787878788, 1.621212121212121, 56.484848484848484
897, 393.88120395392065, 7.800636363636364, 2.272727272727273, 1.4090909090909092, 55.21212121212121
898, 393.47570648594814, 7.485025757575758, 2.015151515151515, 1.393939393939394, 53.196969696969695
899, 393.07020901797557, 7.658687878787878, 2.3636363636363638, 1.621212121212121, 52.63636363636363
900, 392.66471155000306, 6.746863636363636, 1.5151515151515151, 1.106060606060606, 49.515151515151516
901, 392.25921408203055, 7.325392424242423, 2.287878787878788, 1.6363636363636365, 49.833333333333336
902, 391.853716614058, 6.49321212121212, 1.5151515151515151, 1.121212121212121, 47.21212121212121
903, 391.4482191460855, 6.989666666666667, 2.272727272727273, 1.5606060606060606, 47.31818181818182
904, 391.04272167811297, 6.533736363636365, 1.878787878787879, 1.378787878787879, 45.28787878787879
905, 390.6372242101404, 6.742184848484849, 2.393939393939394, 1.6363636363636365, 44.43939393939394
906, 390.2317267421679, 6.56956818181818, 2.196969696969697, 1.6515151515151516, 43.36363636363637
907, 389.8262292741954, 7.023681818181819, 2.878787878787879, 2.1515151515151514, 42.984848484848484
908, 389.4207318062228, 6.760115151515151, 2.6363636363636362, 1.9848484848484849, 42.166666666666664
909, 389.0152343382503, 5.9154606060606065, 1.9090909090909092, 1.2575757575757576, 40.40909090909091
910, 388.6097368702778, 5.990778787878784, 2.0606060606060606, 1.5, 39.42424242424242
911, 388.20423940230523, 6.175012121212123, 2.4545454545454546, 1.6515151515151516, 39.22727272727273
912, 387.7987419343327, 5.744381818181818, 2.090909090909091, 1.4090909090909092, 37.65151515151515
913, 387.39324446636016, 5.324930303030303, 1.606060606060606, 1.2121212121212122, 36.25757575757576
914, 386.98774699838765, 5.504359090909092, 2.015151515151515, 1.4242424242424243, 35.666666666666664
915, 386.58224953041514, 6.240875757575758, 2.909090909090909, 2.106060606060606, 36.27272727272727
916, 386.1767520624426, 5.518775757575757, 2.090909090909091, 1.6515151515151516, 34.42424242424242
917, 385.77125459447007, 6.127140909090908, 2.984848484848485, 2.212121212121212, 34.53030303030303
918, 385.36575712649756, 4.644996969696968, 1.393939393939394, 1.0151515151515151, 31.863636363636363
919, 384.960259658525, 5.2931409090909085, 2.378787878787879, 1.606060606060606, 31.924242424242426
920, 384.5547621905525, 4.710959090909093, 1.7727272727272727, 1.1818181818181819, 30.59090909090909
921, 384.14926472257997, 4.896178787878787, 2.1515151515151514, 1.4545454545454546, 29.818181818181817
922, 383.7437672546074, 5.018315151515154, 2.303030303030303, 1.606060606060606, 29.71212121212121
923, 383.3382697866349, 4.625386363636364, 2.196969696969697, 1.2878787878787878, 28.181818181818183
924, 382.9327723186624, 4.469339393939394, 2.0606060606060606, 1.2121212121212122, 27.560606060606062
925, 382.5272748506898, 4.4290348484848465, 2.0757575757575757, 1.3181818181818181, 26.62121212121212
926, 382.1217773827173, 4.616419696969698, 2.3181818181818183, 1.5757575757575757, 26.303030303030305
927, 381.7162799147448, 4.692340909090909, 2.5, 1.7272727272727273, 25.71212121212121
928, 381.31078244677224, 4.354543939393941, 2.1363636363636362, 1.5606060606060606, 24.560606060606062
929, 380.9052849787997, 3.9228166666666664, 1.9848484848484849, 1.1818181818181819, 23.12121212121212
930, 380.4997875108272, 4.260559090909092, 2.4393939393939394, 1.5757575757575757, 22.863636363636363
931, 380.09429004285465, 4.661165151515153, 3.196969696969697, 1.8636363636363635, 22.90909090909091
932, 379.68879257488214, 4.027201515151515, 2.5303030303030303, 1.2878787878787878, 22.060606060606062
933, 379.28329510690963, 3.715062121212121, 2.106060606060606, 1.2575757575757576, 20.59090909090909
934, 378.87779763893707, 3.9091242424242436, 2.393939393939394, 1.5151515151515151, 20.21212121212121
935, 378.47230017096456, 3.749931818181817, 2.3484848484848486, 1.4848484848484849, 19.09090909090909
936, 378.06680270299205, 4.010359090909091, 2.621212121212121, 1.8484848484848484, 18.78787878787879
937, 377.6613052350195, 3.6590999999999996, 2.6363636363636362, 1.5454545454545454, 17.227272727272727
938, 377.255807767047, 3.2628954545454554, 2.257575757575758, 1.2575757575757576, 16.227272727272727
939, 376.8503102990744, 3.6248712121212137, 2.803030303030303, 1.6818181818181819, 15.787878787878787
940, 376.4448128311019, 2.999851515151515, 2.090909090909091, 1.2121212121212122, 14.590909090909092
941, 376.0393153631294, 3.5749575757575762, 2.8484848484848486, 1.9090909090909092, 14.06060606060606
942, 375.6338178951568, 3.2008545454545456, 2.3636363636363638, 1.6363636363636365, 13.454545454545455
943, 375.2283204271843, 3.8254893939393937, 3.4393939393939394, 2.090909090909091, 13.772727272727273
944, 374.8228229592118, 2.7420681818181816, 2.196969696969697, 1.1515151515151516, 12.363636363636363
945, 374.41732549123924, 2.9221984848484857, 2.409090909090909, 1.5151515151515151, 11.515151515151516
946, 374.01182802326673, 3.0491651515151523, 2.590909090909091, 1.621212121212121, 11.606060606060606
947, 373.6063305552942, 3.481210606060607, 3.0454545454545454, 2.0757575757575757, 11.863636363636363
948, 373.20083308732166, 2.8494393939393943, 2.4242424242424243, 1.4393939393939394, 11.227272727272727
949, 372.79533561934915, 3.3356227272727272, 3.015151515151515, 1.9696969696969697, 11.212121212121213
950, 372.38983815137664, 3.0344439393939395, 2.6818181818181817, 1.696969696969697, 10.848484848484848
951, 371.98434068340407, 2.7533469696969686, 2.4393939393939394, 1.5151515151515151, 9.954545454545455
952, 371.57884321543156, 2.8095818181818184, 2.515151515151515, 1.5606060606060606, 10.015151515151516
953, 371.17334574745905, 2.9794378787878784, 2.893939393939394, 1.7424242424242424, 9.575757575757576
954, 370.7678482794865, 2.7693227272727268, 2.6818181818181817, 1.5454545454545454, 9.303030303030303
955, 370.362350811514, 2.4114015151515145, 2.3484848484848486, 1.2878787878787878, 8.363636363636363
956, 369.95685334354147, 2.668134848484847, 2.590909090909091, 1.5606060606060606, 8.575757575757576
957, 369.5513558755689, 2.623275757575758, 2.5454545454545454, 1.6515151515151516, 7.833333333333333
958, 369.1458584075964, 2.2666090909090912, 2.090909090909091, 1.3636363636363635, 7.378787878787879
959, 368.7403609396239, 2.94194090909091, 2.8636363636363638, 2.0, 8.0
960, 368.3348634716513, 2.3955606060606063, 2.272727272727273, 1.4848484848484849, 7.409090909090909
961, 367.9293660036788, 2.918463636363636, 2.9393939393939394, 2.0303030303030303, 7.4393939393939394
962, 367.52386853570624, 2.253521212121211, 2.212121212121212, 1.4090909090909092, 6.712121212121212
963, 367.11837106773373, 2.6798696969696962, 2.6666666666666665, 1.8333333333333333, 7.075757575757576
964, 366.7128735997612, 2.6558257575757565, 2.6515151515151514, 1.803030303030303, 7.0606060606060606
965, 366.30737613178866, 2.855413636363635, 2.8333333333333335, 2.015151515151515, 7.242424242424242
966, 365.90187866381615, 2.6584636363636354, 2.6363636363636362, 1.8181818181818181, 7.045454545454546
967, 365.49638119584364, 2.988309090909091, 2.9696969696969697, 2.1515151515151514, 7.348484848484849
968, 365.0908837278711, 2.43401515151515, 2.4242424242424243, 1.5909090909090908, 6.803030303030303
969, 364.68538625989856, 2.2388181818181807, 2.272727272727273, 1.4090909090909092, 6.424242424242424
970, 364.27988879192606, 2.2654999999999985, 2.272727272727273, 1.4545454545454546, 6.424242424242424
971, 363.8743913239535, 2.712601515151514, 2.772727272727273, 1.893939393939394, 6.7727272727272725
972, 363.468893855981, 2.474496969696968, 2.4545454545454546, 1.7121212121212122, 6.454545454545454
973, 363.06339638800847, 2.5031393939393927, 2.5454545454545454, 1.696969696969697, 6.545454545454546
974, 362.6578989200359, 2.201796969696969, 2.1818181818181817, 1.4393939393939394, 6.181818181818182
975, 362.2524014520634, 3.1153954545454527, 3.1666666666666665, 2.303030303030303, 7.166666666666667
976, 361.8469039840909, 2.1866469696969695, 2.1666666666666665, 1.4242424242424243, 6.166666666666667
977, 361.4414065161183, 2.1626030303030306, 2.1515151515151514, 1.393939393939394, 6.151515151515151
978, 361.0359090481458, 2.4530909090909097, 2.4242424242424243, 1.696969696969697, 6.424242424242424
979, 360.6304115801733, 2.741921212121211, 2.757575757575758, 1.9545454545454546, 6.757575757575758
980, 360.22491411220074, 2.289078787878788, 2.242424242424242, 1.5454545454545454, 6.242424242424242
981, 359.8194166442282, 2.78737121212121, 2.803030303030303, 2.0, 6.803030303030303
982, 359.4139191762557, 2.04140303030303, 2.0303030303030303, 1.2727272727272727, 6.03030303030303
983, 359.00842170828315, 3.221445454545453, 3.272727272727273, 2.409090909090909, 7.2727272727272725
984, 358.60292424031064, 2.23835303030303, 2.227272727272727, 1.4696969696969697, 6.2272727272727275
985, 358.19742677233813, 2.7481772727272706, 2.772727272727273, 1.9545454545454546, 6.7727272727272725
986, 357.79192930436557, 2.6019530303030294, 2.590909090909091, 1.8333333333333333, 6.590909090909091
987, 357.38643183639306, 2.8614636363636357, 2.9393939393939394, 2.0303030303030303, 6.9393939393939394
988, 356.9809343684205, 2.6724272727272718, 2.696969696969697, 1.878787878787879, 6.696969696969697
989, 356.575436900448, 2.4300272727272727, 2.4545454545454546, 1.6363636363636365, 6.454545454545454
990, 356.1699394324755, 2.1599651515151512, 2.1666666666666665, 1.378787878787879, 6.166666666666667
991, 355.7644419645029, 2.5485893939393938, 2.590909090909091, 1.7424242424242424, 6.590909090909091
992, 355.3589444965304, 2.576251515151514, 2.6363636363636362, 1.7575757575757576, 6.636363636363637
993, 354.9534470285579, 2.5752712121212116, 2.590909090909091, 1.7878787878787878, 6.590909090909091
994, 354.5479495605853, 2.43892121212121, 2.4545454545454546, 1.6515151515151516, 6.454545454545454
995, 354.1424520926128, 2.315083333333332, 2.3484848484848486, 1.5151515151515151, 6.348484848484849
996, 353.7369546246403, 1.963015151515152, 1.9696969696969697, 1.1818181818181819, 5.96969696969697
997, 353.33145715666774, 2.913169696969696, 3.0, 2.0757575757575757, 7.0
