Extraction [ img/s4/seq3/b1.jpg ] effectuee 2026-05-28 17:13:07.479869
Calibration: -0.2664195129856975*x + 663.5294963737288 [largueur 2619 + 934]

pixel, longueur d'onde, intensite, r, g, b
0, 663.5294963737288, 92.0305008695652, 188.90434782608696, 43.791304347826085, 86.50434782608696
1, 663.263076860743, 93.12119217391309, 191.12173913043478, 44.12173913043478, 88.55652173913043
2, 662.9966573477574, 93.09510782608696, 191.09565217391304, 44.095652173913045, 88.5304347826087
3, 662.7302378347716, 94.27297565217384, 192.8521739130435, 44.88695652173913, 90.18260869565218
4, 662.463818321786, 93.76713826086953, 192.61739130434782, 44.21739130434783, 89.80869565217391
5, 662.1973988088002, 94.08029304347824, 194.54782608695652, 43.391304347826086, 91.74782608695652
6, 661.9309792958146, 93.78081217391303, 194.48695652173913, 42.93913043478261, 91.6086956521739
7, 661.6645597828289, 93.92078608695651, 195.26956521739132, 42.66086956521739, 92.21739130434783
8, 661.3981402698432, 93.81644869565208, 195.16521739130434, 42.55652173913043, 92.11304347826086
9, 661.1317207568575, 93.90508173913044, 196.1391304347826, 42.017391304347825, 93.11304347826086
10, 660.8653012438718, 94.49608608695652, 196.7913043478261, 42.573913043478264, 93.72173913043478
11, 660.5988817308861, 95.00556695652172, 198.6782608695652, 42.165217391304346, 95.34782608695652
12, 660.3324622179003, 94.28162260869563, 198.03478260869565, 41.391304347826086, 94.66956521739131
13, 660.0660427049147, 94.8235373913043, 200.10434782608695, 40.904347826086955, 96.50434782608696
14, 659.799623191929, 94.76350434782607, 200.17391304347825, 40.756521739130434, 96.55652173913043
15, 659.5332036789433, 95.71303043478265, 202.47826086956522, 40.81739130434783, 98.5304347826087
16, 659.2667841659576, 95.20834434782611, 202.03478260869565, 40.2695652173913, 98.08695652173913
17, 659.0003646529719, 95.37676260869561, 203.41739130434783, 39.68695652173913, 98.93913043478261
18, 658.7339451399862, 95.4482495652174, 203.50434782608696, 39.73913043478261, 99.0695652173913
19, 658.4675256270006, 96.42869565217393, 204.95652173913044, 40.391304347826086, 100.50434782608696
20, 658.2011061140148, 95.5186652173913, 204.2173913043478, 39.391304347826086, 99.6086956521739
21, 657.9346866010292, 96.2625052173913, 206.33913043478262, 39.25217391304348, 101.28695652173913
22, 657.6682670880434, 96.14549565217385, 206.43478260869566, 39.02608695652174, 101.17391304347827
23, 657.4018475750577, 96.68864521739133, 207.63478260869564, 39.14782608695652, 102.16521739130435
24, 657.135428062072, 96.15429826086964, 207.10434782608695, 38.61739130434783, 101.6
25, 656.8690085490863, 97.05823739130437, 208.9304347826087, 38.982608695652175, 102.86086956521739
26, 656.6025890361007, 97.21347130434782, 209.11304347826086, 39.130434782608695, 102.98260869565217
27, 656.3361695231149, 97.40877739130435, 210.48695652173913, 38.59130434782609, 103.8695652173913
28, 656.0697500101293, 97.6033182608696, 210.73043478260868, 38.756521739130434, 104.08695652173913
29, 655.8033304971435, 98.35965913043479, 212.45217391304348, 38.92173913043478, 105.35652173913043
30, 655.5369109841579, 98.19189913043483, 212.31304347826088, 38.7304347826087, 105.23478260869565
31, 655.2704914711721, 98.35317739130434, 213.44347826086957, 38.31304347826087, 105.83478260869565
32, 655.0040719581864, 97.92060869565218, 213.04347826086956, 37.86086956521739, 105.41739130434783
33, 654.7376524452008, 99.06593826086954, 214.96521739130435, 38.55652173913043, 106.84347826086956
34, 654.471232932215, 99.05124173913039, 214.97391304347826, 38.530434782608694, 106.82608695652173
35, 654.2048134192294, 99.25384695652174, 215.61739130434782, 38.43478260869565, 107.40869565217392
36, 653.9383939062436, 99.4400286956522, 215.88695652173914, 38.582608695652176, 107.57391304347826
37, 653.671974393258, 99.96160347826087, 217.70434782608694, 38.417391304347824, 108.23478260869565
38, 653.4055548802722, 99.54311565217392, 217.36521739130436, 37.95652173913044, 107.82608695652173
39, 653.1391353672866, 99.65305565217389, 217.87826086956522, 37.85217391304348, 107.98260869565217
40, 652.8727158543008, 99.50737478260878, 217.73043478260868, 37.71304347826087, 107.80869565217391
41, 652.6062963413152, 99.0199617391304, 218.2086956521739, 36.6695652173913, 107.65217391304348
42, 652.3398768283295, 98.92257826086954, 218.1304347826087, 36.573913043478264, 107.49565217391304
43, 652.0734573153437, 99.20976434782614, 219.31304347826088, 36.34782608695652, 108.07826086956521
44, 651.8070378023581, 99.1057086956522, 219.2608695652174, 36.21739130434783, 107.97391304347826
45, 651.5406182893723, 99.30029739130437, 220.9391304347826, 35.59130434782609, 108.50434782608696
46, 651.2741987763867, 99.22369304347822, 220.98260869565217, 35.45217391304348, 108.43478260869566
47, 651.007779263401, 98.75435391304349, 221.76521739130436, 34.26086956521739, 108.4
48, 650.7413597504153, 98.78218086956524, 221.9304347826087, 34.21739130434783, 108.43478260869566
49, 650.4749402374296, 99.03020782608696, 223.4, 33.756521739130434, 109.1304347826087
50, 650.2085207244439, 98.18081217391303, 222.57391304347826, 32.89565217391304, 108.27826086956522
51, 649.9421012114582, 98.77467217391307, 223.62608695652173, 33.23478260869565, 108.98260869565217
52, 649.6756816984725, 98.10581826086951, 223.2086956521739, 32.426086956521736, 108.37391304347825
53, 649.4092621854868, 98.46201391304345, 225.42608695652174, 31.652173913043477, 109.66956521739131
54, 649.142842672501, 97.9603973913043, 225.15652173913043, 31.026086956521738, 109.2
55, 648.8764231595154, 98.65452434782613, 226.58260869565217, 31.330434782608695, 109.98260869565217
56, 648.6100036465297, 98.35243130434785, 226.29565217391306, 31.026086956521738, 109.65217391304348
57, 648.343584133544, 98.37604260869568, 227.31304347826088, 30.504347826086956, 109.87826086956522
58, 648.0771646205583, 97.36660521739132, 226.38260869565218, 29.469565217391306, 108.79130434782608
59, 647.8107451075726, 97.7593495652174, 227.89565217391305, 29.234782608695653, 109.47826086956522
60, 647.5443255945869, 97.44974173913045, 227.71304347826086, 28.869565217391305, 109.12173913043478
61, 647.2779060816013, 98.26487652173908, 230.10434782608695, 28.82608695652174, 110.22608695652174
62, 647.0114865686155, 97.85878260869569, 229.82608695652175, 28.37391304347826, 109.72173913043478
63, 646.7450670556299, 98.09656521739133, 231.30434782608697, 27.973913043478262, 109.99130434782609
64, 646.4786475426441, 97.91969565217391, 231.1304347826087, 27.8, 109.79130434782608
65, 646.2122280296584, 98.80284347826093, 232.69565217391303, 28.321739130434782, 110.74782608695652
66, 645.9458085166727, 98.71589565217391, 232.6086956521739, 28.234782608695653, 110.6608695652174
67, 645.679389003687, 99.58580869565219, 234.34782608695653, 28.652173913043477, 111.58260869565217
68, 645.4129694907014, 98.92286521739132, 233.7826086956522, 27.991304347826087, 110.65217391304348
69, 645.1465499777156, 99.94278086956517, 235.58260869565217, 28.756521739130434, 110.93913043478261
70, 644.88013046473, 99.95335478260868, 235.6695652173913, 28.782608695652176, 110.66956521739131
71, 644.6137109517442, 99.9765391304348, 236.17391304347825, 28.62608695652174, 110.35652173913043
72, 644.3472914387586, 100.22780521739126, 236.4695652173913, 28.878260869565217, 110.48695652173913
73, 644.0808719257728, 100.94065913043478, 238.19130434782608, 29.22608695652174, 110.43478260869566
74, 643.8144524127872, 101.31503304347821, 238.62608695652173, 29.608695652173914, 110.6086956521739
75, 643.5480328998015, 101.78743652173912, 240.15652173913043, 29.730434782608697, 110.11304347826086
76, 643.2816133868157, 102.18312608695658, 240.65217391304347, 30.121739130434783, 110.2695652173913
77, 643.0151938738301, 101.96170347826096, 241.57391304347826, 29.52173913043478, 109.0
78, 642.7487743608443, 102.25262956521742, 241.87826086956522, 29.91304347826087, 108.73913043478261
79, 642.4823548478587, 102.63591826086964, 243.6, 29.82608695652174, 108.03478260869565
80, 642.2159353348729, 102.82625652173921, 243.8695652173913, 30.043478260869566, 107.87826086956522
81, 641.9495158218873, 103.51388956521744, 245.71304347826086, 30.382608695652173, 107.33043478260869
82, 641.6830963089016, 103.8610791304348, 246.0782608695652, 30.73913043478261, 107.58260869565217
83, 641.4166767959159, 103.91055478260867, 247.0608695652174, 30.42608695652174, 107.05217391304348
84, 641.1502572829302, 104.12966173913044, 247.55652173913043, 30.63478260869565, 106.6
85, 640.8838377699444, 104.26814086956523, 249.37391304347827, 30.034782608695654, 106.13913043478261
86, 640.6174182569588, 104.18526173913047, 249.4695652173913, 30.008695652173913, 105.29565217391304
87, 640.350998743973, 104.74398, 250.89565217391305, 30.278260869565216, 105.0695652173913
88, 640.0845792309874, 104.77269304347828, 250.98260869565217, 30.321739130434782, 104.8695652173913
89, 639.8181597180017, 105.26810173913042, 252.4608695652174, 30.556521739130435, 104.1304347826087
90, 639.551740205016, 105.34718956521732, 252.71304347826086, 30.6, 103.93913043478261
91, 639.2853206920303, 105.45866956521728, 253.56521739130434, 30.51304347826087, 103.1304347826087
92, 639.0189011790446, 105.47053999999999, 253.55652173913043, 30.547826086956523, 103.07826086956521
93, 638.7524816660589, 105.91340608695643, 254.11304347826086, 31.069565217391304, 102.81739130434782
94, 638.4860621530732, 105.84390347826078, 254.18260869565216, 30.94782608695652, 102.65217391304348
95, 638.2196426400875, 106.21127565217391, 254.4608695652174, 31.51304347826087, 102.23478260869565
96, 637.9532231271018, 106.29115043478251, 254.49565217391304, 31.63478260869565, 102.21739130434783
97, 637.6868036141161, 106.21115565217397, 254.61739130434782, 31.669565217391305, 101.01739130434783
98, 637.4203841011304, 106.01558608695655, 254.57391304347826, 31.42608695652174, 100.66956521739131
99, 637.1539645881447, 106.08420086956528, 254.68695652173912, 31.608695652173914, 100.03478260869565
100, 636.887545075159, 105.81705304347831, 254.77391304347827, 31.217391304347824, 99.47826086956522
101, 636.6211255621733, 106.34915391304361, 254.89565217391305, 32.095652173913045, 99.30434782608695
102, 636.3547060491876, 106.10416260869583, 254.80869565217392, 31.808695652173913, 98.86086956521739
103, 636.088286536202, 106.22095478260881, 254.88695652173914, 32.11304347826087, 98.11304347826086
104, 635.8218670232162, 105.89000782608707, 254.7913043478261, 31.704347826086956, 97.56521739130434
105, 635.5554475102306, 106.23767478260865, 254.90434782608696, 32.38260869565217, 96.82608695652173
106, 635.2890279972448, 106.18746434782604, 254.9217391304348, 32.3304347826087, 96.6086956521739
107, 635.0226084842591, 106.45729478260877, 254.7913043478261, 33.06086956521739, 95.55652173913043
108, 634.7561889712734, 106.22949652173911, 254.8608695652174, 32.78260869565217, 94.80869565217391
109, 634.4897694582877, 106.45237913043479, 254.81739130434784, 33.30434782608695, 94.19130434782609
110, 634.2233499453021, 106.58729565217382, 254.8695652173913, 33.61739130434783, 93.62608695652175
111, 633.9569304323163, 107.2145226086956, 254.94782608695652, 34.791304347826085, 92.87826086956522
112, 633.6905109193307, 107.54419999999995, 254.95652173913044, 35.31304347826087, 93.06086956521739
113, 633.4240914063449, 107.61186869565203, 254.87826086956522, 35.71304347826087, 91.8
114, 633.1576718933593, 107.64714521739116, 254.89565217391305, 35.791304347826085, 91.6608695652174
115, 632.8912523803735, 108.14908782608683, 254.94782608695652, 36.643478260869564, 91.5391304347826
116, 632.6248328673878, 108.541184347826, 254.8521739130435, 37.36521739130435, 91.51304347826087
117, 632.3584133544022, 109.28121478260874, 254.89565217391305, 38.7304347826087, 90.86086956521739
118, 632.0919938414164, 109.11867565217389, 254.80869565217392, 38.68695652173913, 89.88695652173914
119, 631.8255743284308, 109.79074608695652, 254.97391304347826, 39.68695652173913, 90.2
120, 631.559154815445, 109.86847913043478, 254.94782608695652, 39.87826086956522, 89.96521739130435
121, 631.2927353024594, 110.36189304347822, 254.98260869565217, 40.82608695652174, 89.32173913043478
122, 631.0263157894736, 110.52775130434787, 254.9217391304348, 41.15652173913043, 89.23478260869565
123, 630.759896276488, 110.75031652173922, 254.83478260869566, 41.78260869565217, 88.19130434782609
124, 630.4934767635023, 111.36101130434793, 254.9304347826087, 42.6695652173913, 88.7304347826087
125, 630.2270572505166, 111.62462434782606, 254.88695652173914, 43.31304347826087, 87.84347826086956
126, 629.9606377375309, 111.66728347826081, 254.90434782608696, 43.417391304347824, 87.63478260869566
127, 629.6942182245452, 112.2519191304347, 254.89565217391305, 44.54782608695652, 86.96521739130435
128, 629.4277987115595, 112.23632956521733, 254.96521739130435, 44.56521739130435, 86.55652173913043
129, 629.1613791985737, 112.25142608695649, 254.8695652173913, 44.86086956521739, 85.41739130434783
130, 628.8949596855881, 112.5466208695652, 254.9217391304348, 45.3304347826087, 85.45217391304348
131, 628.6285401726024, 113.1395295652174, 254.96521739130435, 46.321739130434786, 85.43478260869566
132, 628.3621206596167, 113.07235130434778, 254.9217391304348, 46.4, 84.55652173913043
133, 628.095701146631, 113.73381478260869, 254.89565217391305, 47.573913043478264, 84.38260869565218
134, 627.8292816336453, 113.66819130434777, 254.95652173913044, 47.6, 83.51304347826087
135, 627.5628621206596, 114.5208591304347, 254.97391304347826, 49.052173913043475, 83.4695652173913
136, 627.296442607674, 114.88136434782612, 254.96521739130435, 49.65217391304348, 83.56521739130434
137, 627.0300230946882, 115.16162695652169, 254.8608695652174, 50.30434782608695, 82.93913043478261
138, 626.7636035817025, 115.5312069565217, 254.97391304347826, 50.93043478260869, 82.6608695652174
139, 626.4971840687168, 116.41908608695663, 254.96521739130435, 52.52173913043478, 82.27826086956522
140, 626.2307645557311, 116.2843034782609, 254.87826086956522, 52.47826086956522, 81.54782608695652
141, 625.9643450427454, 117.33254521739134, 254.98260869565217, 54.22608695652174, 81.4695652173913
142, 625.6979255297597, 117.5687147826088, 254.9391304347826, 54.71304347826087, 81.14782608695653
143, 625.431506016774, 118.38347130434786, 254.9391304347826, 56.165217391304346, 80.81739130434782
144, 625.1650865037883, 118.74479913043479, 254.96521739130435, 56.84347826086957, 80.42608695652174
145, 624.8986669908027, 119.64017565217394, 254.9391304347826, 58.36521739130435, 80.51304347826087
146, 624.6322474778169, 120.25308347826089, 254.9913043478261, 59.3304347826087, 80.78260869565217
147, 624.3658279648313, 120.89384869565222, 254.9913043478261, 60.46086956521739, 80.58260869565217
148, 624.0994084518455, 121.37638956521734, 254.97391304347826, 61.278260869565216, 80.65217391304348
149, 623.8329889388598, 122.3561286956521, 254.97391304347826, 62.93043478260869, 80.73913043478261
150, 623.5665694258741, 121.97045130434775, 254.87826086956522, 62.62608695652174, 79.17391304347827
151, 623.3001499128884, 123.09231999999993, 254.97391304347826, 64.42608695652174, 79.49565217391304
152, 623.0337303999028, 123.2124556521739, 254.9217391304348, 64.71304347826087, 79.20869565217392
153, 622.767310886917, 123.74643739130431, 254.9304347826087, 65.76521739130435, 78.45217391304348
154, 622.5008913739314, 123.84400086956522, 254.94782608695652, 66.00869565217391, 78.00869565217391
155, 622.2344718609456, 124.60551826086957, 254.90434782608696, 67.42608695652174, 77.50434782608696
156, 621.96805234796, 124.72064347826091, 254.8695652173913, 67.69565217391305, 77.21739130434783
157, 621.7016328349742, 125.53253130434788, 254.94782608695652, 69.06086956521739, 77.10434782608695
158, 621.4352133219886, 125.91144608695657, 254.9304347826087, 69.7304347826087, 77.02608695652174
159, 621.1687938090029, 126.66028956521748, 254.9304347826087, 71.09565217391304, 76.56521739130434
160, 620.9023742960171, 127.44425391304348, 254.9391304347826, 72.3913043478261, 76.74782608695652
161, 620.6359547830315, 128.22877391304343, 254.95652173913044, 73.8, 76.33043478260869
162, 620.3695352700457, 129.1622495652174, 254.98260869565217, 75.30434782608695, 76.70434782608696
163, 620.1031157570601, 130.24565391304353, 254.9391304347826, 77.11304347826086, 77.00869565217391
164, 619.8366962440743, 130.98144347826093, 254.8695652173913, 78.40869565217392, 76.97391304347826
165, 619.5702767310887, 132.1819, 255.0, 80.31304347826087, 77.35652173913043
166, 619.303857218103, 133.09531130434786, 254.97391304347826, 81.90434782608696, 77.24347826086957
167, 619.0374377051173, 134.15367739130443, 254.96521739130435, 83.66956521739131, 77.4608695652174
168, 618.7710181921316, 134.83022347826096, 254.98260869565217, 84.79130434782608, 77.57391304347826
169, 618.5045986791458, 135.56386173913043, 254.94782608695652, 86.16521739130435, 77.02608695652174
170, 618.2381791661602, 135.62095391304348, 254.89565217391305, 86.41739130434783, 76.36521739130434
171, 617.9717596531744, 136.54563478260872, 254.95652173913044, 88.01739130434783, 76.07826086956521
172, 617.7053401401888, 136.8456556521738, 254.9217391304348, 88.6086956521739, 75.75652173913043
173, 617.4389206272031, 137.66305130434776, 254.96521739130435, 90.03478260869565, 75.4695652173913
174, 617.1725011142174, 138.25930782608694, 254.9217391304348, 91.06086956521739, 75.5304347826087
175, 616.9060816012317, 138.95302434782604, 254.97391304347826, 92.34782608695652, 74.85217391304347
176, 616.639662088246, 139.74493304347823, 254.9304347826087, 93.68695652173913, 75.01739130434783
177, 616.3732425752603, 140.61917217391292, 254.97391304347826, 95.19130434782609, 74.82608695652173
178, 616.1068230622747, 141.58207999999993, 254.9391304347826, 96.75652173913043, 75.30434782608695
179, 615.8404035492889, 142.4766817391304, 254.9217391304348, 98.31304347826087, 75.18260869565218
180, 615.5739840363033, 143.3134452173912, 254.9391304347826, 99.70434782608696, 75.31304347826087
181, 615.3075645233175, 144.25580695652167, 254.97391304347826, 101.28695652173913, 75.3391304347826
182, 615.0411450103318, 144.96698782608695, 254.9913043478261, 102.52173913043478, 75.17391304347827
183, 614.7747254973461, 145.87422434782604, 254.97391304347826, 104.12173913043478, 74.93913043478261
184, 614.5083059843604, 146.4942765217391, 254.97391304347826, 105.2, 74.82608695652173
185, 614.2418864713748, 147.31760869565215, 254.95652173913044, 106.70434782608696, 74.34782608695652
186, 613.975466958389, 148.0481217391304, 254.95652173913044, 107.98260869565217, 74.17391304347827
187, 613.7090474454034, 149.034724347826, 254.9304347826087, 109.73913043478261, 73.85217391304347
188, 613.4426279324176, 150.07406434782604, 254.9217391304348, 111.43478260869566, 74.26086956521739
189, 613.176208419432, 151.06158000000002, 254.98260869565217, 113.17391304347827, 73.80869565217391
190, 612.9097889064462, 151.8397878260869, 254.9913043478261, 114.5391304347826, 73.58260869565217
191, 612.6433693934605, 153.04706695652183, 254.98260869565217, 116.6086956521739, 73.5391304347826
192, 612.3769498804749, 153.51461304347828, 255.0, 117.56521739130434, 72.66956521739131
193, 612.1105303674891, 154.1800600000001, 254.96521739130435, 118.83478260869565, 72.06086956521739
194, 611.8441108545035, 154.6206060869566, 254.98260869565217, 119.6608695652174, 71.62608695652175
195, 611.5776913415177, 155.34552086956518, 254.96521739130435, 120.97391304347826, 71.2695652173913
196, 611.3112718285321, 156.05669130434782, 255.0, 122.25217391304348, 70.83478260869565
197, 611.0448523155463, 156.91303217391314, 254.98260869565217, 123.77391304347826, 70.55652173913043
198, 610.7784328025607, 157.02311913043468, 254.98260869565217, 124.24347826086957, 69.10434782608695
199, 610.512013289575, 158.03363565217384, 254.94782608695652, 126.04347826086956, 68.79130434782608
200, 610.2455937765892, 158.68946956521745, 254.95652173913044, 127.38260869565218, 67.62608695652175
201, 609.9791742636036, 159.40632782608682, 254.98260869565217, 128.56521739130434, 67.75652173913043
202, 609.7127547506178, 159.9017791304348, 254.9913043478261, 129.8, 65.72173913043478
203, 609.4463352376322, 160.80653565217398, 254.9913043478261, 131.35652173913044, 65.64347826086957
204, 609.1799157246464, 160.70998260869573, 254.95652173913044, 131.47826086956522, 64.26086956521739
205, 608.9134962116608, 161.79802695652168, 254.94782608695652, 133.35652173913044, 64.15652173913044
206, 608.647076698675, 162.13249999999996, 255.0, 134.09565217391304, 63.14782608695652
207, 608.3806571856894, 163.26019652173915, 254.9913043478261, 135.97391304347826, 63.391304347826086
208, 608.1142376727037, 163.82226, 254.96521739130435, 137.36521739130436, 61.22608695652174
209, 607.847818159718, 164.49355391304346, 254.98260869565217, 138.4695652173913, 61.38260869565217
210, 607.5813986467323, 165.2606269565217, 254.94782608695652, 140.0608695652174, 60.00869565217391
211, 607.3149791337466, 166.4983017391304, 254.98260869565217, 142.10434782608695, 60.25217391304348
212, 607.0485596207609, 167.15409565217385, 254.95652173913044, 143.4695652173913, 59.04347826086956
213, 606.7821401077751, 168.32027391304345, 255.0, 145.4695652173913, 58.86086956521739
214, 606.5157205947895, 169.17547913043475, 254.94782608695652, 147.0695652173913, 58.26086956521739
215, 606.2493010818038, 170.12865130434787, 254.96521739130435, 148.66086956521738, 58.38260869565217
216, 605.9828815688181, 170.76876434782608, 254.96521739130435, 149.8695652173913, 57.77391304347826
217, 605.7164620558324, 171.7751791304348, 254.9913043478261, 151.58260869565217, 57.71304347826087
218, 605.4500425428467, 172.3689026086957, 254.97391304347826, 152.81739130434784, 56.608695652173914
219, 605.183623029861, 173.4143965217393, 254.9913043478261, 154.59130434782608, 56.6
220, 604.9172035168754, 173.60256956521752, 255.0, 155.0695652173913, 55.76521739130435
221, 604.6507840038896, 174.09861043478276, 254.9391304347826, 156.10434782608695, 54.947826086956525
222, 604.3843644909039, 174.44435478260877, 254.97391304347826, 156.70434782608694, 54.8
223, 604.1179449779182, 175.13951999999998, 254.97391304347826, 158.0608695652174, 53.91304347826087
224, 603.8515254649325, 175.56151913043468, 254.98260869565217, 158.76521739130436, 53.96521739130435
225, 603.5851059519468, 176.15740869565204, 254.95652173913044, 159.9304347826087, 53.26086956521739
226, 603.3186864389611, 176.7155199999999, 254.97391304347826, 160.7913043478261, 53.678260869565214
227, 603.0522669259755, 177.83650434782606, 254.95652173913044, 162.66086956521738, 53.93043478260869
228, 602.7858474129897, 178.12615391304337, 254.89565217391305, 163.2173913043478, 53.76521739130435
229, 602.5194279000041, 179.2640495652174, 254.98260869565217, 165.12173913043478, 53.71304347826087
230, 602.2530083870183, 179.66292347826086, 254.9391304347826, 165.7913043478261, 53.87826086956522
231, 601.9865888740327, 180.55618086956505, 254.97391304347826, 167.22608695652173, 54.23478260869565
232, 601.7201693610469, 180.92161391304347, 254.9913043478261, 167.77391304347827, 54.573913043478264
233, 601.4537498480612, 181.8170843478259, 254.98260869565217, 169.28695652173914, 54.66086956521739
234, 601.1873303350756, 182.07849130434775, 255.0, 169.72173913043477, 54.6695652173913
235, 600.9209108220898, 182.77899826086934, 254.97391304347826, 171.03478260869565, 54.12173913043478
236, 600.6544913091042, 183.26964260869553, 254.96521739130435, 171.82608695652175, 54.37391304347826
237, 600.3880717961184, 184.12973652173918, 254.98260869565217, 173.36521739130436, 53.947826086956525
238, 600.1216522831328, 184.4327965217391, 254.9913043478261, 173.89565217391305, 53.85217391304348
239, 599.855232770147, 185.3492252173913, 254.96521739130435, 175.54782608695652, 53.45217391304348
240, 599.5888132571614, 185.62463304347835, 254.97391304347826, 176.02608695652174, 53.38260869565217
241, 599.3223937441757, 186.53629304347845, 254.98260869565217, 177.66086956521738, 52.93913043478261
242, 599.05597423119, 186.82130347826097, 254.96521739130435, 178.11304347826086, 53.15652173913043
243, 598.7895547182043, 187.49265130434796, 254.96521739130435, 179.23478260869564, 53.2695652173913
244, 598.5231352052185, 187.69155130434777, 254.9217391304348, 179.68695652173912, 52.8
245, 598.2567156922329, 188.26153043478266, 254.95652173913044, 180.76521739130436, 52.15652173913043
246, 597.9902961792471, 188.56198086956533, 254.97391304347826, 181.33913043478262, 51.791304347826085
247, 597.7238766662615, 189.20041739130434, 254.95652173913044, 182.52173913043478, 51.34782608695652
248, 597.4574571532758, 189.30257304347825, 254.96521739130435, 182.72173913043477, 51.19130434782609
249, 597.1910376402901, 190.07645913043487, 254.97391304347826, 184.18260869565216, 50.43478260869565
250, 596.9246181273044, 190.4186921739131, 254.9913043478261, 184.76521739130436, 50.391304347826086
251, 596.6581986143187, 190.88677478260877, 254.94782608695652, 185.77391304347827, 49.417391304347824
252, 596.391779101333, 191.07440695652167, 254.97391304347826, 186.1478260869565, 49.06956521739131
253, 596.1253595883472, 191.47260782608683, 254.96521739130435, 186.98260869565217, 48.28695652173913
254, 595.8589400753616, 191.5098704347826, 254.94782608695652, 187.1478260869565, 47.80869565217391
255, 595.5925205623759, 192.4132104347826, 254.9391304347826, 188.77391304347827, 47.38260869565217
256, 595.3261010493902, 192.55612173913045, 254.95652173913044, 189.0608695652174, 47.11304347826087
257, 595.0596815364045, 193.24747652173912, 254.97391304347826, 190.29565217391306, 46.77391304347826
258, 594.7932620234188, 193.2304513043478, 254.96521739130435, 190.3217391304348, 46.51304347826087
259, 594.5268425104331, 193.7924417391305, 254.97391304347826, 191.3304347826087, 46.22608695652174
260, 594.2604229974474, 193.87888434782613, 254.98260869565217, 191.5391304347826, 45.88695652173913
261, 593.9940034844617, 194.5618173913043, 254.95652173913044, 192.63478260869564, 46.30434782608695
262, 593.7275839714761, 194.48106782608693, 254.97391304347826, 192.65217391304347, 45.46086956521739
263, 593.4611644584903, 194.96496434782625, 254.96521739130435, 193.51304347826087, 45.29565217391304
264, 593.1947449455047, 195.0920582608697, 254.98260869565217, 193.8608695652174, 44.573913043478264
265, 592.9283254325189, 195.67722695652188, 254.94782608695652, 194.95652173913044, 44.15652173913043
266, 592.6619059195332, 195.65913913043485, 254.95652173913044, 195.1391304347826, 43.03478260869565
267, 592.3954864065475, 196.68765826086963, 254.98260869565217, 196.8695652173913, 43.07826086956522
268, 592.1290668935618, 196.68909391304348, 254.97391304347826, 197.16521739130434, 41.59130434782609
269, 591.8626473805762, 197.57111130434782, 254.97391304347826, 198.6086956521739, 41.89565217391304
270, 591.5962278675904, 197.64525913043462, 254.97391304347826, 199.12173913043478, 39.904347826086955
271, 591.3298083546048, 198.05871478260866, 254.9391304347826, 199.91304347826087, 39.54782608695652
272, 591.063388841619, 198.34304956521734, 254.98260869565217, 200.71304347826086, 37.80869565217391
273, 590.7969693286334, 198.75723391304348, 254.96521739130435, 201.59130434782608, 36.96521739130435
274, 590.5305498156476, 199.0050156521739, 254.97391304347826, 202.2521739130435, 35.71304347826087
275, 590.2641303026619, 199.4313765217391, 254.9304347826087, 203.1391304347826, 35.0
276, 589.9977107896763, 199.8652182608696, 254.94782608695652, 204.09565217391304, 33.834782608695654
277, 589.7312912766905, 200.17438173913044, 254.96521739130435, 204.77391304347827, 33.00869565217391
278, 589.4648717637049, 200.2085921739131, 254.94782608695652, 205.22608695652173, 31.026086956521738
279, 589.1984522507191, 200.38047565217394, 254.98260869565217, 205.68695652173912, 30.069565217391304
280, 588.9320327377335, 200.71006000000003, 254.96521739130435, 206.48695652173913, 28.88695652173913
281, 588.6656132247477, 201.21393826086967, 254.96521739130435, 207.49565217391304, 28.11304347826087
282, 588.3991937117621, 201.38568521739134, 254.97391304347826, 208.17391304347825, 26.104347826086958
283, 588.1327741987764, 201.98946608695664, 254.9913043478261, 209.3304347826087, 25.4
284, 587.8663546857906, 201.8901886956521, 254.98260869565217, 209.59130434782608, 23.208695652173912
285, 587.599935172805, 202.49948782608698, 254.94782608695652, 210.76521739130436, 22.6
286, 587.3335156598193, 202.7935191304349, 254.98260869565217, 211.5304347826087, 21.14782608695652
287, 587.0670961468336, 203.27203391304351, 254.96521739130435, 212.4608695652174, 20.6
288, 586.8006766338478, 203.55823913043477, 255.0, 213.17391304347825, 19.347826086956523
289, 586.5342571208622, 204.10993043478254, 254.95652173913044, 214.2608695652174, 18.704347826086956
290, 586.2678376078765, 204.21759826086955, 254.97391304347826, 214.57391304347826, 17.991304347826087
291, 586.0014180948908, 204.5670443478262, 254.94782608695652, 215.29565217391306, 17.408695652173915
292, 585.7349985819051, 204.55169913043488, 254.9217391304348, 215.43478260869566, 16.62608695652174
293, 585.4685790689194, 205.33029652173917, 254.94782608695652, 216.80869565217392, 16.31304347826087
294, 585.2021595559337, 205.33572956521735, 254.96521739130435, 216.9391304347826, 15.643478260869566
295, 584.935740042948, 205.77914521739137, 254.98260869565217, 217.81739130434784, 14.965217391304348
296, 584.6693205299623, 205.6693017391304, 254.98260869565217, 217.88695652173914, 13.643478260869566
297, 584.4029010169766, 206.123084347826, 254.98260869565217, 218.7478260869565, 13.191304347826087
298, 584.1364815039909, 205.853092173913, 254.9913043478261, 218.57391304347826, 11.695652173913043
299, 583.8700619910052, 206.34772260869565, 254.8608695652174, 219.58260869565217, 11.182608695652174
300, 583.6036424780195, 206.5206339130436, 254.96521739130435, 219.9304347826087, 10.634782608695652
301, 583.3372229650338, 206.79835217391303, 254.91304347826087, 220.56521739130434, 9.939130434782609
302, 583.0708034520482, 206.78883652173909, 254.9391304347826, 220.71304347826086, 9.02608695652174
303, 582.8043839390624, 207.31023391304348, 254.96521739130435, 221.65217391304347, 8.695652173913043
304, 582.5379644260768, 207.4184573913042, 254.9913043478261, 222.0782608695652, 7.3826086956521735
305, 582.271544913091, 207.474547826087, 254.95652173913044, 222.37391304347827, 6.443478260869565
306, 582.0051254001053, 207.7519460869564, 254.97391304347826, 222.9913043478261, 5.6521739130434785
307, 581.7387058871196, 208.31270347826083, 254.96521739130435, 224.0, 5.4
308, 581.4722863741339, 208.31677391304342, 254.95652173913044, 224.2173913043478, 4.339130434782609
309, 581.2058668611483, 208.9440252173912, 254.96521739130435, 225.3913043478261, 3.773913043478261
310, 580.9394473481625, 208.94137999999984, 254.98260869565217, 225.51304347826087, 3.0782608695652174
311, 580.6730278351769, 209.4485991304347, 254.96521739130435, 226.38260869565218, 3.0956521739130434
312, 580.4066083221911, 209.71094347826082, 255.0, 226.8, 3.1565217391304348
313, 580.1401888092055, 210.05331652173913, 254.9217391304348, 227.55652173913043, 2.4695652173913043
314, 579.8737692962197, 210.13780173913054, 254.9391304347826, 227.73043478260868, 2.2695652173913046
315, 579.6073497832341, 210.99706260869573, 254.9391304347826, 229.23478260869564, 2.0608695652173914
316, 579.3409302702484, 211.1561556521741, 254.96521739130435, 229.50434782608696, 2.0
317, 579.0745107572627, 211.73977130434798, 254.98260869565217, 230.58260869565217, 1.5217391304347827
318, 578.808091244277, 212.49209999999997, 255.0, 231.73043478260868, 2.1652173913043478
319, 578.5416717312912, 213.0456408695653, 254.98260869565217, 232.81739130434784, 1.4695652173913043
320, 578.2752522183056, 213.32555043478274, 254.9304347826087, 233.34782608695653, 1.3304347826086957
321, 578.0088327053198, 214.04979478260879, 254.9217391304348, 234.64347826086956, 1.0347826086956522
322, 577.7424131923342, 215.13044869565243, 254.90434782608696, 236.35652173913044, 1.7391304347826086
323, 577.4759936793484, 216.37863826086968, 254.9217391304348, 238.3913043478261, 2.1652173913043478
324, 577.2095741663628, 217.77936782608697, 254.6695652173913, 240.84347826086957, 2.4869565217391303
325, 576.9431546533771, 218.60945130434797, 252.96521739130435, 243.19130434782608, 2.1478260869565218
326, 576.6767351403914, 219.11627391304359, 251.2608695652174, 245.0086956521739, 1.7043478260869565
327, 576.4103156274057, 219.99263391304342, 250.7913043478261, 246.6782608695652, 2.026086956521739
328, 576.1438961144199, 220.40138434782608, 249.02608695652174, 248.28695652173914, 1.9565217391304348
329, 575.8774766014343, 221.31643565217388, 247.38260869565218, 250.5391304347826, 2.6956521739130435
330, 575.6110570884485, 220.6113513043478, 244.05217391304348, 251.23478260869564, 1.6608695652173913
331, 575.3446375754629, 220.54659304347828, 241.2, 252.55652173913043, 1.7652173913043478
332, 575.0782180624772, 219.86442, 237.19130434782608, 253.52173913043478, 1.3217391304347825
333, 574.8117985494915, 219.184147826087, 234.0, 253.9304347826087, 1.617391304347826
334, 574.5453790365058, 218.2423513043479, 230.22608695652173, 254.3304347826087, 1.191304347826087
335, 574.2789595235201, 217.70537999999996, 228.11304347826086, 254.35652173913044, 1.8869565217391304
336, 574.0125400105344, 216.6660165217391, 224.61739130434782, 254.50434782608696, 1.173913043478261
337, 573.7461204975486, 216.51237304347828, 223.57391304347826, 254.6, 2.0695652173913044
338, 573.479700984563, 215.62492521739134, 220.7478260869565, 254.65217391304347, 1.4260869565217391
339, 573.2132814715774, 215.31513217391307, 219.80869565217392, 254.57391304347826, 1.5739130434782609
340, 572.9468619585916, 214.66767043478268, 217.55652173913043, 254.68695652173912, 1.2173913043478262
341, 572.6804424456059, 214.41793999999982, 216.33913043478262, 254.69565217391303, 2.1739130434782608
342, 572.4140229326202, 213.30662695652165, 213.29565217391306, 254.55652173913043, 1.1217391304347826
343, 572.1476034196345, 212.8592904347825, 211.70434782608694, 254.5304347826087, 1.5043478260869565
344, 571.8811839066489, 211.9813539130434, 208.72173913043477, 254.68695652173912, 0.8173913043478261
345, 571.6147643936631, 211.24804434782615, 206.16521739130434, 254.63478260869564, 1.3565217391304347
346, 571.3483448806775, 210.17463652173916, 202.59130434782608, 254.7391304347826, 0.7739130434782608
347, 571.0819253676917, 209.6534991304347, 200.66086956521738, 254.64347826086956, 1.7565217391304349
348, 570.8155058547061, 208.20668347826097, 196.29565217391306, 254.62608695652173, 0.6
349, 570.5490863417203, 207.63216000000003, 193.7913043478261, 254.6, 2.260869565217391
350, 570.2826668287346, 206.0860573913045, 189.33913043478262, 254.4695652173913, 1.0434782608695652
351, 570.016247315749, 204.938204347826, 184.91304347826087, 254.56521739130434, 2.0869565217391304
352, 569.7498278027632, 203.31250521739133, 180.16521739130434, 254.42608695652174, 0.991304347826087
353, 569.4834082897776, 201.86152173913024, 174.8695652173913, 254.48695652173913, 1.8347826086956522
354, 569.2169887767918, 200.36321652173902, 169.9217391304348, 254.68695652173912, 0.6347826086956522
355, 568.9505692638062, 199.34264000000002, 166.73043478260868, 254.49565217391304, 1.0347826086956522
356, 568.6841497508204, 197.75084173913044, 161.84347826086957, 254.36521739130436, 0.5565217391304348
357, 568.4177302378348, 196.3452652173913, 156.65217391304347, 254.50434782608696, 1.1217391304347826
358, 568.151310724849, 194.87889043478256, 151.70434782608694, 254.6, 0.7391304347826086
359, 567.8848912118633, 193.69520956521748, 147.90434782608696, 254.40869565217392, 1.3043478260869565
360, 567.6184716988777, 191.8694791304347, 142.2521739130435, 254.3217391304348, 0.5565217391304348
361, 567.3520521858919, 190.31477043478262, 136.4695652173913, 254.45217391304348, 1.4086956521739131
362, 567.0856326729063, 188.553943478261, 130.47826086956522, 254.58260869565217, 1.0
363, 566.8192131599205, 186.82666956521737, 124.52173913043478, 254.61739130434782, 1.2869565217391303
364, 566.5527936469349, 184.85730173913038, 118.37391304347825, 254.50434782608696, 0.7130434782608696
365, 566.2863741339492, 182.81643652173923, 112.24347826086957, 254.0782608695652, 1.0782608695652174
366, 566.0199546209635, 180.90857217391294, 105.66956521739131, 254.28695652173914, 0.5043478260869565
367, 565.7535351079778, 179.07062782608705, 99.02608695652174, 254.40869565217392, 1.173913043478261
368, 565.4871155949921, 176.43288521739126, 91.14782608695653, 254.03478260869565, 0.6173913043478261
369, 565.2206960820064, 174.70977043478268, 84.4695652173913, 254.40869565217392, 1.0869565217391304
370, 564.9542765690207, 172.58520260869557, 77.62608695652175, 254.36521739130436, 0.6173913043478261
371, 564.687857056035, 171.02202173913048, 72.3913043478261, 254.27826086956523, 1.0782608695652174
372, 564.4214375430493, 169.0039747826086, 65.90434782608696, 254.17391304347825, 0.9217391304347826
373, 564.1550180300636, 166.7891252173913, 58.4, 254.2, 1.0347826086956522
374, 563.8885985170779, 165.1161565217391, 52.34782608695652, 254.50434782608696, 0.6608695652173913
375, 563.6221790040922, 163.47170173913057, 47.678260869565214, 254.04347826086956, 0.8521739130434782
376, 563.3557594911065, 161.9747252173913, 42.31304347826087, 254.31304347826088, 0.4
377, 563.0893399781208, 160.46853130434772, 37.03478260869565, 254.2608695652174, 1.2956521739130435
378, 562.8229204651351, 159.00745739130423, 31.6, 254.6, 0.9826086956521739
379, 562.5565009521495, 157.25127130434785, 25.808695652173913, 254.4608695652174, 1.4782608695652173
380, 562.2900814391637, 155.38202434782607, 19.843478260869563, 254.4608695652174, 0.7217391304347827
381, 562.023661926178, 153.40555217391307, 14.130434782608695, 253.98260869565217, 0.8260869565217391
382, 561.7572424131923, 152.28645043478267, 9.582608695652175, 254.4695652173913, 0.4260869565217391
383, 561.4908229002066, 151.55254869565226, 6.6, 254.64347826086956, 0.9130434782608695
384, 561.224403387221, 150.57530695652173, 3.5391304347826087, 254.59130434782608, 0.6347826086956522
385, 560.9579838742352, 150.11879391304356, 2.0608695652173914, 254.48695652173913, 1.0434782608695652
386, 560.6915643612496, 150.05665043478277, 1.3217391304347825, 254.73043478260868, 1.182608695652174
387, 560.4251448482638, 150.31716521739142, 1.565217391304348, 254.8695652173913, 2.1130434782608694
388, 560.1587253352782, 150.02143565217398, 1.0347826086956522, 254.73043478260868, 1.626086956521739
389, 559.8923058222924, 149.98119043478275, 0.8782608695652174, 254.76521739130436, 1.5043478260869565
390, 559.6258863093067, 149.86493043478276, 0.6086956521739131, 254.76521739130436, 1.191304347826087
391, 559.359466796321, 150.1152026086957, 1.017391304347826, 254.89565217391305, 1.6434782608695653
392, 559.0930472833353, 150.02967565217412, 0.9826086956521739, 254.7913043478261, 1.5217391304347827
393, 558.8266277703497, 149.86976521739146, 0.6956521739130435, 254.68695652173912, 1.4086956521739131
394, 558.5602082573639, 149.9339373913044, 0.7130434782608696, 254.77391304347827, 1.4782608695652173
395, 558.2937887443783, 150.083851304348, 0.9652173913043478, 254.84347826086957, 1.7739130434782608
396, 558.0273692313925, 149.9602356521741, 0.8608695652173913, 254.71304347826086, 1.6347826086956523
397, 557.7609497184069, 150.118643478261, 1.2173913043478262, 254.73043478260868, 2.0
398, 557.4945302054211, 149.9341652173915, 0.782608695652174, 254.73043478260868, 1.5217391304347827
399, 557.2281106924355, 150.0400965217393, 0.9478260869565217, 254.7913043478261, 1.7043478260869565
400, 556.9616911794498, 150.06192000000016, 0.9739130434782609, 254.8, 1.7826086956521738
401, 556.6952716664641, 149.99585913043492, 0.9739130434782609, 254.70434782608694, 1.6956521739130435
402, 556.4288521534784, 150.01521739130445, 1.0434782608695652, 254.6782608695652, 1.817391304347826
403, 556.1624326404926, 150.1745095652176, 1.1652173913043478, 254.8521739130435, 2.0
404, 555.896013127507, 149.96567565217404, 0.8956521739130435, 254.71304347826086, 1.5913043478260869
405, 555.6295936145212, 150.07199478260895, 0.9217391304347826, 254.8521739130435, 1.7391304347826086
406, 555.3631741015356, 149.9957782608697, 0.8260869565217391, 254.7913043478261, 1.6347826086956523
407, 555.0967545885499, 150.07661652173925, 0.9652173913043478, 254.82608695652175, 1.8
408, 554.8303350755642, 149.96304956521766, 0.7217391304347827, 254.81739130434784, 1.4869565217391305
409, 554.5639155625785, 150.03117391304363, 0.8695652173913043, 254.82608695652175, 1.6521739130434783
410, 554.2974960495928, 150.0068443478263, 0.7739130434782608, 254.84347826086957, 1.6
411, 554.0310765366071, 150.03910521739144, 0.9478260869565217, 254.7913043478261, 1.6956521739130435
412, 553.7646570236213, 150.00673739130457, 0.8869565217391304, 254.77391304347827, 1.6608695652173913
413, 553.4982375106357, 150.0233373913045, 0.8869565217391304, 254.81739130434784, 1.5826086956521739
414, 553.23181799765, 150.00084347826103, 0.8695652173913043, 254.7913043478261, 1.565217391304348
415, 552.9653984846643, 150.26863913043493, 1.3478260869565217, 254.90434782608696, 2.0782608695652174
416, 552.6989789716786, 149.97403565217405, 0.9478260869565217, 254.69565217391303, 1.617391304347826
417, 552.4325594586929, 150.0994460869566, 1.017391304347826, 254.84347826086957, 1.7739130434782608
418, 552.1661399457072, 149.9511800000002, 0.808695652173913, 254.7478260869565, 1.5130434782608695
419, 551.8997204327216, 149.97859130434796, 0.8695652173913043, 254.76521739130436, 1.5043478260869565
420, 551.6333009197358, 149.9833069565218, 0.9304347826086956, 254.73043478260868, 1.565217391304348
421, 551.36688140675, 150.2123182608696, 1.3391304347826087, 254.83478260869566, 1.9652173913043478
422, 551.1004618937644, 150.01984173913056, 0.9739130434782609, 254.77391304347827, 1.5478260869565217
423, 550.8340423807788, 150.15388000000016, 1.2, 254.83478260869566, 1.817391304347826
424, 550.567622867793, 150.05475478260882, 1.0608695652173914, 254.77391304347827, 1.626086956521739
425, 550.3012033548073, 150.05767391304357, 1.0, 254.7913043478261, 1.7217391304347827
426, 550.0347838418216, 150.03708260869578, 0.9130434782608695, 254.81739130434784, 1.6347826086956523
427, 549.7683643288359, 150.1547086956523, 1.173913043478261, 254.81739130434784, 1.982608695652174
428, 549.5019448158503, 150.06872608695667, 1.0, 254.8, 1.7739130434782608
429, 549.2355253028645, 150.2277495652175, 1.2869565217391303, 254.8521739130435, 2.1478260869565218
430, 548.9691057898789, 150.03626434782626, 0.9217391304347826, 254.7913043478261, 1.7391304347826086
431, 548.7026862768931, 150.07491478260883, 0.9391304347826087, 254.83478260869566, 1.808695652173913
432, 548.4362667639075, 150.010407826087, 0.9652173913043478, 254.72173913043477, 1.7565217391304349
433, 548.1698472509217, 150.0312939130435, 0.9739130434782609, 254.7478260869565, 1.7826086956521738
434, 547.903427737936, 150.0048347826087, 0.9565217391304348, 254.72173913043477, 1.7304347826086957
435, 547.6370082249504, 150.15139913043487, 1.1391304347826088, 254.82608695652175, 2.0
436, 547.3705887119646, 150.1979869565218, 1.173913043478261, 254.7391304347826, 2.765217391304348
437, 547.104169198979, 150.4004, 1.1304347826086956, 254.75652173913045, 4.565217391304348
438, 546.8377496859932, 150.62895217391306, 1.173913043478261, 254.7826086956522, 6.321739130434783
439, 546.5713301730076, 150.97962869565214, 1.4521739130434783, 254.77391304347827, 8.71304347826087
440, 546.3049106600218, 151.3031095652173, 1.6, 254.81739130434784, 10.939130434782609
441, 546.0384911470362, 151.7398852173913, 1.8434782608695652, 254.88695652173914, 13.773913043478261
442, 545.7720716340505, 151.93428608695646, 1.9217391304347826, 254.8, 15.721739130434782
443, 545.5056521210647, 152.08595217391306, 1.3478260869565217, 254.8608695652174, 18.243478260869566
444, 545.2392326080791, 152.49316000000007, 1.791304347826087, 254.7478260869565, 21.234782608695653
445, 544.9728130950933, 152.90114956521742, 1.5478260869565217, 254.9217391304348, 24.556521739130435
446, 544.7063935821077, 153.20497304347828, 1.6608695652173913, 254.88695652173914, 27.104347826086958
447, 544.439974069122, 153.52313739130437, 1.5826086956521739, 254.8608695652174, 30.234782608695653
448, 544.1735545561363, 153.69890000000004, 1.5217391304347827, 254.7826086956522, 32.33913043478261
449, 543.9071350431506, 153.90155739130432, 1.1217391304347826, 254.84347826086957, 34.85217391304348
450, 543.6407155301649, 154.1104321739131, 1.2434782608695651, 254.84347826086957, 36.36521739130435
451, 543.3742960171792, 154.4264356521739, 1.2956521739130435, 254.90434782608696, 38.68695652173913
452, 543.1078765041935, 154.71176434782603, 1.4869565217391305, 254.91304347826087, 40.643478260869564
453, 542.8414569912078, 154.85488173913046, 1.0956521739130434, 254.81739130434784, 43.417391304347824
454, 542.5750374782222, 154.9876452173913, 1.2, 254.6695652173913, 45.06956521739131
455, 542.3086179652364, 155.46394695652177, 1.4, 254.91304347826087, 47.469565217391306
456, 542.0421984522507, 155.60042260869568, 1.4260869565217391, 254.84347826086957, 48.95652173913044
457, 541.775778939265, 156.0206269565218, 1.6434782608695653, 254.9217391304348, 51.6695652173913
458, 541.5093594262793, 156.18336, 1.7043478260869565, 254.8521739130435, 53.29565217391304
459, 541.2429399132936, 156.24654260869565, 1.3565217391304347, 254.71304347826086, 55.47826086956522
460, 540.9765204003079, 156.65669652173915, 1.817391304347826, 254.81739130434784, 57.3304347826087
461, 540.7101008873223, 156.86360608695648, 1.5913043478260869, 254.8695652173913, 59.469565217391306
462, 540.4436813743365, 156.9655721739131, 1.4956521739130435, 254.8521739130435, 60.70434782608696
463, 540.1772618613509, 157.17606782608706, 1.2347826086956522, 254.8521739130435, 63.23478260869565
464, 539.9108423483651, 157.1449730434783, 0.9652173913043478, 254.73043478260868, 64.29565217391304
465, 539.6444228353794, 157.76602173913042, 1.3478260869565217, 254.91304347826087, 67.8
466, 539.3780033223937, 157.7183704347826, 1.0782608695652174, 254.80869565217392, 68.62608695652175
467, 539.111583809408, 157.996947826087, 1.3043478260869565, 254.8, 70.52173913043478
468, 538.8451642964224, 158.17176086956522, 1.434782608695652, 254.62608695652173, 72.6086956521739
469, 538.5787447834366, 158.76893304347826, 1.626086956521739, 254.84347826086957, 76.22608695652174
470, 538.312325270451, 158.93613739130444, 1.4956521739130435, 254.84347826086957, 78.03478260869565
471, 538.0459057574652, 159.17423826086954, 1.5304347826086957, 254.82608695652175, 80.12173913043478
472, 537.7794862444796, 159.66709043478258, 2.139130434782609, 254.9217391304348, 82.35652173913043
473, 537.5130667314938, 159.68711826086957, 1.6, 254.7913043478261, 84.61739130434782
474, 537.2466472185081, 160.13626434782614, 2.0521739130434784, 254.83478260869566, 87.14782608695653
475, 536.9802277055225, 160.37417130434784, 1.8521739130434782, 254.8521739130435, 89.66956521739131
476, 536.7138081925368, 160.3714869565218, 1.7391304347826086, 254.58260869565217, 91.33043478260869
477, 536.4473886795511, 160.63440347826094, 1.182608695652174, 254.81739130434784, 93.88695652173914
478, 536.1809691665653, 160.85344347826089, 1.3043478260869565, 254.77391304347827, 95.71304347826087
479, 535.9145496535797, 161.2315339130434, 1.2695652173913043, 254.82608695652175, 98.85217391304347
480, 535.6481301405939, 161.51348434782614, 1.4173913043478261, 254.81739130434784, 100.98260869565217
481, 535.3817106276083, 161.82685391304346, 1.2869565217391303, 254.84347826086957, 103.93913043478261
482, 535.1152911146226, 161.9812382608696, 1.3565217391304347, 254.71304347826086, 105.78260869565217
483, 534.8488716016368, 162.31515391304345, 1.4173913043478261, 254.8, 108.10434782608695
484, 534.5824520886512, 162.50820695652175, 1.4956521739130435, 254.80869565217392, 109.54782608695652
485, 534.3160325756655, 162.77735652173914, 1.3043478260869565, 254.87826086956522, 112.05217391304348
486, 534.0496130626798, 162.58657043478266, 0.991304347826087, 254.58260869565217, 112.72173913043478
487, 533.783193549694, 162.84008260869567, 1.0869565217391304, 254.63478260869564, 114.42608695652174
488, 533.5167740367084, 163.21436173913042, 1.5130434782608695, 254.75652173913045, 115.96521739130435
489, 533.2503545237226, 163.39950347826078, 1.4, 254.7478260869565, 117.9304347826087
490, 532.983935010737, 163.6195547826087, 1.6695652173913043, 254.73043478260868, 119.24347826086957
491, 532.7175154977513, 163.89198521739135, 1.5391304347826087, 254.7391304347826, 121.9304347826087
492, 532.4510959847656, 163.90975565217397, 1.4869565217391305, 254.66086956521738, 122.62608695652175
493, 532.1846764717799, 164.23573913043475, 1.391304347826087, 254.81739130434784, 124.9304347826087
494, 531.9182569587942, 164.16156521739128, 1.2173913043478262, 254.6782608695652, 125.45217391304348
495, 531.6518374458085, 164.70565739130438, 1.6869565217391305, 254.8695652173913, 128.0086956521739
496, 531.3854179328227, 164.4159513043478, 1.182608695652174, 254.62608695652173, 128.04347826086956
497, 531.1189984198371, 164.98425478260873, 1.8, 254.80869565217392, 130.4695652173913
498, 530.8525789068515, 164.7589626086956, 1.3304347826086957, 254.65217391304347, 130.5304347826087
499, 530.5861593938657, 165.16610086956516, 1.6, 254.8521739130435, 132.36521739130436
500, 530.31973988088, 165.05559391304345, 1.3652173913043477, 254.69565217391303, 132.81739130434784
501, 530.0533203678943, 165.5017791304347, 1.6869565217391305, 254.81739130434784, 135.2608695652174
502, 529.7869008549086, 165.5245739130434, 1.565217391304348, 254.8, 135.8695652173913
503, 529.520481341923, 165.8206208695652, 1.8782608695652174, 254.75652173913045, 137.8695652173913
504, 529.2540618289372, 165.76925217391303, 1.826086956521739, 254.63478260869564, 138.18260869565216
505, 528.9876423159515, 166.23328, 2.0695652173913044, 254.7913043478261, 140.80869565217392
506, 528.7212228029658, 166.07252173913037, 1.7391304347826086, 254.64347826086956, 141.02608695652174
507, 528.4548032899802, 166.35057913043485, 1.6, 254.6695652173913, 143.69565217391303
508, 528.1883837769944, 166.52327826086952, 1.826086956521739, 254.73043478260868, 144.30434782608697
509, 527.9219642640087, 166.7013965217392, 1.6, 254.72173913043477, 146.50434782608696
510, 527.6555447510231, 166.80038260869563, 1.565217391304348, 254.8, 147.0608695652174
511, 527.3891252380373, 167.01492695652163, 1.3391304347826087, 254.83478260869566, 149.35652173913044
512, 527.1227057250517, 167.20262521739122, 1.5739130434782609, 254.80869565217392, 150.52173913043478
513, 526.8562862120659, 167.36719478260875, 1.182608695652174, 254.80869565217392, 152.9913043478261
514, 526.5898666990803, 167.48281739130445, 1.2173913043478262, 254.81739130434784, 153.8695652173913
515, 526.3234471860945, 167.8394173913044, 1.565217391304348, 254.80869565217392, 156.1304347826087
516, 526.0570276731089, 167.8398652173914, 1.3478260869565217, 254.80869565217392, 156.70434782608694
517, 525.7906081601232, 168.06274434782608, 1.1652173913043478, 254.8608695652174, 158.8695652173913
518, 525.5241886471374, 168.05115043478258, 1.1043478260869566, 254.7826086956522, 159.3304347826087
519, 525.2577691341518, 168.52914173913038, 1.5391304347826087, 254.90434782608696, 161.75652173913045
520, 524.991349621166, 168.50705826086943, 1.5043478260869565, 254.8, 162.19130434782608
521, 524.7249301081804, 168.93396086956517, 1.7826086956521738, 254.84347826086957, 164.98260869565217
522, 524.4585105951946, 168.91140695652163, 1.5826086956521739, 254.81739130434784, 165.44347826086957
523, 524.192091082209, 169.24829913043473, 1.8782608695652174, 254.8, 167.71304347826086
524, 523.9256715692233, 169.26757391304346, 1.9130434782608696, 254.7391304347826, 168.10434782608695
525, 523.6592520562376, 169.32113913043472, 1.2173913043478262, 254.84347826086957, 169.8608695652174
526, 523.3928325432519, 169.27548, 1.1130434782608696, 254.80869565217392, 169.91304347826087
527, 523.1264130302661, 169.5549382608696, 1.1391304347826088, 254.8695652173913, 171.98260869565217
528, 522.8599935172805, 169.6012495652174, 1.2434782608695651, 254.82608695652175, 172.33913043478262
529, 522.5935740042949, 169.86428086956522, 1.2782608695652173, 254.81739130434784, 174.6
530, 522.3271544913091, 169.82026869565212, 1.1391304347826088, 254.7913043478261, 174.71304347826086
531, 522.0607349783234, 170.06540695652168, 1.2347826086956522, 254.81739130434784, 176.47826086956522
532, 521.7943154653377, 170.141392173913, 1.2956521739130435, 254.83478260869566, 176.89565217391305
533, 521.527895952352, 170.26437217391307, 1.0608695652173914, 254.82608695652175, 178.63478260869564
534, 521.2614764393663, 170.14358173913038, 0.8782608695652174, 254.72173913043477, 178.59130434782608
535, 520.9950569263806, 170.5828330434784, 1.3217391304347825, 254.8608695652174, 180.56521739130434
536, 520.7286374133948, 170.5369721739132, 1.2347826086956522, 254.8, 180.70434782608694
537, 520.4622179004092, 170.81818695652186, 1.3478260869565217, 254.83478260869566, 182.69565217391303
538, 520.1957983874236, 170.68272521739132, 1.182608695652174, 254.6695652173913, 182.7913043478261
539, 519.9293788744378, 171.16990695652174, 1.4521739130434783, 254.91304347826087, 185.10434782608695
540, 519.6629593614521, 171.04971999999998, 1.4086956521739131, 254.73043478260868, 185.10434782608695
541, 519.3965398484664, 171.24938695652168, 1.434782608695652, 254.70434782608694, 186.9217391304348
542, 519.1301203354807, 171.24813913043477, 1.391304347826087, 254.69565217391303, 187.0695652173913
543, 518.863700822495, 171.37409478260855, 1.6608695652173913, 254.3913043478261, 189.03478260869565
544, 518.5972813095093, 171.63759739130435, 1.5043478260869565, 254.8, 189.65217391304347
545, 518.3308617965237, 171.83586869565212, 1.8347826086956522, 254.5304347826087, 191.91304347826087
546, 518.0644422835379, 171.52419565217383, 1.3478260869565217, 254.3217391304348, 191.5304347826087
547, 517.7980227705523, 171.97704434782614, 1.817391304347826, 254.45217391304348, 193.6
548, 517.5316032575665, 172.18961217391302, 2.0521739130434784, 254.54782608695652, 194.35652173913044
549, 517.2651837445808, 171.1316860869565, 1.4869565217391305, 252.8695652173913, 195.2
550, 516.9987642315951, 171.2131347826086, 1.7826086956521738, 252.69565217391303, 196.03478260869565
551, 516.7323447186095, 171.92152000000004, 2.4521739130434783, 253.08695652173913, 198.47826086956522
552, 516.4659252056238, 171.14476086956523, 1.6956521739130435, 252.24347826086955, 197.9913043478261
553, 516.199505692638, 170.50003217391296, 1.5913043478260869, 250.96521739130435, 199.19130434782608
554, 515.9330861796524, 169.9400113043478, 1.3652173913043477, 250.10434782608695, 199.30434782608697
555, 515.6666666666666, 170.02534260869567, 2.139130434782609, 249.3304347826087, 202.0086956521739
556, 515.400247153681, 169.60774086956528, 1.808695652173913, 248.65217391304347, 202.70434782608694
557, 515.1338276406952, 168.85399478260862, 1.8782608695652174, 247.0, 204.41739130434783
558, 514.8674081277095, 167.74503043478256, 1.0869565217391304, 245.47826086956522, 204.6
559, 514.6009886147239, 167.68115130434788, 1.9652173913043478, 244.5304347826087, 206.61739130434782
560, 514.3345691017382, 166.58640260869566, 1.3652173913043477, 242.9304347826087, 206.82608695652175
561, 514.0681495887525, 166.5149591304348, 1.8, 242.10434782608695, 209.31304347826088
562, 513.8017300757667, 166.15225478260865, 1.8, 241.4695652173913, 209.4
563, 513.5353105627811, 165.5411130434782, 1.826086956521739, 240.16521739130434, 210.68695652173912
564, 513.2688910497953, 164.1703017391304, 0.9826086956521739, 238.26956521739132, 210.63478260869564
565, 513.0024715368097, 164.12261913043477, 1.8956521739130434, 237.31304347826088, 212.7478260869565
566, 512.736052023824, 163.8347695652175, 1.7826086956521738, 236.71304347826086, 213.6086956521739
567, 512.4696325108383, 163.73031652173904, 1.7043478260869565, 236.43478260869566, 214.3304347826087
568, 512.2032129978526, 163.48392782608698, 1.4173913043478261, 236.2, 214.1304347826087
569, 511.9367934848669, 163.20017130434795, 1.5043478260869565, 235.35652173913044, 215.75652173913045
570, 511.6703739718812, 162.68314869565233, 1.2956521739130435, 234.6782608695652, 215.2608695652174
571, 511.4039544588955, 161.94872434782607, 1.3652173913043477, 233.11304347826086, 216.69565217391303
572, 511.1375349459098, 161.3734756521739, 0.9826086956521739, 232.41739130434783, 216.23478260869564
573, 510.87111543292406, 161.67986173913053, 1.7304347826086957, 232.04347826086956, 218.88695652173914
574, 510.6046959199384, 161.25081739130437, 1.565217391304348, 231.4608695652174, 218.55652173913043
575, 510.3382764069527, 160.77636956521738, 2.0434782608695654, 230.1304347826087, 219.9913043478261
576, 510.07185689396704, 159.86123304347825, 1.1478260869565218, 229.19130434782608, 219.1478260869565
577, 509.8054373809813, 159.871784347826, 1.6347826086956523, 228.5391304347826, 221.3217391304348
578, 509.5390178679956, 159.6123069565217, 1.3652173913043477, 228.27826086956523, 221.09565217391304
579, 509.2725983550099, 160.15464000000006, 2.121739130434783, 228.45217391304348, 222.97391304347826
580, 509.0061788420242, 159.46493826086962, 1.5739130434782609, 227.66086956521738, 222.43478260869566
581, 508.7397593290385, 158.9822730434784, 1.8782608695652174, 226.33913043478262, 224.2086956521739
582, 508.4733398160528, 158.21086086956527, 1.2173913043478262, 225.4695652173913, 223.65217391304347
583, 508.20692030306714, 158.60965913043486, 1.9304347826086956, 225.48695652173913, 225.19130434782608
584, 507.9405007900814, 157.75677739130438, 1.0956521739130434, 224.57391304347826, 224.6
585, 507.67408127709575, 157.27180869565225, 1.391304347826087, 223.26956521739132, 226.28695652173914
586, 507.40766176411, 156.73878608695648, 1.008695652173913, 222.6086956521739, 226.01739130434783
587, 507.14124225112437, 156.885332173913, 1.6347826086956523, 222.08695652173913, 228.34782608695653
588, 506.8748227381386, 156.81606695652175, 1.6782608695652175, 221.91304347826087, 228.52173913043478
589, 506.6084032251529, 156.48291826086958, 2.121739130434783, 220.81739130434784, 230.0782608695652
590, 506.34198371216723, 155.5479539130435, 1.4173913043478261, 219.72173913043477, 229.36521739130436
591, 506.07556419918154, 155.18201739130436, 1.6521739130434783, 218.61739130434782, 231.22608695652173
592, 505.80914468619585, 154.81413999999995, 1.2956521739130435, 218.17391304347825, 231.2173913043478
593, 505.54272517321016, 154.64504695652178, 1.3565217391304347, 217.47826086956522, 233.15652173913043
594, 505.27630566022447, 154.33835478260872, 1.1478260869565218, 217.04347826086956, 233.2521739130435
595, 505.0098861472387, 154.48802608695652, 1.391304347826087, 216.84347826086957, 234.95652173913044
596, 504.7434666342531, 153.96577043478268, 0.991304347826087, 216.1304347826087, 235.09565217391304
597, 504.47704712126733, 153.69056, 1.7043478260869565, 214.8695652173913, 237.30434782608697
598, 504.2106276082817, 153.62516173913045, 1.6869565217391305, 214.65217391304347, 237.89565217391305
599, 503.94420809529595, 153.5407330434782, 1.9739130434782608, 214.08695652173913, 239.31304347826088
600, 503.67778858231026, 152.79043478260857, 1.391304347826087, 213.2, 238.82608695652175
601, 503.41136906932456, 152.23974347826078, 1.3478260869565217, 211.83478260869566, 241.1391304347826
602, 503.1449495563389, 151.60873304347822, 1.017391304347826, 210.96521739130435, 240.94782608695652
603, 502.8785300433532, 152.07209739130437, 1.8956521739130434, 210.82608695652175, 243.42608695652174
604, 502.6121105303675, 152.13843478260878, 1.826086956521739, 210.87826086956522, 243.9217391304348
605, 502.3456910173818, 151.68086695652175, 2.2, 209.63478260869564, 245.3304347826087
606, 502.07927150439605, 150.1894260869566, 1.3043478260869565, 207.8, 244.04347826086956
607, 501.8128519914104, 149.94596260869562, 1.3304347826086957, 206.95652173913044, 246.18260869565216
608, 501.54643247842466, 149.86726173913038, 1.208695652173913, 206.8, 246.61739130434782
609, 501.280012965439, 149.91032086956517, 1.4, 206.2608695652174, 249.26956521739132
610, 501.0135934524533, 150.0662469565217, 1.617391304347826, 206.30434782608697, 249.84347826086957
611, 500.7471739394676, 149.58206956521735, 1.391304347826087, 205.35652173913044, 251.0695652173913
612, 500.4807544264819, 149.52198869565217, 1.4173913043478261, 205.09565217391304, 251.81739130434784
613, 500.2143349134962, 149.34054347826083, 2.217391304347826, 204.1478260869565, 253.0086956521739
614, 499.9479154005105, 147.9956495652174, 1.2434782608695651, 202.51304347826087, 252.18260869565216
615, 499.68149588752476, 147.65184695652172, 1.4434782608695653, 201.7478260869565, 252.58260869565217
616, 499.4150763745391, 146.72277217391294, 0.7130434782608696, 200.58260869565217, 252.34782608695653
617, 499.1486568615534, 147.14184173913037, 1.5826086956521739, 200.55652173913043, 253.87826086956522
618, 498.88223734856774, 146.86745304347832, 1.4695652173913043, 200.16521739130434, 253.7826086956522
619, 498.615817835582, 146.75734086956516, 2.0695652173913044, 199.58260869565217, 254.24347826086955
620, 498.34939832259636, 145.9631208695652, 1.4, 198.57391304347826, 254.22608695652173
621, 498.0829788096106, 145.64859043478256, 1.7478260869565216, 197.7478260869565, 254.80869565217392
622, 497.8165592966249, 145.07335217391304, 1.3478260869565217, 197.0086956521739, 254.61739130434782
623, 497.5501397836392, 144.42877217391307, 1.5826086956521739, 195.7826086956522, 254.66086956521738
624, 497.28372027065353, 143.94670869565218, 1.0869565217391304, 195.2086956521739, 254.68695652173912
625, 497.01730075766784, 143.43312608695655, 1.3478260869565217, 194.17391304347825, 254.82608695652175
626, 496.7508812446821, 143.12296782608692, 1.2782608695652173, 193.71304347826086, 254.66086956521738
627, 496.48446173169646, 142.4755904347826, 1.4869565217391305, 192.54782608695652, 254.43478260869566
628, 496.2180422187107, 141.9293495652173, 1.4608695652173913, 191.72173913043477, 253.96521739130435
629, 495.9516227057251, 141.80627652173916, 1.9304347826086956, 191.09565217391304, 254.87826086956522
630, 495.6852031927393, 141.16567478260876, 1.6869565217391305, 190.17391304347825, 254.64347826086956
631, 495.41878367975363, 140.15688608695655, 1.1391304347826088, 188.7478260869565, 254.57391304347826
632, 495.15236416676794, 139.727235652174, 0.9478260869565217, 188.12173913043478, 254.5304347826087
633, 494.88594465378225, 139.10643217391316, 1.1565217391304348, 186.88695652173914, 254.89565217391305
634, 494.61952514079655, 138.5294252173914, 0.8782608695652174, 186.0608695652174, 254.81739130434784
635, 494.35310562781086, 138.22367913043482, 1.817391304347826, 185.03478260869565, 254.95652173913044
636, 494.08668611482517, 137.32662347826096, 1.2434782608695651, 183.81739130434784, 254.8608695652174
637, 493.8202666018394, 136.68018260869567, 1.7391304347826086, 182.44347826086957, 254.96521739130435
638, 493.5538470888538, 135.64446521739126, 1.0869565217391304, 181.03478260869565, 254.84347826086957
639, 493.28742757586804, 134.2618982608695, 1.191304347826087, 178.63478260869564, 254.8
640, 493.0210080628824, 132.8850904347825, 0.48695652173913045, 176.7391304347826, 254.3304347826087
641, 492.75458854989665, 132.37266086956524, 1.0434782608695652, 175.5304347826087, 254.6
642, 492.48816903691096, 132.41176695652166, 1.2, 175.48695652173913, 254.75652173913045
643, 492.22174952392527, 132.21077130434782, 1.7652173913043478, 174.83478260869566, 254.8695652173913
644, 491.9553300109396, 131.5045086956522, 1.5217391304347827, 173.7826086956522, 254.73043478260868
645, 491.6889104979539, 129.99715652173907, 1.391304347826087, 171.2608695652174, 254.83478260869566
646, 491.4224909849682, 129.40506434782608, 1.182608695652174, 170.36521739130436, 254.8
647, 491.1560714719825, 128.79744782608697, 1.434782608695652, 169.2, 254.80869565217392
648, 490.88965195899675, 128.12687565217394, 1.1565217391304348, 168.23478260869564, 254.62608695652173
649, 490.6232324460111, 126.58830869565209, 0.9130434782608695, 165.7478260869565, 254.57391304347826
650, 490.35681293302537, 125.83861304347823, 0.7391304347826086, 164.59130434782608, 254.40869565217392
651, 490.09039342003973, 125.86170434782613, 2.0, 163.95652173913044, 254.57391304347826
652, 489.823973907054, 125.59618260869561, 1.826086956521739, 163.58260869565217, 254.62608695652173
653, 489.5575543940683, 124.43959478260876, 1.617391304347826, 161.6695652173913, 254.87826086956522
654, 489.2911348810826, 123.22161565217388, 1.1478260869565218, 159.97391304347826, 254.15652173913043
655, 489.0247153680969, 122.55550260869563, 1.5826086956521739, 158.51304347826087, 254.69565217391303
656, 488.7582958551112, 122.10995999999996, 1.182608695652174, 157.9391304347826, 254.7913043478261
657, 488.4918763421255, 121.28230869565219, 1.7826086956521738, 156.2, 254.91304347826087
658, 488.22545682913983, 120.0368730434783, 1.0956521739130434, 154.49565217391304, 254.56521739130434
659, 487.9590373161541, 119.01989217391305, 1.3391304347826087, 152.6695652173913, 254.40869565217392
660, 487.69261780316845, 118.02999565217397, 1.0869565217391304, 151.12173913043478, 254.35652173913044
661, 487.4261982901827, 117.20203217391311, 1.5043478260869565, 149.42608695652174, 254.73043478260868
662, 487.15977877719706, 116.02717478260877, 1.208695652173913, 147.61739130434782, 254.51304347826087
663, 486.8933592642113, 114.58710260869566, 1.1478260869565218, 145.1478260869565, 254.75652173913045
664, 486.6269397512256, 113.52261130434789, 0.7565217391304347, 143.58260869565217, 254.50434782608696
665, 486.3605202382399, 112.48437826086959, 1.173913043478261, 141.5304347826087, 254.8695652173913
666, 486.09410072525424, 111.48733217391302, 1.1130434782608696, 139.9304347826087, 254.52173913043478
667, 485.82768121226854, 110.03655913043477, 1.5391304347826087, 137.19130434782608, 254.7826086956522
668, 485.5612616992828, 108.60546347826083, 0.8434782608695652, 135.15652173913043, 254.5304347826087
669, 485.29484218629716, 107.54435043478261, 1.5391304347826087, 132.9304347826087, 254.8608695652174
670, 485.0284226733114, 105.64676173913038, 0.8173913043478261, 130.09565217391304, 254.70434782608694
671, 484.7620031603258, 103.97677217391302, 1.2347826086956522, 127.03478260869565, 254.72173913043477
672, 484.49558364734, 101.90054695652167, 0.9652173913043478, 123.64347826086957, 254.6782608695652
673, 484.22916413435433, 100.2419982608696, 1.3217391304347825, 120.63478260869566, 254.68695652173912
674, 483.96274462136864, 98.156435652174, 0.9478260869565217, 117.30434782608695, 254.52173913043478
675, 483.69632510838295, 96.15559826086961, 0.8, 113.99130434782609, 254.41739130434783
676, 483.42990559539726, 94.3072617391305, 0.7739130434782608, 110.86086956521739, 254.3913043478261
677, 483.16348608241157, 92.47027478260871, 1.2521739130434784, 107.4608695652174, 254.5304347826087
678, 482.8970665694259, 90.47855913043479, 0.9304347826086956, 104.24347826086957, 254.4695652173913
679, 482.6306470564401, 88.60234521739125, 1.0695652173913044, 101.0, 254.34782608695653
680, 482.3642275434545, 86.96527304347826, 1.008695652173913, 98.31304347826087, 253.98260869565217
681, 482.09780803046874, 85.67246173913047, 1.208695652173913, 95.89565217391305, 254.56521739130434
682, 481.8313885174831, 83.85551913043474, 1.1565217391304348, 92.91304347826087, 254.12173913043478
683, 481.56496900449736, 82.72865217391302, 1.9130434782608696, 90.5304347826087, 254.52173913043478
684, 481.29854949151166, 81.35995043478258, 1.8, 88.27826086956522, 254.40869565217392
685, 481.032129978526, 79.19367565217388, 1.3304347826086957, 84.73913043478261, 254.8608695652174
686, 480.7657104655403, 76.77321391304349, 1.0782608695652174, 80.85217391304347, 254.30434782608697
687, 480.4992909525546, 73.80215739130438, 0.6, 76.01739130434783, 254.3913043478261
688, 480.2328714395689, 71.45339391304346, 0.6695652173913044, 71.97391304347826, 254.42608695652174
689, 479.9664519265832, 69.22539826086957, 1.1478260869565218, 67.96521739130435, 254.26956521739132
690, 479.70003241359746, 67.05362521739133, 1.2260869565217392, 64.20869565217392, 254.35652173913044
691, 479.4336129006118, 64.5511165217391, 1.4434782608695653, 59.834782608695654, 254.35652173913044
692, 479.16719338762607, 61.781117391304306, 1.0869565217391304, 55.356521739130436, 254.05217391304348
693, 478.90077387464044, 59.27995739130437, 1.382608695652174, 50.85217391304348, 254.5304347826087
694, 478.6343543616547, 56.696177391304374, 1.0956521739130434, 46.6, 254.51304347826087
695, 478.367934848669, 54.06675826086958, 1.2, 42.11304347826087, 254.27826086956523
696, 478.1015153356833, 51.459553913043514, 1.1565217391304348, 37.8, 253.73043478260868
697, 477.8350958226976, 48.51405304347828, 1.1217391304347826, 32.85217391304348, 253.4608695652174
698, 477.5686763097119, 46.83190173913043, 1.3304347826086957, 29.713043478260868, 254.3217391304348
699, 477.3022567967262, 44.55221565217392, 1.6695652173913043, 25.63478260869565, 254.43478260869566
700, 477.03583728374053, 41.023700000000005, 0.8260869565217391, 20.08695652173913, 254.2608695652174
701, 476.7694177707548, 38.82758782608696, 1.2521739130434784, 16.130434782608695, 254.2521739130435
702, 476.50299825776915, 34.908986956521744, 0.7391304347826086, 9.991304347826087, 252.83478260869566
703, 476.2365787447834, 32.89890173913046, 1.1565217391304348, 6.226086956521739, 253.49565217391304
704, 475.97015923179777, 31.438305217391314, 1.4695652173913043, 3.7304347826086954, 252.71304347826086
705, 475.703739718812, 30.800772173913035, 2.017391304347826, 2.3130434782608695, 252.98260869565217
706, 475.4373202058263, 30.402818260869562, 1.817391304347826, 1.7217391304347827, 253.0608695652174
707, 475.17090069284063, 30.56473217391305, 2.0695652173913044, 1.7391304347826086, 253.73043478260868
708, 474.90448117985494, 30.42756260869566, 1.9391304347826086, 1.6782608695652175, 253.18260869565216
709, 474.63806166686925, 30.50508869565218, 2.1565217391304348, 1.6, 253.69565217391303
710, 474.3716421538835, 30.447267826086957, 2.1043478260869564, 1.565217391304348, 253.50434782608696
711, 474.10522264089786, 30.405200000000004, 2.0869565217391304, 1.4956521739130435, 253.5391304347826
712, 473.8388031279121, 30.651321739130438, 2.347826086956522, 1.7652173913043478, 253.62608695652173
713, 473.5723836149265, 30.58413565217391, 2.2956521739130435, 1.7043478260869565, 253.48695652173913
714, 473.30596410194073, 30.410210434782613, 2.0695652173913044, 1.5130434782608695, 253.5391304347826
715, 473.0395445889551, 30.740465217391307, 2.4782608695652173, 1.8, 253.88695652173914
716, 472.77312507596935, 30.371037391304352, 2.0608695652173914, 1.4608695652173913, 253.48695652173913
717, 472.50670556298365, 30.391696521739142, 2.0782608695652174, 1.4956521739130435, 253.44347826086957
718, 472.24028604999796, 30.26112695652175, 1.9478260869565218, 1.3565217391304347, 253.35652173913044
719, 471.97386653701227, 30.784811304347834, 2.4956521739130433, 1.8869565217391304, 253.7826086956522
720, 471.7074470240266, 30.315786086956525, 1.9652173913043478, 1.4086956521739131, 253.52173913043478
721, 471.44102751104083, 30.139305217391314, 1.7304347826086957, 1.2782608695652173, 253.2608695652174
722, 471.1746079980552, 30.50186260869566, 2.1565217391304348, 1.6434782608695653, 253.44347826086957
723, 470.90818848506945, 30.48470000000001, 2.130434782608696, 1.617391304347826, 253.49565217391304
724, 470.6417689720838, 31.02024086956522, 2.7217391304347824, 2.139130434782609, 253.95652173913044
725, 470.37534945909806, 30.259879130434786, 1.9043478260869566, 1.3478260869565217, 253.50434782608696
726, 470.10892994611237, 30.0801539130435, 1.6782608695652175, 1.1652173913043478, 253.4608695652174
727, 469.8425104331267, 30.50294782608696, 2.1739130434782608, 1.6347826086956523, 253.45217391304348
728, 469.576090920141, 30.552838260869585, 2.226086956521739, 1.6695652173913043, 253.57391304347826
729, 469.3096714071553, 30.245582608695663, 1.9130434782608696, 1.2869565217391303, 253.6695652173913
730, 469.0432518941696, 30.75277913043478, 2.4695652173913043, 1.8608695652173912, 253.70434782608694
731, 468.7768323811839, 30.651267826086958, 2.365217391304348, 1.7478260869565216, 253.6695652173913
732, 468.51041286819816, 30.24920173913045, 1.8956521739130434, 1.3391304347826087, 253.47826086956522
733, 468.2439933552125, 30.470407826086973, 2.1826086956521737, 1.608695652173913, 253.27826086956523
734, 467.9775738422268, 30.25647652173913, 1.9304347826086956, 1.3304347826086957, 253.49565217391304
735, 467.71115432924114, 30.373394782608706, 2.0521739130434784, 1.4608695652173913, 253.5304347826087
736, 467.4447348162554, 30.55676434782609, 2.2695652173913046, 1.6608695652173913, 253.5391304347826
737, 467.1783153032697, 30.675423478260885, 2.373913043478261, 1.791304347826087, 253.63478260869564
738, 466.911895790284, 30.401678260869566, 2.0869565217391304, 1.5217391304347827, 253.37391304347827
739, 466.6454762772983, 30.864243478260878, 2.608695652173913, 1.9478260869565218, 253.8695652173913
740, 466.3790567643126, 30.44150782608696, 2.139130434782609, 1.5478260869565217, 253.45217391304348
741, 466.11263725132693, 30.592026956521742, 2.3391304347826085, 1.6956521739130435, 253.48695652173913
742, 465.84621773834124, 30.354653913043478, 2.0695652173913044, 1.4521739130434783, 253.36521739130436
743, 465.5797982253555, 30.714518260869582, 2.4695652173913043, 1.826086956521739, 253.54782608695652
744, 465.31337871236985, 30.183421739130434, 1.8695652173913044, 1.2521739130434784, 253.41739130434783
745, 465.0469591993841, 30.706493913043463, 2.4521739130434783, 1.8347826086956522, 253.47826086956522
746, 464.78053968639847, 30.334438260869575, 2.0521739130434784, 1.4434782608695653, 253.27826086956523
747, 464.5141201734127, 30.51057304347827, 2.2695652173913046, 1.626086956521739, 253.31304347826088
748, 464.24770066042703, 30.44882608695652, 2.1739130434782608, 1.6, 253.15652173913043
749, 463.98128114744134, 30.511164347826092, 2.2695652173913046, 1.6608695652173913, 253.1391304347826
750, 463.71486163445564, 30.404469565217408, 2.1739130434782608, 1.5565217391304347, 252.9913043478261
751, 463.44844212146995, 30.41106347826087, 2.234782608695652, 1.5739130434782609, 252.8
752, 463.18202260848426, 30.77664521739131, 2.6782608695652175, 1.8695652173913044, 253.3217391304348
753, 462.91560309549857, 29.7956704347826, 1.6434782608695653, 1.0782608695652174, 251.50434782608696
754, 462.6491835825128, 29.979292173913038, 1.8608695652173912, 1.2347826086956522, 251.7391304347826
755, 462.3827640695272, 30.11241478260869, 2.026086956521739, 1.4956521739130435, 251.1304347826087
756, 462.11634455654143, 29.68462260869564, 1.6, 1.2, 250.01739130434783
757, 461.8499250435558, 29.675282608695642, 1.8695652173913044, 1.2173913043478262, 249.1391304347826
758, 461.58350553057005, 29.883680869565204, 2.1478260869565218, 1.4695652173913043, 248.9391304347826
759, 461.31708601758436, 29.884387826086936, 2.121739130434783, 1.6782608695652175, 247.9391304347826
760, 461.05066650459867, 29.337207826086946, 1.5739130434782609, 1.1652173913043478, 247.2173913043478
761, 460.784246991613, 29.278621739130415, 1.6956521739130435, 1.2347826086956522, 246.02608695652174
762, 460.5178274786273, 29.447990434782614, 1.9217391304347826, 1.391304347826087, 246.11304347826086
763, 460.25140796564153, 29.422733043478264, 1.9739130434782608, 1.4956521739130435, 245.2173913043478
764, 459.9849884526559, 28.795498260869575, 1.3652173913043477, 1.017391304347826, 243.77391304347827
765, 459.71856893967015, 28.792210434782632, 1.6347826086956523, 0.9826086956521739, 243.2173913043478
766, 459.4521494266845, 28.936233913043488, 1.8347826086956522, 1.1565217391304348, 243.0608695652174
767, 459.18572991369876, 29.235426956521756, 2.252173913043478, 1.5043478260869565, 242.8
768, 458.9193104007131, 28.465736521739146, 1.4173913043478261, 0.8782608695652174, 241.4608695652174
769, 458.6528908877274, 28.591156521739148, 1.6521739130434783, 1.0956521739130434, 240.82608695652175
770, 458.3864713747417, 28.947253043478277, 1.991304347826087, 1.4434782608695653, 241.26956521739132
771, 458.120051861756, 28.492079130434796, 1.5565217391304347, 1.1478260869565218, 239.9391304347826
772, 457.8536323487703, 28.54646173913044, 1.6434782608695653, 1.2434782608695651, 239.69565217391303
773, 457.5872128357846, 28.46988956521739, 1.626086956521739, 1.2434782608695651, 239.0695652173913
774, 457.32079332279886, 28.447020869565222, 1.617391304347826, 1.2173913043478262, 239.02608695652174
775, 457.0543738098132, 28.508592173913044, 1.7304347826086957, 1.4521739130434783, 238.0608695652174
776, 456.7879542968275, 28.28892956521738, 1.4869565217391305, 1.208695652173913, 238.02608695652174
777, 456.52153478384184, 28.373315652173908, 1.626086956521739, 1.4521739130434783, 237.1478260869565
778, 456.2551152708561, 28.504462608695647, 1.808695652173913, 1.5826086956521739, 237.1478260869565
779, 455.9886957578704, 28.021573913043472, 1.565217391304348, 1.191304347826087, 235.56521739130434
780, 455.7222762448847, 27.924766956521747, 1.4608695652173913, 1.1217391304347826, 235.34782608695653
781, 455.455856731899, 27.924618260869547, 1.6434782608695653, 1.2260869565217392, 234.3304347826087
782, 455.1894372189133, 28.201042608695627, 2.008695652173913, 1.4434782608695653, 234.6782608695652
783, 454.92301770592763, 27.932585217391292, 1.9739130434782608, 1.191304347826087, 233.71304347826086
784, 454.65659819294194, 27.780827826086938, 1.8956521739130434, 1.1043478260869566, 233.03478260869565
785, 454.3901786799562, 28.16461130434781, 2.408695652173913, 1.5391304347826087, 232.81739130434784
786, 454.12375916697056, 27.81372695652174, 2.034782608695652, 1.2347826086956522, 232.28695652173914
787, 453.8573396539848, 27.673836521739123, 1.982608695652174, 1.0956521739130434, 231.91304347826087
788, 453.5909201409992, 27.38337565217392, 1.6347826086956523, 0.9130434782608695, 231.2173913043478
789, 453.3245006280134, 27.701260869565225, 2.1739130434782608, 1.2695652173913043, 230.75652173913045
790, 453.05808111502773, 27.474678260869574, 2.0, 1.0869565217391304, 230.16521739130434
791, 452.79166160204204, 27.560480000000016, 2.0695652173913044, 1.2956521739130435, 229.66086956521738
792, 452.52524208905635, 27.339520869565224, 1.9217391304347826, 1.0434782608695652, 229.40869565217392
793, 452.25882257607066, 27.47148000000002, 2.1565217391304348, 1.2956521739130435, 228.65217391304347
794, 451.99240306308496, 27.361460869565224, 2.0, 1.191304347826087, 228.63478260869564
795, 451.7259835500993, 27.369018260869584, 2.0782608695652174, 1.4260869565217391, 227.28695652173914
796, 451.4595640371135, 26.966131304347844, 1.6434782608695653, 1.173913043478261, 226.19130434782608
797, 451.1931445241279, 27.107039130434792, 2.0434782608695654, 1.3217391304347825, 225.61739130434782
798, 450.92672501114214, 27.27472086956523, 2.2695652173913046, 1.4956521739130435, 225.6
799, 450.6603054981565, 26.84152260869566, 1.9043478260869566, 1.2695652173913043, 223.9217391304348
800, 450.39388598517075, 26.90240086956521, 1.991304347826087, 1.3391304347826087, 223.8695652173913
801, 450.12746647218506, 26.82079478260869, 2.139130434782609, 1.2869565217391303, 223.03478260869565
802, 449.86104695919937, 26.53886347826086, 1.8869565217391304, 0.9739130434782609, 222.83478260869566
803, 449.5946274462137, 26.450956521739112, 1.7391304347826086, 1.0260869565217392, 222.18260869565216
804, 449.328207933228, 26.973646086956503, 2.3217391304347825, 1.4695652173913043, 222.95652173913044
805, 449.06178842024224, 27.19777391304346, 2.4347826086956523, 1.8782608695652174, 222.52173913043478
806, 448.7953689072566, 26.42752173913042, 1.6521739130434783, 1.2347826086956522, 221.1304347826087
807, 448.52894939427085, 26.524126956521716, 1.7739130434782608, 1.2782608695652173, 221.43478260869566
808, 448.2625298812852, 26.56255478260868, 1.8434782608695652, 1.382608695652174, 221.05217391304348
809, 447.99611036829947, 26.336373913043467, 1.826086956521739, 1.0956521739130434, 220.59130434782608
810, 447.72969085531383, 26.58957913043478, 2.121739130434783, 1.2869565217391303, 221.05217391304348
811, 447.4632713423281, 26.52910956521738, 2.121739130434783, 1.2869565217391303, 220.52173913043478
812, 447.1968518293424, 26.194140869565214, 1.808695652173913, 0.9652173913043478, 220.0608695652174
813, 446.9304323163567, 26.496376521739126, 2.234782608695652, 1.3391304347826087, 219.6695652173913
814, 446.664012803371, 26.13407913043477, 1.817391304347826, 1.0695652173913044, 218.97391304347826
815, 446.3975932903853, 26.484618260869563, 2.252173913043478, 1.391304347826087, 219.2521739130435
816, 446.13117377739957, 25.753938260869557, 1.4, 0.8, 218.12173913043478
817, 445.86475426441393, 26.088339130434782, 1.826086956521739, 1.2, 217.87826086956522
818, 445.5983347514282, 26.274101739130426, 2.026086956521739, 1.3217391304347825, 218.35652173913044
819, 445.33191523844255, 26.20690869565217, 1.9565217391304348, 1.391304347826087, 217.59130434782608
820, 445.0654957254568, 26.13945217391303, 1.9130434782608696, 1.2782608695652173, 217.69565217391303
821, 444.7990762124711, 26.371730434782602, 2.347826086956522, 1.5826086956521739, 217.02608695652174
822, 444.5326566994854, 25.65281304347826, 1.5217391304347827, 0.991304347826087, 215.9304347826087
823, 444.2662371864997, 25.687300869565238, 1.6, 1.0608695652173914, 215.6695652173913
824, 443.99981767351403, 25.822694782608703, 1.8347826086956522, 1.1652173913043478, 215.70434782608694
825, 443.73339816052834, 25.614427826086956, 1.6347826086956523, 1.0608695652173914, 214.9391304347826
826, 443.46697864754265, 25.50993217391306, 1.5478260869565217, 0.991304347826087, 214.6086956521739
827, 443.2005591345569, 25.8590843478261, 2.026086956521739, 1.4, 214.31304347826088
828, 442.93413962157126, 25.46299913043479, 1.5739130434782609, 1.0956521739130434, 213.59130434782608
829, 442.6677201085855, 25.281466956521747, 1.5043478260869565, 1.0869565217391304, 212.22608695652173
830, 442.4013005955999, 25.39171304347827, 1.6521739130434783, 1.182608695652174, 212.31304347826088
831, 442.13488108261413, 25.379453913043463, 1.982608695652174, 1.182608695652174, 211.33913043478262
832, 441.86846156962844, 25.09672086956521, 1.5739130434782609, 1.008695652173913, 210.82608695652175
833, 441.60204205664274, 25.10674173913042, 1.8, 1.1217391304347826, 209.7391304347826
834, 441.33562254365705, 25.458537391304343, 2.1043478260869564, 1.4782608695652173, 210.19130434782608
835, 441.06920303067136, 25.19599739130434, 1.9391304347826086, 1.2434782608695651, 209.5304347826087
836, 440.80278351768567, 24.84765130434781, 1.5739130434782609, 1.0521739130434782, 208.41739130434783
837, 440.5363640047, 25.03359043478261, 2.356521739130435, 1.0869565217391304, 207.81739130434784
838, 440.2699444917142, 24.944973913043484, 2.260869565217391, 1.1130434782608696, 207.15652173913043
839, 440.0035249787286, 25.09220956521738, 2.5130434782608697, 1.2, 207.33913043478262
840, 439.73710546574284, 25.117280869565207, 2.4956521739130433, 1.3478260869565217, 206.84347826086957
841, 439.4706859527572, 24.91255130434782, 2.4, 1.191304347826087, 206.10434782608695
842, 439.20426643977146, 24.780268695652165, 2.1826086956521737, 1.1391304347826088, 205.7826086956522
843, 438.93784692678577, 24.61845478260871, 2.1478260869565218, 1.0956521739130434, 204.6782608695652
844, 438.6714274138001, 24.856548695652176, 2.4260869565217393, 1.2869565217391303, 205.05217391304348
845, 438.4050079008144, 24.956598260869562, 2.626086956521739, 1.5565217391304347, 204.01739130434783
846, 438.1385883878287, 24.19923217391303, 1.7652173913043478, 0.9478260869565217, 202.76521739130436
847, 437.872168874843, 24.263305217391313, 1.9043478260869566, 1.1043478260869566, 202.15652173913043
848, 437.6057493618573, 24.64532869565218, 2.365217391304348, 1.4782608695652173, 202.37391304347827
849, 437.33932984887156, 24.204279130434777, 1.991304347826087, 1.2347826086956522, 200.7391304347826
850, 437.0729103358859, 24.240207826086962, 2.008695652173913, 1.2347826086956522, 201.0086956521739
851, 436.8064908229002, 24.438737391304368, 2.365217391304348, 1.5130434782608695, 200.38260869565218
852, 436.54007130991454, 23.857920000000007, 1.6695652173913043, 1.0956521739130434, 199.2608695652174
853, 436.2736517969288, 24.200949565217407, 2.3304347826086955, 1.373913043478261, 199.10434782608695
854, 436.0072322839431, 23.950373043478272, 2.0956521739130434, 1.2, 198.41739130434783
855, 435.7408127709574, 23.794305217391305, 2.0782608695652174, 1.1304347826086956, 197.45217391304348
856, 435.4743932579717, 23.294577391304347, 1.4434782608695653, 0.7391304347826086, 196.7478260869565
857, 435.207973744986, 23.922107826086958, 2.3130434782608695, 1.3130434782608695, 197.01739130434783
858, 434.94155423200027, 23.526869565217396, 1.826086956521739, 1.0869565217391304, 195.9913043478261
859, 434.67513471901464, 24.029396521739134, 2.5565217391304347, 1.6521739130434783, 195.57391304347826
860, 434.4087152060289, 23.315327826086953, 1.7652173913043478, 1.0260869565217392, 194.6086956521739
861, 434.14229569304325, 23.80761739130433, 2.5217391304347827, 1.5217391304347827, 194.3913043478261
862, 433.8758761800575, 23.310183478260857, 1.991304347826087, 1.1217391304347826, 193.47826086956522
863, 433.60945666707187, 23.079373043478263, 1.8347826086956522, 1.0260869565217392, 192.35652173913044
864, 433.3430371540861, 23.19606869565217, 2.008695652173913, 1.2173913043478262, 191.9391304347826
865, 433.0766176411004, 23.003814782608693, 1.8521739130434782, 1.173913043478261, 190.88695652173914
866, 432.81019812811473, 22.73249565217392, 1.565217391304348, 0.9304347826086956, 190.51304347826087
867, 432.54377861512904, 23.215883478260867, 2.208695652173913, 1.373913043478261, 190.7826086956522
868, 432.27735910214335, 22.825202608695648, 1.8, 1.1478260869565218, 189.59130434782608
869, 432.0109395891576, 22.680951304347833, 1.791304347826087, 1.0956521739130434, 188.61739130434782
870, 431.74452007617197, 22.79234434782609, 1.9478260869565218, 1.3391304347826087, 187.9304347826087
871, 431.4781005631862, 22.562416521739124, 1.7478260869565216, 1.2434782608695651, 186.9304347826087
872, 431.2116810502006, 22.97412434782608, 2.1478260869565218, 1.6347826086956523, 187.47826086956522
873, 430.94526153721483, 21.898226956521736, 1.208695652173913, 0.808695652173913, 184.75652173913045
874, 430.67884202422914, 22.31297391304349, 1.6521739130434783, 1.1391304347826088, 185.5304347826087
875, 430.41242251124345, 22.338480000000008, 1.808695652173913, 1.2869565217391303, 184.58260869565217
876, 430.14600299825776, 22.133818260869567, 1.6434782608695653, 1.191304347826087, 183.71304347826086
877, 429.87958348527206, 21.916614782608686, 1.6782608695652175, 1.1565217391304348, 181.89565217391305
878, 429.6131639722864, 21.95894, 1.817391304347826, 1.2, 181.6782608695652
879, 429.3467444593007, 21.87712086956522, 1.9217391304347826, 1.2, 180.68695652173912
880, 429.08032494631493, 21.851913043478252, 1.9130434782608696, 1.2695652173913043, 180.1304347826087
881, 428.8139054333293, 21.690097391304338, 1.7217391304347827, 1.2956521739130435, 179.0782608695652
882, 428.54748592034355, 21.60814608695652, 1.6695652173913043, 1.182608695652174, 179.0782608695652
883, 428.2810664073579, 21.68141826086957, 1.817391304347826, 1.2608695652173914, 178.9304347826087
884, 428.01464689437216, 21.276228695652176, 1.4521739130434783, 0.991304347826087, 177.72173913043477
885, 427.74822738138647, 21.388787826086972, 1.7739130434782608, 1.1391304347826088, 177.10434782608695
886, 427.4818078684008, 21.25013739130436, 1.6695652173913043, 1.173913043478261, 175.98260869565217
887, 427.2153883554151, 21.322090434782616, 1.791304347826087, 1.4, 175.1304347826087
888, 426.9489688424294, 21.0029643478261, 1.4, 1.2869565217391303, 173.9391304347826
889, 426.6825493294437, 20.87341304347826, 1.6956521739130435, 1.1217391304347826, 172.87826086956522
890, 426.416129816458, 20.94042434782608, 1.8434782608695652, 1.3565217391304347, 171.8695652173913
891, 426.14971030347226, 20.82810608695652, 2.3304347826086955, 1.173913043478261, 170.54782608695652
892, 425.8832907904866, 20.3973, 1.8695652173913044, 0.9043478260869565, 169.36521739130436
893, 425.6168712775009, 20.84414695652174, 2.5304347826086957, 1.4, 169.0
894, 425.35045176451524, 20.173820869565215, 1.8782608695652174, 1.017391304347826, 166.8
895, 425.0840322515295, 20.033552173913044, 1.7826086956521738, 1.0956521739130434, 165.41739130434783
896, 424.8176127385438, 20.043877391304353, 1.8347826086956522, 1.2521739130434784, 164.56521739130434
897, 424.5511932255581, 20.373207826086958, 2.356521739130435, 1.7130434782608697, 163.71304347826086
898, 424.2847737125724, 19.891008695652175, 1.9130434782608696, 1.3217391304347825, 162.66086956521738
899, 424.0183541995867, 19.82117826086958, 1.9565217391304348, 1.3478260869565217, 161.8
900, 423.751934686601, 19.324768695652182, 1.4434782608695653, 1.0521739130434782, 160.31304347826088
901, 423.48551517361534, 19.573674782608702, 2.121739130434783, 1.2608695652173914, 159.64347826086956
902, 423.2190956606296, 19.216555652173916, 1.8347826086956522, 1.0434782608695652, 158.38260869565218
903, 422.95267614764396, 19.218562608695656, 2.026086956521739, 1.1217391304347826, 157.49565217391304
904, 422.6862566346582, 18.737203478260867, 1.5304347826086957, 0.9391304347826087, 155.51304347826087
905, 422.4198371216726, 18.836864347826086, 1.791304347826087, 1.1652173913043478, 154.5391304347826
906, 422.1534176086868, 18.52622173913044, 1.5217391304347827, 1.0434782608695652, 153.1478260869565
907, 421.88699809570113, 18.72720260869565, 1.8869565217391304, 1.3130434782608695, 152.56521739130434
908, 421.62057858271544, 18.387685217391304, 1.5826086956521739, 1.0956521739130434, 151.50434782608696
909, 421.35415906972975, 18.962448695652174, 2.382608695652174, 1.7130434782608697, 151.26956521739132
910, 421.08773955674405, 18.056266086956526, 1.4260869565217391, 0.9130434782608695, 149.94782608695652
911, 420.8213200437583, 18.344710434782613, 2.2, 1.182608695652174, 149.0608695652174
912, 420.55490053077267, 18.10109478260871, 1.9217391304347826, 1.191304347826087, 147.6086956521739
913, 420.2884810177869, 18.339753913043484, 2.7217391304347824, 1.3391304347826087, 146.84347826086957
914, 420.0220615048013, 17.51350782608696, 1.791304347826087, 0.8173913043478261, 144.72173913043477
915, 419.75564199181554, 17.680459130434784, 2.1043478260869564, 1.0521739130434782, 144.15652173913043
916, 419.48922247882984, 17.51751565217392, 1.9739130434782608, 0.991304347826087, 143.38260869565218
917, 419.22280296584415, 17.42916086956522, 2.0434782608695654, 1.0434782608695652, 142.15652173913043
918, 418.95638345285846, 17.452892173913046, 2.121739130434783, 1.1217391304347826, 141.75652173913045
919, 418.68996393987277, 17.23273739130435, 1.9304347826086956, 1.1565217391304348, 140.1478260869565
920, 418.4235444268871, 17.07122869565217, 1.8, 1.1217391304347826, 139.2521739130435
921, 418.1571249139014, 17.300897391304353, 2.243478260869565, 1.4695652173913043, 138.31304347826088
922, 417.89070540091564, 16.803580000000004, 1.7652173913043478, 1.208695652173913, 136.54782608695652
923, 417.62428588793, 16.792618260869563, 2.0782608695652174, 1.182608695652174, 135.76521739130436
924, 417.35786637494425, 16.357240869565214, 1.5913043478260869, 0.8695652173913043, 134.83478260869566
925, 417.0914468619586, 16.959106956521737, 2.582608695652174, 1.4086956521739131, 134.7391304347826
926, 416.82502734897287, 16.53199565217392, 2.130434782608696, 1.0869565217391304, 133.83478260869566
927, 416.5586078359872, 16.57531043478261, 2.373913043478261, 1.2782608695652173, 132.59130434782608
928, 416.2921883230015, 16.258099130434786, 2.0521739130434784, 1.1043478260869566, 131.54782608695652
929, 416.0257688100158, 16.16537826086957, 2.0434782608695654, 1.2260869565217392, 130.1304347826087
930, 415.7593492970301, 15.779535652173909, 1.6869565217391305, 1.008695652173913, 128.8
931, 415.4929297840444, 16.05412260869565, 2.0782608695652174, 1.4173913043478261, 128.0782608695652
932, 415.2265102710587, 15.847039130434785, 1.9565217391304348, 1.3478260869565217, 126.93913043478261
933, 414.96009075807297, 15.700127826086954, 2.2869565217391306, 1.182608695652174, 125.63478260869566
