Extraction [ img/s4/seq3/mys.jpg ] effectuee 2026-05-28 17:33:16.060166
Calibration: -0.2664195129856975*x + 663.5294963737288 [largueur 2619 + 934]

pixel, longueur d'onde, intensite, r, g, b
0, 663.5294963737288, 76.57818400000001, 174.56, 31.48, 51.96
1, 663.263076860743, 75.45121333333337, 174.26666666666668, 29.893333333333334, 51.013333333333335
2, 662.9966573477574, 76.11955999999999, 174.93333333333334, 30.573333333333334, 51.626666666666665
3, 662.7302378347716, 76.81903066666668, 176.09333333333333, 31.026666666666667, 52.38666666666666
4, 662.463818321786, 76.78938800000003, 176.12, 30.96, 52.4
5, 662.1973988088002, 77.66366133333334, 178.45333333333335, 31.08, 53.333333333333336
6, 661.9309792958146, 77.79328399999997, 178.62666666666667, 31.186666666666667, 53.46666666666667
7, 661.6645597828289, 78.59969466666666, 179.58666666666667, 31.88, 54.45333333333333
8, 661.3981402698432, 78.91966266666665, 179.90666666666667, 32.2, 54.77333333333333
9, 661.1317207568575, 79.73326533333334, 181.48, 32.54666666666667, 56.0
10, 660.8653012438718, 79.89324933333332, 181.64, 32.70666666666666, 56.16
11, 660.5988817308861, 80.59768933333332, 183.37333333333333, 32.76, 57.52
12, 660.3324622179003, 80.5443613333333, 183.32, 32.70666666666666, 57.46666666666667
13, 660.0660427049147, 81.39031999999997, 185.33333333333334, 32.85333333333333, 58.85333333333333
14, 659.799623191929, 81.04368799999997, 184.98666666666668, 32.50666666666667, 58.50666666666667
15, 659.5332036789433, 81.31706000000003, 186.33333333333334, 31.973333333333333, 60.12
16, 659.2667841659576, 81.86367199999998, 186.88, 32.52, 60.666666666666664
17, 659.0003646529719, 82.56069733333332, 188.36, 32.74666666666667, 61.733333333333334
18, 658.7339451399862, 82.9606573333333, 188.76, 33.14666666666667, 62.13333333333333
19, 658.4675256270006, 83.909368, 190.72, 33.48, 63.6
20, 658.2011061140148, 83.72508133333332, 190.65333333333334, 33.2, 63.6
21, 657.9346866010292, 84.64783466666661, 193.12, 32.93333333333333, 66.6
22, 657.6682670880434, 83.80732266666665, 192.37333333333333, 32.026666666666664, 65.85333333333334
23, 657.4018475750577, 84.16798533333336, 192.94666666666666, 32.25333333333333, 66.34666666666666
24, 657.135428062072, 83.71469733333335, 192.49333333333334, 31.8, 65.89333333333333
25, 656.8690085490863, 85.20299333333335, 194.86666666666667, 32.733333333333334, 67.92
26, 656.6025890361007, 84.98968133333332, 194.65333333333334, 32.52, 67.70666666666666
27, 656.3361695231149, 85.89040533333332, 196.74666666666667, 32.693333333333335, 69.22666666666667
28, 656.0697500101293, 85.54377333333333, 196.4, 32.346666666666664, 68.88
29, 655.8033304971435, 85.53525066666667, 197.49333333333334, 31.666666666666668, 69.44
30, 655.5369109841579, 85.50887466666671, 197.52, 31.613333333333333, 69.41333333333333
31, 655.2704914711721, 85.77438533333329, 198.68, 31.30666666666667, 70.28
32, 655.0040719581864, 85.90386399999996, 198.82666666666665, 31.426666666666666, 70.41333333333333
33, 654.7376524452008, 86.50808133333332, 200.38666666666666, 31.493333333333332, 71.28
34, 654.471232932215, 85.86814533333335, 199.74666666666667, 30.85333333333333, 70.64
35, 654.2048134192294, 85.92231600000002, 200.04, 30.76, 70.82666666666667
36, 653.9383939062436, 85.67480133333332, 199.85333333333332, 30.48, 70.58666666666667
37, 653.671974393258, 86.33567466666666, 202.05333333333334, 30.226666666666667, 71.92
38, 653.4055548802722, 86.075116, 201.90666666666667, 29.906666666666666, 71.66666666666667
39, 653.1391353672866, 85.06660933333332, 201.37333333333333, 28.6, 70.94666666666667
40, 652.8727158543008, 84.70664533333334, 201.01333333333332, 28.24, 70.58666666666667
41, 652.6062963413152, 85.63016533333332, 202.74666666666667, 28.573333333333334, 72.42666666666666
42, 652.3398768283295, 84.99022933333332, 202.10666666666665, 27.933333333333334, 71.78666666666666
43, 652.0734573153437, 85.58696666666667, 204.06666666666666, 27.68, 73.18666666666667
44, 651.8070378023581, 85.65362666666665, 204.13333333333333, 27.746666666666666, 73.25333333333333
45, 651.5406182893723, 85.88423599999996, 205.64, 27.16, 74.34666666666666
46, 651.2741987763867, 85.81757599999999, 205.57333333333332, 27.093333333333334, 74.28
47, 651.007779263401, 86.41688133333334, 207.32, 26.986666666666668, 75.50666666666666
48, 650.7413597504153, 86.41688133333327, 207.32, 26.986666666666668, 75.50666666666666
49, 650.4749402374296, 86.87428133333331, 208.78666666666666, 26.85333333333333, 76.36
50, 650.2085207244439, 86.94268799999996, 208.85333333333332, 26.933333333333334, 76.37333333333333
51, 649.9421012114582, 86.79285333333333, 209.33333333333334, 26.4, 76.54666666666667
52, 649.6756816984725, 86.014792, 208.88, 25.44, 75.85333333333334
53, 649.4092621854868, 86.529668, 211.18666666666667, 24.826666666666668, 77.48
54, 649.142842672501, 84.93595066666664, 209.96, 23.013333333333332, 76.05333333333333
55, 648.8764231595154, 85.88322799999997, 211.72, 23.56, 76.93333333333334
56, 648.6100036465297, 85.13663599999998, 210.97333333333333, 22.813333333333333, 76.18666666666667
57, 648.343584133544, 85.59021733333334, 212.49333333333334, 22.68, 76.86666666666666
58, 648.0771646205583, 84.85159600000001, 211.77333333333334, 21.933333333333334, 76.12
59, 647.8107451075726, 85.06629199999999, 213.21333333333334, 21.493333333333332, 76.49333333333334
60, 647.5443255945869, 84.388312, 212.61333333333334, 20.773333333333333, 75.82666666666667
61, 647.2779060816013, 84.95695466666666, 214.58666666666667, 20.6, 76.53333333333333
62, 647.0114865686155, 84.63328933333334, 214.30666666666667, 20.253333333333334, 76.21333333333334
63, 646.7450670556299, 84.33829066666667, 215.22666666666666, 19.36, 75.81333333333333
64, 646.4786475426441, 84.37828666666664, 215.26666666666668, 19.4, 75.85333333333334
65, 646.2122280296584, 85.40380933333331, 217.10666666666665, 20.013333333333332, 76.86666666666666
66, 645.9458085166727, 84.33724933333333, 216.04, 18.946666666666665, 75.8
67, 645.679389003687, 84.57199066666668, 216.76, 18.933333333333334, 76.04
68, 645.4129694907014, 84.65255866666668, 216.94666666666666, 18.96, 76.12
69, 645.1465499777156, 84.76959866666662, 218.94666666666666, 18.04, 76.64
70, 644.88013046473, 84.63699866666663, 218.94666666666666, 17.84, 76.50666666666666
71, 644.6137109517442, 85.97525466666664, 220.65333333333334, 18.986666666666668, 77.86666666666666
72, 644.3472914387586, 85.38864666666663, 220.06666666666666, 18.4, 77.28
73, 644.0808719257728, 85.51603733333334, 221.36, 17.906666666666666, 77.54666666666667
74, 643.8144524127872, 84.66293333333333, 220.53333333333333, 17.04, 76.69333333333333
75, 643.5480328998015, 85.10591866666667, 222.54666666666665, 16.64, 77.36
76, 643.2816133868157, 85.01563599999999, 222.57333333333332, 16.493333333333332, 77.25333333333333
77, 643.0151938738301, 84.5876826666667, 223.97333333333333, 14.986666666666666, 77.58666666666667
78, 642.7487743608443, 83.13934399999998, 222.69333333333333, 13.453333333333333, 76.13333333333334
79, 642.4823548478587, 83.21679466666664, 224.45333333333335, 12.546666666666667, 76.86666666666666
80, 642.2159353348729, 82.52264799999995, 223.92, 11.76, 76.22666666666667
81, 641.9495158218873, 82.62771066666667, 225.42666666666668, 11.12, 76.49333333333334
82, 641.6830963089016, 81.94654666666665, 224.8, 10.413333333333334, 75.8
83, 641.4166767959159, 82.26664266666667, 226.24, 10.093333333333334, 76.48
84, 641.1502572829302, 81.65731733333331, 226.16, 9.186666666666667, 76.01333333333334
85, 640.8838377699444, 81.69162533333338, 227.74666666666667, 8.253333333333334, 76.96
86, 640.6174182569588, 80.79415333333334, 227.4, 7.066666666666666, 76.10666666666667
87, 640.350998743973, 80.52223599999998, 227.77333333333334, 6.413333333333333, 76.10666666666667
88, 640.0845792309874, 80.21640133333334, 227.45333333333335, 6.12, 75.77333333333333
89, 639.8181597180017, 81.02230266666666, 229.37333333333333, 6.266666666666667, 77.05333333333333
90, 639.551740205016, 79.8434586666667, 228.08, 5.173333333333333, 75.73333333333333
91, 639.2853206920303, 80.83635866666668, 230.41333333333333, 5.386666666666667, 77.22666666666667
92, 639.0189011790446, 81.05125199999998, 230.68, 5.56, 77.52
93, 638.7524816660589, 81.10631600000002, 231.77333333333334, 5.133333333333334, 77.33333333333333
94, 638.4860621530732, 81.66393866666664, 232.34666666666666, 5.68, 77.90666666666667
95, 638.2196426400875, 82.0798493333333, 233.64, 5.706666666666667, 78.02666666666667
96, 637.9532231271018, 81.80743733333335, 233.22666666666666, 5.533333333333333, 77.61333333333333
97, 637.6868036141161, 82.5334146666667, 234.65333333333334, 5.986666666666666, 77.90666666666667
98, 637.4203841011304, 81.89814266666667, 233.90666666666667, 5.44, 77.10666666666667
99, 637.1539645881447, 81.58101333333332, 233.86666666666667, 5.013333333333334, 76.62666666666667
100, 636.887545075159, 81.49167733333336, 234.02666666666667, 4.8133333333333335, 76.45333333333333
101, 636.6211255621733, 81.93290666666667, 236.13333333333333, 4.546666666666667, 76.17333333333333
102, 636.3547060491876, 82.11491466666668, 236.58666666666667, 4.6, 76.30666666666667
103, 636.088286536202, 82.35806266666664, 237.24, 4.733333333333333, 76.04
104, 635.8218670232162, 81.65685066666667, 236.56, 4.053333333333334, 75.17333333333333
105, 635.5554475102306, 82.37903200000001, 238.08, 4.52, 75.12
106, 635.2890279972448, 82.13562800000001, 237.72, 4.4, 74.54666666666667
107, 635.0226084842591, 83.1002546666666, 239.85333333333332, 4.946666666666666, 74.6
108, 634.7561889712734, 82.91116533333334, 239.81333333333333, 4.72, 74.21333333333334
109, 634.4897694582877, 83.37119466666668, 241.52, 4.8133333333333335, 73.29333333333334
110, 634.2233499453021, 83.66232666666663, 241.8, 5.213333333333333, 73.05333333333333
111, 633.9569304323163, 83.4199066666667, 242.93333333333334, 4.466666666666667, 71.8
112, 633.6905109193307, 83.21093333333333, 242.66666666666666, 4.373333333333333, 71.14666666666666
113, 633.4240914063449, 84.54744133333337, 245.18666666666667, 5.333333333333333, 71.32
114, 633.1576718933593, 83.20462933333333, 243.84, 4.026666666666666, 69.8
115, 632.8912523803735, 83.49365066666665, 244.69333333333333, 4.1466666666666665, 69.48
116, 632.6248328673878, 83.8562706666667, 245.29333333333332, 4.466666666666667, 69.44
117, 632.3584133544022, 84.13883466666667, 246.98666666666668, 4.28, 68.44
118, 632.0919938414164, 83.77478933333332, 246.90666666666667, 3.8533333333333335, 67.65333333333334
119, 631.8255743284308, 84.17509199999998, 248.28, 3.88, 67.42666666666666
120, 631.559154815445, 84.03000399999998, 248.09333333333333, 3.8133333333333335, 66.98666666666666
121, 631.2927353024594, 85.3350346666667, 250.18666666666667, 4.88, 67.45333333333333
122, 631.0263157894736, 85.82170933333333, 250.77333333333334, 5.4, 67.50666666666666
123, 630.759896276488, 86.40181866666666, 251.94666666666666, 5.84, 67.25333333333333
124, 630.4934767635023, 86.56064, 252.4, 5.96, 66.84
125, 630.2270572505166, 86.49855066666667, 252.76, 5.8133333333333335, 66.10666666666667
126, 629.9606377375309, 86.11373866666665, 252.61333333333334, 5.426666666666667, 65.10666666666667
127, 629.6942182245452, 86.71143066666667, 253.29333333333332, 6.1866666666666665, 64.65333333333334
128, 629.4277987115595, 86.74572000000002, 253.6, 6.12, 64.49333333333334
129, 629.1613791985737, 86.74851733333334, 253.62666666666667, 6.173333333333333, 64.17333333333333
130, 628.8949596855881, 86.62372666666666, 253.53333333333333, 6.1066666666666665, 63.666666666666664
131, 628.6285401726024, 87.15497199999999, 254.01333333333332, 6.653333333333333, 64.25333333333333
132, 628.3621206596167, 86.60728133333336, 253.85333333333332, 6.04, 63.026666666666664
133, 628.095701146631, 87.03165866666666, 254.48, 6.573333333333333, 62.36
134, 627.8292816336453, 87.19692533333334, 254.48, 6.906666666666666, 62.093333333333334
135, 627.5628621206596, 87.04688933333331, 254.17333333333335, 6.96, 61.306666666666665
136, 627.296442607674, 86.69305466666663, 254.25333333333333, 6.466666666666667, 60.53333333333333
137, 627.0300230946882, 87.6158213333333, 254.72, 7.746666666666667, 60.81333333333333
138, 626.7636035817025, 87.46488133333331, 254.65333333333334, 7.64, 60.21333333333333
139, 626.4971840687168, 87.90182666666665, 254.66666666666666, 8.52, 59.48
140, 626.2307645557311, 88.28891066666664, 254.76, 9.173333333333334, 59.266666666666666
141, 625.9643450427454, 89.09119466666661, 254.85333333333332, 10.466666666666667, 59.4
142, 625.6979255297597, 88.62049999999998, 254.73333333333332, 10.013333333333334, 57.92
143, 625.431506016774, 89.42527066666669, 254.76, 11.373333333333333, 57.906666666666666
144, 625.1650865037883, 89.431644, 254.76, 11.48, 57.413333333333334
145, 624.8986669908027, 90.19202533333336, 254.81333333333333, 12.8, 57.14666666666667
146, 624.6322474778169, 90.15669333333334, 254.66666666666666, 12.853333333333333, 56.946666666666665
147, 624.3658279648313, 91.21499200000002, 254.88, 14.4, 57.70666666666666
148, 624.0994084518455, 90.64277733333334, 254.76, 13.786666666666667, 56.16
149, 623.8329889388598, 90.95369600000004, 254.90666666666667, 14.386666666666667, 55.413333333333334
150, 623.5665694258741, 90.78501333333332, 254.8, 14.386666666666667, 54.21333333333333
151, 623.3001499128884, 91.17038666666669, 254.66666666666666, 15.08, 54.373333333333335
152, 623.0337303999028, 90.88610533333336, 254.54666666666665, 14.773333333333333, 53.77333333333333
153, 622.767310886917, 91.820212, 254.81333333333333, 16.213333333333335, 53.85333333333333
154, 622.5008913739314, 92.30834, 254.86666666666667, 16.986666666666668, 54.013333333333335
155, 622.2344718609456, 92.86615066666668, 254.89333333333335, 17.946666666666665, 53.89333333333333
156, 621.96805234796, 92.74886133333331, 254.85333333333332, 17.92, 53.10666666666667
157, 621.7016328349742, 93.06066133333333, 254.72, 18.666666666666668, 52.346666666666664
158, 621.4352133219886, 93.30298399999997, 254.69333333333333, 19.173333333333332, 51.93333333333333
159, 621.1687938090029, 93.71332666666662, 254.73333333333332, 19.986666666666668, 51.24
160, 620.9023742960171, 94.34730399999994, 254.82666666666665, 20.946666666666665, 51.61333333333334
161, 620.6359547830315, 94.77442666666664, 254.8, 21.773333333333333, 51.17333333333333
162, 620.3695352700457, 94.452124, 254.76, 21.4, 50.373333333333335
163, 620.1031157570601, 95.15900666666666, 254.86666666666667, 22.48, 50.733333333333334
164, 619.8366962440743, 94.7080493333333, 254.70666666666668, 22.013333333333332, 49.6
165, 619.5702767310887, 95.8183426666666, 254.84, 23.733333333333334, 50.13333333333333
166, 619.303857218103, 95.9798733333333, 254.86666666666667, 24.093333333333334, 49.626666666666665
167, 619.0374377051173, 96.34884133333333, 254.65333333333334, 24.96, 48.96
168, 618.7710181921316, 96.72406933333329, 254.77333333333334, 25.52, 49.053333333333335
169, 618.5045986791458, 97.444168, 254.85333333333332, 26.773333333333333, 48.70666666666666
170, 618.2381791661602, 97.35549200000005, 254.68, 26.84, 48.04
171, 617.9717596531744, 97.58104133333336, 254.78666666666666, 27.413333333333334, 46.78666666666667
172, 617.7053401401888, 98.4927106666667, 254.89333333333335, 28.826666666666668, 47.22666666666667
173, 617.4389206272031, 99.12127066666667, 254.89333333333335, 29.946666666666665, 46.973333333333336
174, 617.1725011142174, 99.27727333333335, 254.86666666666667, 30.293333333333333, 46.626666666666665
175, 616.9060816012317, 99.00691066666667, 254.76, 30.213333333333335, 44.946666666666665
176, 616.639662088246, 99.38569066666665, 254.69333333333333, 30.866666666666667, 45.08
177, 616.3732425752603, 100.19506799999998, 254.92, 32.2, 44.72
178, 616.1068230622747, 100.27791599999996, 254.84, 32.4, 44.626666666666665
179, 615.8404035492889, 100.54224399999998, 254.89333333333335, 32.973333333333336, 43.85333333333333
180, 615.5739840363033, 100.56631999999999, 254.8, 33.08, 43.76
181, 615.3075645233175, 100.65799200000009, 254.88, 33.4, 42.70666666666666
182, 615.0411450103318, 100.74749600000006, 254.90666666666667, 33.54666666666667, 42.666666666666664
183, 614.7747254973461, 101.15261466666674, 254.92, 34.25333333333333, 42.54666666666667
184, 614.5083059843604, 100.7925933333334, 254.86666666666667, 33.77333333333333, 42.0
185, 614.2418864713748, 101.577604, 254.89333333333335, 35.13333333333333, 41.81333333333333
186, 613.975466958389, 101.70354933333334, 254.90666666666667, 35.333333333333336, 41.85333333333333
187, 613.7090474454034, 102.04842400000003, 254.69333333333333, 36.21333333333333, 40.906666666666666
188, 613.4426279324176, 102.49951466666667, 254.85333333333332, 36.86666666666667, 41.08
189, 613.176208419432, 102.80739733333333, 254.82666666666665, 37.653333333333336, 39.8
190, 612.9097889064462, 103.11501866666666, 254.74666666666667, 38.2, 39.89333333333333
191, 612.6433693934605, 104.31816533333328, 254.88, 40.10666666666667, 40.28
192, 612.3769498804749, 103.79999066666662, 254.76, 39.45333333333333, 39.413333333333334
193, 612.1105303674891, 104.51513733333331, 254.89333333333335, 40.64, 39.22666666666667
194, 611.8441108545035, 104.64151333333331, 254.86666666666667, 40.85333333333333, 39.306666666666665
195, 611.5776913415177, 105.75642666666653, 254.93333333333334, 42.586666666666666, 39.986666666666665
196, 611.3112718285321, 105.50462399999988, 254.82666666666665, 42.346666666666664, 39.29333333333334
197, 611.0448523155463, 106.1654586666666, 254.88, 43.53333333333333, 38.84
198, 610.7784328025607, 106.27618799999995, 254.92, 43.8, 38.333333333333336
199, 610.512013289575, 106.76504, 254.93333333333334, 44.693333333333335, 37.986666666666665
200, 610.2455937765892, 107.11031866666666, 254.81333333333333, 45.38666666666666, 37.76
201, 609.9791742636036, 107.89451199999998, 254.88, 46.8, 37.18666666666667
202, 609.7127547506178, 108.38451466666662, 254.98666666666668, 47.64, 36.88
203, 609.4463352376322, 108.74492266666674, 254.90666666666667, 48.52, 35.72
204, 609.1799157246464, 108.94059466666671, 254.85333333333332, 48.986666666666665, 35.17333333333333
205, 608.9134962116608, 109.99680266666677, 254.90666666666667, 50.72, 35.373333333333335
206, 608.647076698675, 110.18302933333338, 254.90666666666667, 51.21333333333333, 34.46666666666667
207, 608.3806571856894, 110.98585466666667, 254.92, 52.693333333333335, 33.85333333333333
208, 608.1142376727037, 111.49571066666671, 254.89333333333335, 53.82666666666667, 32.56
209, 607.847818159718, 112.7453853333333, 254.94666666666666, 55.85333333333333, 32.946666666666665
210, 607.5813986467323, 113.6417826666666, 254.97333333333333, 57.50666666666667, 32.22666666666667
211, 607.3149791337466, 114.60595999999991, 254.93333333333334, 59.13333333333333, 32.413333333333334
212, 607.0485596207609, 114.742916, 254.84, 59.8, 30.426666666666666
213, 606.7821401077751, 116.01999599999995, 254.97333333333333, 61.85333333333333, 30.706666666666667
214, 606.5157205947895, 116.77642533333336, 254.94666666666666, 63.45333333333333, 29.173333333333332
215, 606.2493010818038, 117.72784666666666, 255.0, 65.01333333333334, 29.346666666666668
216, 605.9828815688181, 117.79452799999997, 254.85333333333332, 65.61333333333333, 27.226666666666667
217, 605.7164620558324, 119.35420800000003, 254.98666666666668, 68.10666666666667, 27.72
218, 605.4500425428467, 119.71678933333322, 254.90666666666667, 69.29333333333334, 25.0
219, 605.183623029861, 121.09010399999997, 254.96, 71.44, 25.85333333333333
220, 604.9172035168754, 121.90227066666661, 254.89333333333335, 73.26666666666667, 23.746666666666666
221, 604.6507840038896, 123.26258533333329, 254.94666666666666, 75.45333333333333, 24.28
222, 604.3843644909039, 123.84106933333334, 254.90666666666667, 77.01333333333334, 21.426666666666666
223, 604.1179449779182, 125.21196266666666, 254.90666666666667, 79.24, 21.986666666666668
224, 603.8515254649325, 126.12602133333328, 254.98666666666668, 81.17333333333333, 19.84
225, 603.5851059519468, 127.21540933333335, 254.97333333333333, 83.08, 19.613333333333333
226, 603.3186864389611, 128.0166493333333, 254.97333333333333, 84.88, 17.373333333333335
227, 603.0522669259755, 129.06225466666672, 254.92, 86.61333333333333, 17.76
228, 602.7858474129897, 129.45741466666666, 254.92, 87.77333333333333, 15.253333333333334
229, 602.5194279000041, 130.7486493333334, 254.97333333333333, 89.92, 15.386666666666667
230, 602.2530083870183, 131.29665999999997, 254.86666666666667, 91.30666666666667, 13.333333333333334
231, 601.9865888740327, 132.23195866666663, 254.94666666666666, 92.88, 13.226666666666667
232, 601.7201693610469, 133.13558133333328, 254.98666666666668, 94.81333333333333, 11.093333333333334
233, 601.4537498480612, 134.7323813333334, 254.98666666666668, 97.45333333333333, 11.506666666666666
234, 601.1873303350756, 135.5364733333333, 255.0, 99.18666666666667, 9.6
235, 600.9209108220898, 136.89027599999997, 254.97333333333333, 101.41333333333333, 10.08
236, 600.6544913091042, 137.6555546666666, 254.98666666666668, 102.92, 9.0
237, 600.3880717961184, 138.59235600000002, 254.97333333333333, 104.61333333333333, 8.533333333333333
238, 600.1216522831328, 138.9562906666667, 254.96, 105.33333333333333, 8.053333333333333
239, 599.855232770147, 139.9862933333333, 254.93333333333334, 107.2, 7.546666666666667
240, 599.5888132571614, 141.02742266666655, 254.97333333333333, 108.90666666666667, 7.786666666666667
241, 599.3223937441757, 142.01588800000005, 254.98666666666668, 110.66666666666667, 7.36
242, 599.05597423119, 142.330276, 254.97333333333333, 111.33333333333333, 6.72
243, 598.7895547182043, 142.99023066666675, 254.89333333333335, 112.66666666666667, 5.8533333333333335
244, 598.5231352052185, 143.43723599999996, 254.97333333333333, 113.41333333333333, 5.72
245, 598.2567156922329, 144.01779066666668, 254.89333333333335, 114.54666666666667, 5.1866666666666665
246, 597.9902961792471, 144.5604626666667, 254.97333333333333, 115.46666666666667, 5.0
247, 597.7238766662615, 145.45997066666672, 254.96, 116.93333333333334, 5.373333333333333
248, 597.4574571532758, 146.47952666666677, 255.0, 118.53333333333333, 5.973333333333334
249, 597.1910376402901, 147.33992933333334, 254.97333333333333, 120.08, 5.626666666666667
250, 596.9246181273044, 147.52539200000004, 254.88, 120.56, 5.026666666666666
251, 596.6581986143187, 148.5944240000001, 254.96, 122.4, 4.72
252, 596.391779101333, 149.62010399999994, 254.96, 124.08, 5.066666666666666
253, 596.1253595883472, 150.59901199999993, 254.94666666666666, 125.74666666666667, 5.1066666666666665
254, 595.8589400753616, 151.4033293333333, 254.97333333333333, 127.08, 5.226666666666667
255, 595.5925205623759, 152.6973986666667, 254.94666666666666, 129.28, 5.32
256, 595.3261010493902, 153.36568800000006, 254.85333333333332, 130.53333333333333, 4.973333333333334
257, 595.0596815364045, 154.70690133333326, 254.98666666666668, 132.69333333333333, 5.266666666666667
258, 594.7932620234188, 155.31555733333332, 254.96, 133.82666666666665, 4.84
259, 594.5268425104331, 156.06511599999985, 254.97333333333333, 135.21333333333334, 4.24
260, 594.2604229974474, 157.17095333333327, 255.0, 137.02666666666667, 4.533333333333333
261, 593.9940034844617, 158.05578133333336, 254.98666666666668, 138.61333333333334, 4.16
262, 593.7275839714761, 158.5194066666666, 255.0, 139.45333333333335, 3.8666666666666667
263, 593.4611644584903, 159.2580093333333, 254.97333333333333, 140.72, 3.8933333333333335
264, 593.1947449455047, 159.65856799999995, 254.98666666666668, 141.42666666666668, 3.7333333333333334
265, 592.9283254325189, 160.55744666666664, 255.0, 143.01333333333332, 3.4133333333333336
266, 592.6619059195332, 160.91121066666656, 254.96, 143.69333333333333, 3.12
267, 592.3954864065475, 161.4185346666667, 254.92, 144.73333333333332, 2.32
268, 592.1290668935618, 162.10660133333323, 254.92, 145.86666666666667, 2.52
269, 591.8626473805762, 163.13479733333327, 254.96, 147.70666666666668, 1.96
270, 591.5962278675904, 163.4523013333333, 254.85333333333332, 148.32, 1.8666666666666667
271, 591.3298083546048, 164.85720000000003, 254.93333333333334, 150.69333333333333, 1.76
272, 591.063388841619, 165.28583733333332, 254.96, 151.38666666666666, 1.88
273, 590.7969693286334, 166.47150533333328, 254.94666666666666, 153.41333333333333, 1.88
274, 590.5305498156476, 166.986252, 254.94666666666666, 154.18666666666667, 2.4133333333333336
275, 590.2641303026619, 167.70290133333341, 254.98666666666668, 155.49333333333334, 1.8666666666666667
276, 589.9977107896763, 167.9849266666668, 255.0, 155.93333333333334, 2.04
277, 589.7312912766905, 168.9354906666669, 254.96, 157.65333333333334, 1.6266666666666667
278, 589.4648717637049, 168.94492000000017, 254.93333333333334, 157.69333333333333, 1.5733333333333333
279, 589.1984522507191, 169.49334000000007, 255.0, 158.56, 1.7466666666666666
280, 588.9320327377335, 169.47782933333346, 254.90666666666667, 158.57333333333332, 1.7866666666666666
281, 588.6656132247477, 170.5430746666666, 254.98666666666668, 160.28, 2.1333333333333333
282, 588.3991937117621, 170.72813999999997, 255.0, 160.56, 2.28
283, 588.1327741987764, 171.75669999999994, 255.0, 162.32, 2.24
284, 587.8663546857906, 171.8506199999999, 255.0, 162.48, 2.24
285, 587.599935172805, 172.63088799999997, 254.98666666666668, 163.90666666666667, 1.7733333333333334
286, 587.3335156598193, 172.92986, 255.0, 164.36, 2.026666666666667
287, 587.0670961468336, 173.3840000000001, 254.93333333333334, 165.33333333333334, 1.1733333333333333
288, 586.8006766338478, 173.79143466666685, 254.98666666666668, 165.92, 1.5866666666666667
289, 586.5342571208622, 174.2983160000001, 254.97333333333333, 166.73333333333332, 1.88
290, 586.2678376078765, 174.44634266666677, 254.97333333333333, 166.94666666666666, 2.08
291, 586.0014180948908, 175.11319600000007, 254.97333333333333, 168.17333333333335, 1.6133333333333333
292, 585.7349985819051, 175.27813066666673, 254.96, 168.45333333333335, 1.6533333333333333
293, 585.4685790689194, 175.8513680000001, 254.98666666666668, 169.42666666666668, 1.6
294, 585.2021595559337, 176.18887600000008, 254.97333333333333, 169.93333333333334, 1.9866666666666666
295, 584.935740042948, 176.93230399999993, 254.96, 171.16, 2.2266666666666666
296, 584.6693205299623, 177.06851866666668, 254.94666666666666, 171.36, 2.4266666666666667
297, 584.4029010169766, 177.48752799999988, 254.98666666666668, 172.14666666666668, 1.9466666666666668
298, 584.1364815039909, 177.5102893333332, 254.97333333333333, 172.2, 1.9066666666666667
299, 583.8700619910052, 177.96363866666653, 254.94666666666666, 172.96, 2.04
300, 583.6036424780195, 177.8625719999999, 254.94666666666666, 172.82666666666665, 1.84
301, 583.3372229650338, 178.64869333333326, 254.93333333333334, 174.24, 1.4933333333333334
302, 583.0708034520482, 178.88049199999998, 254.94666666666666, 174.58666666666667, 1.7066666666666668
303, 582.8043839390624, 179.32556799999995, 254.98666666666668, 175.38666666666666, 1.3866666666666667
304, 582.5379644260768, 179.36389999999997, 255.0, 175.44, 1.4133333333333333
305, 582.271544913091, 179.80106533333336, 254.94666666666666, 176.25333333333333, 1.2
306, 582.0051254001053, 180.11864800000004, 254.98666666666668, 176.70666666666668, 1.5466666666666666
307, 581.7387058871196, 180.56778533333332, 254.94666666666666, 177.45333333333335, 1.7466666666666666
308, 581.4722863741339, 180.6990093333333, 254.97333333333333, 177.64, 1.8666666666666667
309, 581.2058668611483, 181.41487333333333, 255.0, 178.86666666666667, 1.76
310, 580.9394473481625, 181.07208666666668, 255.0, 178.37333333333333, 1.2933333333333332
311, 580.6730278351769, 181.7070079999999, 254.98666666666668, 179.38666666666666, 1.68
312, 580.4066083221911, 181.58854133333327, 254.98666666666668, 179.21333333333334, 1.5333333333333334
313, 580.1401888092055, 182.0448093333333, 254.97333333333333, 180.0, 1.52
314, 579.8737692962197, 182.113276, 254.97333333333333, 180.09333333333333, 1.64
315, 579.6073497832341, 182.66816799999992, 254.98666666666668, 181.02666666666667, 1.6666666666666667
316, 579.3409302702484, 182.6407026666666, 254.97333333333333, 180.98666666666668, 1.6666666666666667
317, 579.0745107572627, 182.7527453333332, 254.81333333333333, 181.36, 1.1466666666666667
318, 578.808091244277, 183.15765466666647, 254.92, 181.93333333333334, 1.4666666666666666
319, 578.5416717312912, 183.3752879999999, 254.98666666666668, 182.38666666666666, 0.8666666666666667
320, 578.2752522183056, 183.61359733333313, 254.96, 182.74666666666667, 1.1733333333333333
321, 578.0088327053198, 184.37212533333323, 254.88, 184.06666666666666, 1.24
322, 577.7424131923342, 184.71711333333326, 255.0, 184.54666666666665, 1.48
323, 577.4759936793484, 185.31232666666662, 255.0, 185.49333333333334, 1.8266666666666667
324, 577.2095741663628, 185.79466133333327, 254.98666666666668, 186.29333333333332, 1.9733333333333334
325, 576.9431546533771, 186.6843146666666, 254.98666666666668, 187.84, 1.8133333333333332
326, 576.6767351403914, 187.18057466666679, 254.65333333333334, 188.82666666666665, 1.96
327, 576.4103156274057, 186.88135333333338, 254.06666666666666, 188.69333333333333, 1.56
328, 576.1438961144199, 187.0080893333334, 252.57333333333332, 189.68, 1.5066666666666666
329, 575.8774766014343, 186.816296, 251.44, 189.92, 1.56
330, 575.6110570884485, 186.2195426666667, 248.57333333333332, 190.46666666666667, 1.0266666666666666
331, 575.3446375754629, 185.94941066666664, 246.96, 190.69333333333333, 1.72
332, 575.0782180624772, 184.83594933333328, 243.17333333333335, 190.88, 0.92
333, 574.8117985494915, 184.60638933333337, 241.17333333333335, 191.44, 1.2666666666666666
334, 574.5453790365058, 183.97586266666656, 238.17333333333335, 191.98666666666668, 0.7866666666666666
335, 574.2789595235201, 183.55872266666657, 235.70666666666668, 192.4, 1.4666666666666666
336, 574.0125400105344, 182.58696133333328, 232.12, 192.66666666666666, 0.9733333333333334
337, 573.7461204975486, 181.892384, 230.16, 192.44, 1.1866666666666668
338, 573.479700984563, 181.8833906666667, 228.09333333333333, 193.46666666666667, 1.24
339, 573.2132814715774, 181.7907493333333, 226.77333333333334, 193.88, 1.76
340, 572.9468619585916, 181.27901999999995, 224.2, 194.36, 1.5466666666666666
341, 572.6804424456059, 180.43506133333338, 222.18666666666667, 193.97333333333333, 1.4133333333333333
342, 572.4140229326202, 179.77834533333333, 219.61333333333334, 194.24, 1.0266666666666666
343, 572.1476034196345, 179.7638093333333, 218.70666666666668, 194.57333333333332, 1.56
344, 571.8811839066489, 179.61535600000005, 216.57333333333332, 195.45333333333335, 1.32
345, 571.6147643936631, 179.09773333333337, 214.93333333333334, 195.36, 1.56
346, 571.3483448806775, 178.6805626666667, 212.64, 195.85333333333332, 1.3733333333333333
347, 571.0819253676917, 178.3184280000001, 211.45333333333335, 195.77333333333334, 1.72
348, 570.8155058547061, 177.0157520000001, 207.81333333333333, 195.57333333333332, 0.8666666666666667
349, 570.5490863417203, 177.08085733333334, 207.29333333333332, 195.76, 1.84
350, 570.2826668287346, 176.38439199999996, 204.48, 196.12, 1.2533333333333334
351, 570.016247315749, 176.049456, 203.70666666666668, 195.82666666666665, 1.8533333333333333
352, 569.7498278027632, 175.9162226666667, 201.37333333333333, 196.82666666666665, 1.6533333333333333
353, 569.4834082897776, 175.5244466666667, 200.33333333333334, 196.62666666666667, 1.9733333333333334
354, 569.2169887767918, 174.43726666666672, 197.46666666666667, 196.4, 1.12
355, 568.9505692638062, 173.91227066666667, 195.82666666666665, 196.32, 1.2266666666666666
356, 568.6841497508204, 172.9887693333333, 192.84, 196.38666666666666, 0.6133333333333333
357, 568.4177302378348, 172.3867253333333, 191.01333333333332, 196.04, 1.9066666666666667
358, 568.151310724849, 171.72263333333328, 188.2, 196.42666666666668, 1.4666666666666666
359, 567.8848912118633, 171.43558400000003, 187.22666666666666, 196.38666666666666, 1.7066666666666668
360, 567.6184716988777, 170.67108266666668, 184.37333333333333, 196.66666666666666, 1.04
361, 567.3520521858919, 169.767348, 183.05333333333334, 195.77333333333334, 1.1733333333333333
362, 567.0856326729063, 169.27347199999994, 180.48, 196.32, 0.7733333333333333
363, 566.8192131599205, 168.72566933333326, 179.30666666666667, 195.81333333333333, 1.6533333333333333
364, 566.5527936469349, 167.98894533333325, 177.21333333333334, 195.72, 1.16
365, 566.2863741339492, 167.60406266666672, 175.77333333333334, 195.62666666666667, 2.04
366, 566.0199546209635, 166.7145853333334, 173.61333333333334, 195.32, 1.48
367, 565.7535351079778, 165.99605200000005, 172.14666666666668, 194.66666666666666, 2.3866666666666667
368, 565.4871155949921, 165.03487733333336, 169.22666666666666, 194.65333333333334, 1.68
369, 565.2206960820064, 164.59130666666664, 167.86666666666667, 194.44, 2.453333333333333
370, 564.9542765690207, 162.9260373333334, 164.02666666666667, 193.77333333333334, 1.3466666666666667
371, 564.687857056035, 161.707708, 161.98666666666668, 192.66666666666666, 1.7066666666666668
372, 564.4214375430493, 160.4383119999999, 158.88, 192.2, 1.12
373, 564.1550180300636, 159.233572, 155.61333333333334, 191.73333333333332, 1.52
374, 563.8885985170779, 158.01811333333333, 152.2, 191.42666666666668, 1.3866666666666667
375, 563.6221790040922, 157.01691999999997, 150.26666666666668, 190.66666666666666, 1.5866666666666667
376, 563.3557594911065, 155.48692266666663, 146.64, 190.09333333333333, 0.6266666666666667
377, 563.0893399781208, 154.09884133333327, 143.85333333333332, 189.0, 1.3866666666666667
378, 562.8229204651351, 153.05931200000006, 140.48, 189.04, 0.9066666666666666
379, 562.5565009521495, 152.13202800000005, 138.92, 188.12, 1.6
380, 562.2900814391637, 151.28022666666666, 136.93333333333334, 187.78666666666666, 1.0533333333333332
381, 562.023661926178, 150.21522133333335, 134.58666666666667, 187.05333333333334, 1.64
382, 561.7572424131923, 148.96239333333332, 132.73333333333332, 186.0, 0.9333333333333333
383, 561.4908229002066, 148.2250213333333, 131.12, 185.38666666666666, 1.8533333333333333
384, 561.224403387221, 146.75121599999994, 128.64, 184.32, 0.92
385, 560.9579838742352, 146.30926666666664, 127.46666666666667, 183.96, 1.9733333333333334
386, 560.6915643612496, 145.51013999999995, 125.93333333333334, 183.49333333333334, 1.3866666666666667
387, 560.4251448482638, 144.17846133333333, 123.78666666666666, 182.33333333333334, 1.3066666666666666
388, 560.1587253352782, 142.88503866666665, 121.74666666666667, 181.28, 0.7333333333333333
389, 559.8923058222924, 141.8879213333333, 119.58666666666667, 180.45333333333335, 1.9066666666666667
390, 559.6258863093067, 139.94654399999993, 117.09333333333333, 178.49333333333334, 1.5066666666666666
391, 559.359466796321, 137.68262266666665, 114.30666666666667, 176.04, 1.5866666666666667
392, 559.0930472833353, 137.097488, 113.52, 175.48, 1.4
393, 558.8266277703497, 135.8902746666666, 111.52, 174.41333333333333, 1.5466666666666666
394, 558.5602082573639, 134.19680799999992, 109.52, 172.64, 1.0666666666666667
395, 558.2937887443783, 133.79439599999995, 107.90666666666667, 172.50666666666666, 2.453333333333333
396, 558.0273692313925, 133.14551333333335, 107.0, 171.82666666666665, 2.64
397, 557.7609497184069, 130.9893066666667, 104.0, 169.89333333333335, 1.5466666666666666
398, 557.4945302054211, 129.7381853333333, 102.54666666666667, 168.61333333333334, 0.9733333333333334
399, 557.2281106924355, 128.66155733333332, 100.82666666666667, 167.53333333333333, 1.6
400, 556.9616911794498, 128.4747266666667, 100.6, 167.41333333333333, 1.1733333333333333
401, 556.6952716664641, 128.80300266666666, 100.50666666666666, 167.8, 2.3066666666666666
402, 556.4288521534784, 128.4620573333333, 100.09333333333333, 167.44, 2.2533333333333334
403, 556.1624326404926, 127.318084, 98.76, 166.24, 1.8933333333333333
404, 555.896013127507, 125.91227866666668, 97.08, 164.85333333333332, 1.1066666666666667
405, 555.6295936145212, 125.30440933333334, 95.77333333333333, 164.32, 1.9466666666666668
406, 555.3631741015356, 124.87512933333333, 95.10666666666667, 163.93333333333334, 1.92
407, 555.0967545885499, 123.60125866666667, 93.28, 162.69333333333333, 1.92
408, 554.8303350755642, 122.44358933333336, 91.97333333333333, 161.56, 1.0266666666666666
409, 554.5639155625785, 121.37542800000003, 90.65333333333334, 160.29333333333332, 1.64
410, 554.2974960495928, 121.38031333333332, 90.6, 160.26666666666668, 1.96
411, 554.0310765366071, 121.71541733333332, 89.69333333333333, 160.96, 3.7066666666666666
412, 553.7646570236213, 119.27247066666665, 87.16, 158.45333333333335, 1.8266666666666667
413, 553.4982375106357, 118.02160799999997, 85.65333333333334, 157.05333333333334, 2.013333333333333
414, 553.23181799765, 117.53626533333336, 85.08, 156.46666666666667, 2.28
415, 552.9653984846643, 116.25992666666667, 83.0, 155.33333333333334, 2.3733333333333335
416, 552.6989789716786, 115.07565466666667, 81.72, 154.13333333333333, 1.52
417, 552.4325594586929, 115.95474800000007, 82.12, 155.0, 3.72
418, 552.1661399457072, 114.84625600000003, 80.90666666666667, 153.86666666666667, 3.013333333333333
419, 551.8997204327216, 114.13730266666663, 79.50666666666666, 153.32, 3.28
420, 551.6333009197358, 112.89835866666671, 78.14666666666666, 151.92, 3.1866666666666665
421, 551.36688140675, 112.3579986666666, 76.28, 151.61333333333334, 4.92
422, 551.1004618937644, 111.56863733333331, 75.22666666666667, 150.61333333333334, 5.906666666666666
423, 550.8340423807788, 111.45098533333332, 74.54666666666667, 150.37333333333333, 7.8933333333333335
424, 550.567622867793, 110.09853733333333, 73.16, 148.66666666666666, 8.453333333333333
425, 550.3012033548073, 109.19864399999997, 71.42666666666666, 147.66666666666666, 10.253333333333334
426, 550.0347838418216, 108.13824266666667, 70.10666666666667, 146.32, 11.346666666666666
427, 549.7683643288359, 108.39512800000004, 69.12, 146.68, 14.333333333333334
428, 549.5019448158503, 107.96529999999998, 67.93333333333334, 146.37333333333333, 15.253333333333334
429, 549.2355253028645, 107.59006266666665, 66.57333333333334, 146.06666666666666, 17.106666666666666
430, 548.9691057898789, 106.722376, 65.17333333333333, 145.21333333333334, 17.56
431, 548.7026862768931, 106.16431466666667, 63.52, 144.85333333333332, 18.85333333333333
432, 548.4362667639075, 106.27752799999996, 63.38666666666666, 144.82666666666665, 20.333333333333332
433, 548.1698472509217, 105.83458666666665, 62.0, 144.49333333333334, 21.8
434, 547.903427737936, 105.6651213333333, 61.72, 144.18666666666667, 22.626666666666665
435, 547.6370082249504, 105.70207600000002, 61.24, 144.16, 24.346666666666668
436, 547.3705887119646, 105.41418533333335, 60.68, 143.86666666666667, 24.8
437, 547.104169198979, 105.24219200000002, 59.28, 143.88, 26.893333333333334
438, 546.8377496859932, 104.911944, 58.56, 143.64, 27.12
439, 546.5713301730076, 104.96934933333331, 57.973333333333336, 143.92, 27.72
440, 546.3049106600218, 104.39902799999999, 57.18666666666667, 143.42666666666668, 27.32
441, 546.0384911470362, 104.53138266666664, 56.57333333333333, 143.66666666666666, 28.85333333333333
442, 545.7720716340505, 104.29212266666669, 56.10666666666667, 143.52, 28.733333333333334
443, 545.5056521210647, 104.72055333333331, 55.53333333333333, 144.2, 30.493333333333332
444, 545.2392326080791, 104.50070666666667, 55.2, 144.01333333333332, 30.4
445, 544.9728130950933, 104.14782266666663, 53.906666666666666, 143.76, 32.0
446, 544.7063935821077, 103.50461866666669, 53.14666666666667, 143.16, 31.44
447, 544.439974069122, 103.97168933333333, 52.44, 143.98666666666668, 33.13333333333333
448, 544.1735545561363, 103.58390933333335, 51.84, 143.70666666666668, 32.74666666666667
449, 543.9071350431506, 104.16859199999998, 51.28, 144.76, 33.92
450, 543.6407155301649, 104.99496933333332, 51.906666666666666, 145.69333333333333, 34.72
451, 543.3742960171792, 105.00395333333333, 51.13333333333333, 145.96, 35.45333333333333
452, 543.1078765041935, 103.60211733333334, 49.49333333333333, 144.64, 34.25333333333333
453, 542.8414569912078, 103.896596, 49.10666666666667, 145.06666666666666, 35.653333333333336
454, 542.5750374782222, 104.29465999999998, 49.0, 145.68, 36.266666666666666
455, 542.3086179652364, 104.03511733333333, 47.76, 145.86666666666667, 36.28
456, 542.0421984522507, 104.03694, 47.13333333333333, 146.17333333333335, 36.36
457, 541.775778939265, 104.32082266666664, 46.70666666666666, 146.68, 37.36
458, 541.5093594262793, 104.37724399999999, 45.56, 147.36, 37.36
459, 541.2429399132936, 104.18241999999998, 44.333333333333336, 147.45333333333335, 38.38666666666666
460, 540.9765204003079, 103.70632666666666, 43.4, 147.21333333333334, 37.89333333333333
461, 540.7101008873223, 103.615124, 42.22666666666667, 147.54666666666665, 38.45333333333333
462, 540.4436813743365, 104.09207066666669, 41.82666666666667, 148.48, 38.88
463, 540.1772618613509, 104.322436, 41.24, 148.92, 40.17333333333333
464, 539.9108423483651, 104.64744399999995, 39.96, 150.04, 40.61333333333334
465, 539.6444228353794, 104.51252800000002, 38.986666666666665, 150.18666666666667, 41.22666666666667
466, 539.3780033223937, 104.24840533333338, 37.413333333333334, 150.6, 40.906666666666666
467, 539.111583809408, 105.09808533333332, 37.013333333333335, 152.0, 42.2
468, 538.8451642964224, 105.4185346666666, 35.85333333333333, 153.06666666666666, 42.56
469, 538.5787447834366, 105.45978133333332, 35.12, 153.18666666666667, 44.22666666666667
470, 538.312325270451, 105.84072266666662, 33.57333333333333, 154.50666666666666, 44.82666666666667
471, 538.0459057574652, 107.10750266666669, 34.04, 156.17333333333335, 46.13333333333333
472, 537.7794862444796, 106.96128933333333, 32.04, 156.98666666666668, 45.906666666666666
473, 537.5130667314938, 106.73507199999997, 31.413333333333334, 156.93333333333334, 45.84
474, 537.2466472185081, 106.31401733333335, 28.76, 157.62666666666667, 45.53333333333333
475, 536.9802277055225, 106.235184, 28.026666666666667, 157.74666666666667, 46.14666666666667
476, 536.7138081925368, 105.85779199999996, 26.613333333333333, 157.89333333333335, 45.78666666666667
477, 536.4473886795511, 106.23427600000001, 25.906666666666666, 158.66666666666666, 46.96
478, 536.1809691665653, 106.07738400000004, 24.426666666666666, 159.18666666666667, 46.78666666666667
479, 535.9145496535797, 106.33065733333335, 24.093333333333334, 159.56, 47.96
480, 535.6481301405939, 107.03820266666665, 22.64, 161.37333333333333, 48.64
481, 535.3817106276083, 106.18438933333327, 21.173333333333332, 160.72, 48.36
482, 535.1152911146226, 105.58626533333332, 18.813333333333333, 161.04, 47.653333333333336
483, 534.8488716016368, 106.8245293333333, 19.24, 162.62666666666667, 49.22666666666667
484, 534.5824520886512, 107.08817466666666, 17.586666666666666, 163.84, 49.626666666666665
485, 534.3160325756655, 106.83366533333334, 15.746666666666666, 164.05333333333334, 51.12
486, 534.0496130626798, 105.88061066666667, 13.36, 163.81333333333333, 50.25333333333333
487, 533.783193549694, 105.02120666666666, 11.666666666666666, 163.24, 50.10666666666667
488, 533.5167740367084, 105.59837200000001, 10.546666666666667, 164.66666666666666, 50.76
489, 533.2503545237226, 107.10842400000003, 11.493333333333334, 166.21333333333334, 53.56
490, 532.983935010737, 106.30645200000002, 8.546666666666667, 166.46666666666667, 52.946666666666665
491, 532.7175154977513, 106.64550799999998, 8.12, 167.0, 54.29333333333334
492, 532.4510959847656, 106.69991066666668, 6.36, 167.97333333333333, 54.373333333333335
493, 532.1846764717799, 107.66854533333333, 6.68, 168.98666666666668, 56.81333333333333
494, 531.9182569587942, 107.38022000000001, 4.733333333333333, 169.53333333333333, 56.57333333333333
495, 531.6518374458085, 107.25899866666664, 3.6133333333333333, 169.66666666666666, 57.76
496, 531.3854179328227, 107.30510933333335, 2.7733333333333334, 170.16, 57.82666666666667
497, 531.1189984198371, 108.40416933333334, 2.84, 171.58666666666667, 59.946666666666665
498, 530.8525789068515, 108.15102133333333, 2.0533333333333332, 171.6, 59.72
499, 530.5861593938657, 108.62928000000004, 1.8666666666666667, 172.34666666666666, 60.56
500, 530.31973988088, 108.4232786666667, 1.48, 172.21333333333334, 60.45333333333333
501, 530.0533203678943, 108.99177733333335, 1.4266666666666667, 172.97333333333333, 61.666666666666664
502, 529.7869008549086, 109.35309199999996, 1.48, 173.44, 62.29333333333334
503, 529.520481341923, 109.76395733333331, 1.8933333333333333, 173.8, 62.96
504, 529.2540618289372, 109.28538133333338, 1.3866666666666667, 173.33333333333334, 62.49333333333333
505, 528.9876423159515, 109.76485066666666, 1.2266666666666666, 174.04, 63.48
506, 528.7212228029658, 109.76832266666665, 1.3066666666666666, 174.0, 63.50666666666667
507, 528.4548032899802, 111.15929466666668, 2.2533333333333334, 175.42666666666668, 65.88
508, 528.1883837769944, 111.35107599999998, 2.3066666666666666, 175.66666666666666, 66.18666666666667
509, 527.9219642640087, 110.90140666666663, 1.2666666666666666, 175.28, 66.96
510, 527.6555447510231, 110.80734399999996, 1.36, 175.08, 66.92
511, 527.3891252380373, 111.74547333333331, 1.6666666666666667, 176.05333333333334, 69.33333333333333
512, 527.1227057250517, 111.88318799999999, 1.8533333333333333, 176.13333333333333, 69.64
513, 526.8562862120659, 111.41224266666667, 1.1733333333333333, 175.58666666666667, 70.10666666666667
514, 526.5898666990803, 111.72002799999997, 1.4533333333333334, 175.89333333333335, 70.49333333333334
515, 526.3234471860945, 112.31202800000001, 1.8533333333333333, 176.41333333333333, 71.96
516, 526.0570276731089, 112.50532533333333, 2.08, 176.46666666666667, 72.78666666666666
517, 525.7906081601232, 112.50691866666668, 1.3466666666666667, 176.4, 75.06666666666666
518, 525.5241886471374, 112.57250533333332, 1.3466666666666667, 176.41333333333333, 75.57333333333334
519, 525.2577691341518, 112.96109333333334, 1.6, 176.66666666666666, 77.01333333333334
520, 524.991349621166, 113.25819333333331, 1.8, 176.94666666666666, 77.65333333333334
521, 524.7249301081804, 113.42245066666668, 1.6266666666666667, 176.96, 79.48
522, 524.4585105951946, 113.42003999999999, 1.6, 176.84, 80.14666666666666
523, 524.192091082209, 113.15931866666673, 1.3466666666666667, 176.24, 81.61333333333333
524, 523.9256715692233, 113.384496, 1.44, 176.4, 82.52
525, 523.6592520562376, 114.47313066666665, 1.4933333333333334, 177.62666666666667, 85.61333333333333
526, 523.3928325432519, 114.01694399999998, 1.36, 176.92, 85.6
527, 523.1264130302661, 114.75722000000002, 1.4, 177.56, 88.69333333333333
528, 522.8599935172805, 115.05542266666666, 1.3733333333333333, 177.86666666666667, 89.8
529, 522.5935740042949, 115.437568, 1.3866666666666667, 178.02666666666667, 92.29333333333334
530, 522.3271544913091, 115.62526133333333, 1.6533333333333333, 178.12, 92.76
531, 522.0607349783234, 116.23974933333336, 1.84, 178.70666666666668, 94.64
532, 521.7943154653377, 116.00921200000002, 1.48, 178.36, 95.34666666666666
533, 521.527895952352, 116.44620399999998, 1.4266666666666667, 178.62666666666667, 97.94666666666667
534, 521.2614764393663, 116.54366533333337, 1.3466666666666667, 178.61333333333334, 99.08
535, 520.9950569263806, 116.67863333333335, 1.6666666666666667, 178.33333333333334, 100.86666666666666
536, 520.7286374133948, 116.82722799999998, 1.5866666666666667, 178.46666666666667, 101.69333333333333
537, 520.4622179004092, 116.75216533333328, 1.0133333333333334, 178.32, 103.29333333333334
538, 520.1957983874236, 118.06933333333332, 2.1333333333333333, 179.6, 105.32
539, 519.9293788744378, 118.02126666666666, 2.1333333333333333, 179.18666666666667, 107.02666666666667
540, 519.6629593614521, 117.07198266666666, 1.3733333333333333, 178.10666666666665, 106.25333333333333
541, 519.3965398484664, 117.4829973333333, 1.36, 178.46666666666667, 108.04
542, 519.1301203354807, 117.51259599999997, 1.3733333333333333, 178.45333333333335, 108.33333333333333
543, 518.863700822495, 118.16643999999995, 1.7333333333333334, 178.93333333333334, 110.65333333333334
544, 518.5972813095093, 118.18695866666661, 1.88, 178.81333333333333, 111.06666666666666
545, 518.3308617965237, 118.35797066666662, 1.76, 178.73333333333332, 113.29333333333334
546, 518.0644422835379, 117.86819733333336, 1.36, 178.14666666666668, 113.06666666666666
547, 517.7980227705523, 118.32378799999998, 1.72, 178.32, 115.22666666666667
548, 517.5316032575665, 117.93251333333333, 1.5333333333333334, 177.72, 115.37333333333333
549, 517.2651837445808, 118.17349333333334, 1.7333333333333334, 177.56, 117.78666666666666
550, 516.9987642315951, 117.72467733333339, 1.36, 176.94666666666666, 117.98666666666666
551, 516.7323447186095, 117.58851066666662, 1.2933333333333332, 176.54666666666665, 119.02666666666667
552, 516.4659252056238, 117.364432, 1.1466666666666667, 176.22666666666666, 119.09333333333333
553, 516.199505692638, 117.58431866666669, 1.2133333333333334, 176.18666666666667, 121.05333333333333
554, 515.9330861796524, 117.79185466666667, 1.4533333333333334, 176.30666666666667, 121.62666666666667
555, 515.6666666666666, 118.09246933333331, 1.7066666666666668, 176.21333333333334, 124.08
556, 515.400247153681, 117.38116666666662, 1.2666666666666666, 175.28, 123.8
557, 515.1338276406952, 117.47549999999998, 1.2666666666666666, 175.10666666666665, 125.52
558, 514.8674081277095, 117.41318933333334, 1.1733333333333333, 174.96, 125.97333333333333
559, 514.6009886147239, 117.96643866666668, 1.7466666666666666, 175.16, 128.29333333333332
560, 514.3345691017382, 117.92602666666663, 1.6, 175.09333333333333, 128.66666666666666
561, 514.0681495887525, 117.66955600000001, 1.3733333333333333, 174.45333333333335, 130.30666666666667
562, 513.8017300757667, 117.64001199999997, 1.3466666666666667, 174.34666666666666, 130.66666666666666
563, 513.5353105627811, 117.82329733333331, 1.4266666666666667, 174.33333333333334, 132.13333333333333
564, 513.2688910497953, 117.70316133333334, 1.4533333333333334, 174.04, 132.52
565, 513.0024715368097, 117.8534706666667, 1.56, 173.85333333333332, 134.52
566, 512.736052023824, 117.88978533333332, 1.6133333333333333, 173.8, 134.97333333333333
567, 512.4696325108383, 117.69204933333334, 1.5066666666666666, 173.25333333333333, 136.33333333333334
568, 512.2032129978526, 117.27140133333332, 1.1866666666666668, 172.73333333333332, 136.16
569, 511.9367934848669, 117.77624933333337, 1.3733333333333333, 173.04, 138.52
570, 511.6703739718812, 117.60531066666668, 1.2933333333333332, 172.70666666666668, 138.94666666666666
571, 511.4039544588955, 118.04781333333335, 1.7333333333333334, 172.76, 141.4
572, 511.1375349459098, 117.67674933333336, 1.3066666666666666, 172.29333333333332, 141.66666666666666
573, 510.87111543292406, 118.04414400000002, 1.4933333333333334, 172.29333333333332, 144.4
574, 510.6046959199384, 117.65748933333333, 1.24, 171.70666666666668, 144.69333333333333
575, 510.3382764069527, 118.18037066666662, 1.76, 171.77333333333334, 147.57333333333332
576, 510.07185689396704, 117.71180933333329, 1.24, 171.14666666666668, 148.05333333333334
577, 509.8054373809813, 117.83165333333326, 1.4666666666666666, 170.81333333333333, 150.22666666666666
578, 509.5390178679956, 117.27792799999997, 0.9866666666666667, 170.10666666666665, 150.26666666666668
579, 509.2725983550099, 117.77850800000003, 1.5866666666666667, 170.22666666666666, 152.46666666666667
580, 509.0061788420242, 117.57079466666667, 1.3866666666666667, 169.84, 153.16
581, 508.7397593290385, 117.80263066666672, 1.4266666666666667, 169.72, 155.70666666666668
582, 508.4733398160528, 117.91810800000006, 1.5866666666666667, 169.58666666666667, 156.98666666666668
583, 508.20692030306714, 118.01212666666665, 1.6666666666666667, 169.24, 159.38666666666666
584, 507.9405007900814, 118.0122866666667, 1.6666666666666667, 169.16, 159.8
585, 507.67408127709575, 118.42374666666666, 2.0, 169.17333333333335, 162.46666666666667
586, 507.40766176411, 117.77926799999999, 1.4533333333333334, 168.41333333333333, 162.16
587, 507.14124225112437, 117.60375200000007, 1.4133333333333333, 167.73333333333332, 164.22666666666666
588, 506.8748227381386, 116.84980666666672, 1.0, 166.77333333333334, 163.64
589, 506.6084032251529, 117.95479600000003, 1.5066666666666666, 167.78666666666666, 166.78666666666666
590, 506.34198371216723, 117.802556, 1.3733333333333333, 167.61333333333334, 166.69333333333333
591, 506.07556419918154, 118.29752933333327, 1.7733333333333334, 167.88, 168.61333333333334
592, 505.80914468619585, 118.11757466666664, 1.5866666666666667, 167.64, 168.76
593, 505.54272517321016, 117.94617066666669, 1.4933333333333334, 167.06666666666666, 170.45333333333335
594, 505.27630566022447, 118.0686, 1.4666666666666666, 167.22666666666666, 170.77333333333334
595, 505.0098861472387, 117.93917066666667, 1.36, 166.85333333333332, 171.84
596, 504.7434666342531, 117.92943066666669, 1.2933333333333332, 166.82666666666665, 172.06666666666666
597, 504.47704712126733, 118.08923199999998, 1.5466666666666666, 166.58666666666667, 174.04
598, 504.2106276082817, 117.59569999999992, 1.1333333333333333, 166.01333333333332, 173.74666666666667
599, 503.94420809529595, 118.09216133333338, 1.5866666666666667, 166.41333333333333, 174.85333333333332
600, 503.67778858231026, 117.559972, 1.2133333333333334, 165.81333333333333, 174.25333333333333
601, 503.41136906932456, 118.11675733333337, 1.6266666666666667, 166.17333333333335, 176.2
602, 503.1449495563389, 118.020168, 1.6533333333333333, 166.01333333333332, 176.10666666666665
603, 502.8785300433532, 117.55045466666665, 1.4533333333333334, 165.14666666666668, 176.97333333333333
604, 502.6121105303675, 117.30546399999997, 1.0933333333333333, 164.93333333333334, 176.86666666666667
605, 502.3456910173818, 117.85801466666663, 1.9866666666666666, 164.92, 179.44
606, 502.07927150439605, 117.42015333333326, 1.5333333333333334, 164.48, 179.05333333333334
607, 501.8128519914104, 117.05238533333332, 1.3466666666666667, 163.65333333333334, 180.57333333333332
608, 501.54643247842466, 116.83529199999995, 1.08, 163.44, 180.46666666666667
609, 501.280012965439, 117.01691466666664, 1.2533333333333334, 163.38666666666666, 181.88
610, 501.0135934524533, 117.14624933333333, 1.3733333333333333, 163.52, 182.01333333333332
611, 500.7471739394676, 116.82345733333331, 1.16, 162.94666666666666, 182.69333333333333
612, 500.4807544264819, 116.61340799999998, 1.12, 162.56, 182.94666666666666
613, 500.2143349134962, 116.5400746666667, 1.52, 161.85333333333332, 184.89333333333335
614, 499.9479154005105, 115.74152666666662, 0.8666666666666667, 160.88, 184.61333333333334
615, 499.68149588752476, 116.42375733333331, 1.6266666666666667, 161.09333333333333, 187.50666666666666
616, 499.4150763745391, 114.86644399999997, 0.49333333333333335, 159.33333333333334, 185.88
617, 499.1486568615534, 115.71354666666666, 1.6, 159.57333333333332, 189.17333333333335
618, 498.88223734856774, 114.71761200000006, 0.8133333333333334, 158.45333333333335, 188.26666666666668
619, 498.615817835582, 115.12313600000002, 1.7066666666666668, 158.10666666666665, 191.26666666666668
620, 498.34939832259636, 114.22130400000012, 0.96, 157.08, 190.6
621, 498.0829788096106, 113.95266799999997, 1.32, 155.96, 193.06666666666666
622, 497.8165592966249, 113.59266133333328, 1.12, 155.46666666666667, 192.97333333333333
623, 497.5501397836392, 113.54382666666672, 1.7333333333333334, 154.50666666666666, 195.88
624, 497.28372027065353, 112.65374533333335, 0.9466666666666667, 153.53333333333333, 195.14666666666668
625, 497.01730075766784, 112.39281466666662, 1.32, 152.45333333333335, 197.44
626, 496.7508812446821, 111.31350266666661, 0.7066666666666667, 151.16, 196.24
627, 496.48446173169646, 111.59894266666663, 1.24, 150.97333333333333, 198.30666666666667
628, 496.2180422187107, 111.55249066666664, 1.2266666666666666, 150.8, 198.82666666666665
629, 495.9516227057251, 111.00715600000004, 1.9066666666666667, 149.14666666666668, 200.77333333333334
630, 495.6852031927393, 109.9915386666667, 1.1466666666666667, 147.92, 200.17333333333335
631, 495.41878367975363, 109.84625600000003, 1.44, 147.36, 201.01333333333332
632, 495.15236416676794, 109.04814399999998, 0.6933333333333334, 146.53333333333333, 200.22666666666666
633, 494.88594465378225, 109.62083066666669, 1.56, 146.65333333333334, 202.36
634, 494.61952514079655, 109.1697, 1.2666666666666666, 146.10666666666665, 201.98666666666668
635, 494.35310562781086, 109.21577599999998, 1.9733333333333334, 145.33333333333334, 204.52
636, 494.08668611482517, 108.3051946666666, 1.2533333333333334, 144.30666666666667, 203.70666666666668
637, 493.8202666018394, 107.69706799999996, 1.72, 142.8, 204.90666666666667
638, 493.5538470888538, 106.39158133333328, 0.8533333333333334, 141.24, 203.76
639, 493.28742757586804, 106.35407066666664, 1.2933333333333332, 140.50666666666666, 206.05333333333334
640, 493.0210080628824, 106.91241066666664, 1.76, 141.09333333333333, 206.70666666666668
641, 492.75458854989665, 105.51029866666666, 1.28, 138.85333333333332, 207.2
642, 492.48816903691096, 105.48102533333333, 1.2133333333333334, 138.84, 207.18666666666667
643, 492.22174952392527, 105.18083866666665, 1.3466666666666667, 138.24, 207.29333333333332
644, 491.9553300109396, 104.56204133333328, 0.92, 137.50666666666666, 206.76
645, 491.6889104979539, 104.07705333333332, 1.6, 135.82666666666665, 209.37333333333333
646, 491.4224909849682, 103.53541199999997, 1.2133333333333334, 135.17333333333335, 209.0
647, 491.1560714719825, 103.37828000000006, 1.6, 134.6, 209.56
648, 490.88965195899675, 102.65284799999999, 0.9866666666666667, 133.82666666666665, 208.78666666666666
649, 490.6232324460111, 102.13894800000001, 1.1866666666666668, 132.62666666666667, 209.93333333333334
650, 490.35681293302537, 101.45045066666667, 0.6933333333333334, 131.82666666666665, 209.30666666666667
651, 490.09039342003973, 101.10725600000002, 1.44, 130.52, 211.06666666666666
652, 489.823973907054, 100.49800933333341, 0.9733333333333334, 129.8, 210.65333333333334
653, 489.5575543940683, 100.20263466666667, 1.52, 128.65333333333334, 212.53333333333333
654, 489.2911348810826, 99.70867199999999, 1.1466666666666667, 128.06666666666666, 212.2
655, 489.0247153680969, 99.59738266666665, 2.04, 127.09333333333333, 213.89333333333335
656, 488.7582958551112, 98.67739466666664, 1.3866666666666667, 126.04, 212.96
657, 488.4918763421255, 98.43208666666665, 1.9333333333333333, 125.06666666666666, 214.38666666666666
658, 488.22545682913983, 97.44899333333332, 1.2666666666666666, 123.93333333333334, 213.34666666666666
659, 487.9590373161541, 96.77776933333334, 1.3733333333333333, 122.72, 213.42666666666668
660, 487.69261780316845, 96.45342533333334, 1.2133333333333334, 122.28, 213.26666666666668
661, 487.4261982901827, 96.12922399999997, 1.6266666666666667, 121.06666666666666, 215.58666666666667
662, 487.15977877719706, 95.33805600000001, 1.04, 120.16, 214.85333333333332
663, 486.8933592642113, 94.91364399999995, 1.2933333333333332, 119.17333333333333, 215.54666666666665
664, 486.6269397512256, 94.1334266666666, 0.8, 118.25333333333333, 214.73333333333332
665, 486.3605202382399, 93.78113466666667, 1.5866666666666667, 116.96, 216.24
666, 486.09410072525424, 92.26591466666665, 0.72, 115.13333333333334, 214.62666666666667
667, 485.82768121226854, 91.89941600000002, 1.44, 113.64, 217.21333333333334
668, 485.5612616992828, 91.04553066666668, 0.96, 112.53333333333333, 216.68
669, 485.29484218629716, 90.11004000000003, 1.6, 110.36, 217.98666666666668
670, 485.0284226733114, 89.06844400000004, 1.2933333333333332, 108.93333333333334, 217.0
671, 484.7620031603258, 87.99034666666664, 1.7333333333333334, 106.62666666666667, 218.26666666666668
672, 484.49558364734, 86.48545733333331, 0.8933333333333333, 104.76, 216.88
673, 484.22916413435433, 85.691332, 1.48, 102.72, 218.88
674, 483.96274462136864, 84.51253600000001, 1.04, 101.2, 217.52
675, 483.69632510838295, 83.94280533333334, 1.28, 99.94666666666667, 218.34666666666666
676, 483.42990559539726, 82.29056799999998, 0.8533333333333334, 97.61333333333333, 216.98666666666668
677, 483.16348608241157, 81.04581600000002, 1.1733333333333333, 95.21333333333334, 217.58666666666667
678, 482.8970665694259, 79.87835333333334, 1.0, 93.42666666666666, 217.0
679, 482.6306470564401, 78.91294800000001, 1.0533333333333332, 91.49333333333334, 218.34666666666666
680, 482.3642275434545, 78.15610933333338, 0.9066666666666666, 90.41333333333333, 217.65333333333334
681, 482.09780803046874, 77.05127866666663, 1.08, 88.09333333333333, 219.45333333333335
682, 481.8313885174831, 76.44493333333334, 1.0666666666666667, 87.17333333333333, 218.90666666666667
683, 481.56496900449736, 75.88847200000002, 1.68, 85.68, 220.10666666666665
684, 481.29854949151166, 74.61721466666668, 1.1866666666666668, 84.04, 218.69333333333333
685, 481.032129978526, 73.66189866666664, 1.4133333333333333, 82.06666666666666, 219.88
686, 480.7657104655403, 73.45115333333331, 1.4, 81.70666666666666, 219.92
687, 480.4992909525546, 72.15028933333333, 1.9066666666666667, 78.89333333333333, 221.66666666666666
688, 480.2328714395689, 70.00972133333333, 1.0533333333333332, 76.08, 219.61333333333334
689, 479.9664519265832, 68.57720666666667, 1.4, 73.25333333333333, 220.69333333333333
690, 479.70003241359746, 67.0032573333333, 0.8933333333333333, 71.12, 219.2
691, 479.4336129006118, 66.07193333333332, 1.4666666666666666, 68.93333333333334, 220.78666666666666
692, 479.16719338762607, 64.67703066666667, 1.0266666666666666, 67.04, 219.45333333333335
693, 478.90077387464044, 63.65173866666669, 1.28, 64.77333333333333, 221.46666666666667
694, 478.6343543616547, 62.08475733333335, 1.0933333333333333, 62.52, 219.81333333333333
695, 478.367934848669, 60.937166666666684, 1.6666666666666667, 60.04, 221.01333333333332
696, 478.1015153356833, 59.33964800000002, 1.12, 57.76, 220.17333333333335
697, 477.8350958226976, 58.03995599999998, 1.64, 54.96, 221.82666666666665
698, 477.5686763097119, 56.527258666666675, 1.5466666666666666, 52.56, 221.16
699, 477.3022567967262, 54.7860293333333, 1.5733333333333333, 49.36, 222.29333333333332
700, 477.03583728374053, 53.0860093333333, 1.24, 46.86666666666667, 221.09333333333333
701, 476.7694177707548, 51.710738666666664, 1.4133333333333333, 44.10666666666667, 222.78666666666666
702, 476.50299825776915, 49.87788133333331, 1.1866666666666668, 41.13333333333333, 222.61333333333334
703, 476.2365787447834, 48.3987, 1.5333333333333334, 38.333333333333336, 223.14666666666668
704, 475.97015923179777, 45.30490799999999, 1.1866666666666668, 33.306666666666665, 222.8
705, 475.703739718812, 43.22246133333333, 1.6533333333333333, 29.48, 223.01333333333332
706, 475.4373202058263, 39.86678400000001, 1.0933333333333333, 24.333333333333332, 221.54666666666665
707, 475.17090069284063, 37.13538000000002, 0.8666666666666667, 19.826666666666668, 221.38666666666666
708, 474.90448117985494, 34.013413333333354, 0.8, 14.746666666666666, 220.33333333333334
709, 474.63806166686925, 31.270676, 1.5066666666666666, 9.346666666666666, 222.22666666666666
710, 474.3716421538835, 28.912741333333337, 1.2533333333333334, 5.64, 221.29333333333332
711, 474.10522264089786, 27.299896000000004, 1.3066666666666666, 2.9066666666666667, 221.08
712, 473.8388031279121, 26.438806666666665, 1.1333333333333333, 1.7066666666666668, 220.16
713, 473.5723836149265, 26.70487466666667, 1.7866666666666666, 1.4, 222.36
714, 473.30596410194073, 26.581294666666672, 1.72, 1.2933333333333332, 222.0
715, 473.0395445889551, 26.812246666666667, 2.2, 1.2533333333333334, 222.97333333333333
716, 472.77312507596935, 26.502569333333337, 1.7733333333333334, 1.0, 222.68
717, 472.50670556298365, 27.019498666666653, 2.2133333333333334, 1.5866666666666667, 223.04
718, 472.24028604999796, 26.735624, 1.8933333333333333, 1.3333333333333333, 222.69333333333333
719, 471.97386653701227, 26.725249333333323, 1.9066666666666667, 1.2933333333333332, 222.77333333333334
720, 471.7074470240266, 26.79100933333332, 2.04, 1.3866666666666667, 222.52
721, 471.44102751104083, 26.714959999999998, 2.1333333333333333, 1.1733333333333333, 222.70666666666668
722, 471.1746079980552, 26.63917866666666, 1.9466666666666668, 1.16, 222.6
723, 470.90818848506945, 26.726089333333334, 1.9066666666666667, 1.2533333333333334, 222.98666666666668
724, 470.6417689720838, 26.28625866666666, 1.28, 0.9733333333333334, 222.21333333333334
725, 470.37534945909806, 26.55742533333333, 2.013333333333333, 1.08, 222.12
726, 470.10892994611237, 26.857798666666657, 2.28, 1.4533333333333334, 222.13333333333333
727, 469.8425104331267, 27.17477199999999, 2.68, 1.8, 222.08
728, 469.576090920141, 26.194039999999998, 1.6, 0.92, 220.84
729, 469.3096714071553, 26.623568, 2.1866666666666665, 1.3866666666666667, 220.66666666666666
730, 469.0432518941696, 26.350930666666663, 1.8933333333333333, 1.1466666666666667, 220.28
731, 468.7768323811839, 26.64138266666666, 2.1733333333333333, 1.5066666666666666, 220.24
732, 468.51041286819816, 26.08739733333332, 1.6266666666666667, 0.9733333333333334, 219.56
733, 468.2439933552125, 26.362461333333332, 1.92, 1.2666666666666666, 219.69333333333333
734, 467.9775738422268, 26.43314533333332, 2.013333333333333, 1.28, 220.0
735, 467.71115432924114, 26.67653199999999, 2.28, 1.52, 220.2
736, 467.4447348162554, 26.217556000000005, 1.7733333333333334, 1.1333333333333333, 219.49333333333334
737, 467.1783153032697, 26.517001333333337, 2.12, 1.3866666666666667, 219.90666666666667
738, 466.911895790284, 26.430558666666666, 2.013333333333333, 1.3066666666666666, 219.84
739, 466.6454762772983, 26.53435733333333, 2.16, 1.3466666666666667, 220.16
740, 466.3790567643126, 26.159297333333328, 1.6933333333333334, 1.08, 219.46666666666667
741, 466.11263725132693, 26.389800000000005, 2.0, 1.2, 220.06666666666666
742, 465.84621773834124, 26.43125466666666, 1.9866666666666666, 1.28, 220.05333333333334
743, 465.5797982253555, 26.09697733333333, 1.6933333333333334, 1.08, 218.92
744, 465.31337871236985, 26.342232, 1.9466666666666668, 1.3066666666666666, 219.24
745, 465.0469591993841, 26.09490533333333, 1.7466666666666666, 1.0933333333333333, 218.69333333333333
746, 464.78053968639847, 26.283361333333325, 1.9866666666666666, 1.2533333333333334, 218.89333333333335
747, 464.5141201734127, 25.90433866666667, 1.5466666666666666, 1.0, 218.02666666666667
748, 464.24770066042703, 26.08164, 1.7333333333333334, 1.1733333333333333, 218.2
749, 463.98128114744134, 26.734545333333337, 2.546666666666667, 1.8533333333333333, 218.29333333333332
750, 463.71486163445564, 25.862133333333336, 1.6, 1.0666666666666667, 217.17333333333335
751, 463.44844212146995, 26.12310266666667, 1.9066666666666667, 1.28, 217.56
752, 463.18202260848426, 26.013655999999997, 1.84, 1.2, 217.18666666666667
753, 462.91560309549857, 26.228057333333343, 2.0933333333333333, 1.4, 217.37333333333333
754, 462.6491835825128, 25.672346666666655, 1.4666666666666666, 0.92, 216.61333333333334
755, 462.3827640695272, 26.026784000000006, 1.8933333333333333, 1.2133333333333334, 217.09333333333333
756, 462.11634455654143, 26.143134666666665, 1.9866666666666666, 1.32, 217.32
757, 461.8499250435558, 25.969372, 1.88, 1.2, 216.69333333333333
758, 461.58350553057005, 25.72465333333333, 1.6, 1.0266666666666666, 216.17333333333335
759, 461.31708601758436, 26.268209333333335, 2.1733333333333333, 1.64, 216.28
760, 461.05066650459867, 26.212377333333333, 2.0933333333333333, 1.64, 216.0
761, 460.784246991613, 25.581772000000004, 1.48, 1.08, 214.96
762, 460.5178274786273, 25.900235999999996, 1.7733333333333334, 1.3333333333333333, 215.68
763, 460.25140796564153, 25.948949333333335, 1.84, 1.5066666666666666, 215.04
764, 459.9849884526559, 25.574957333333327, 1.4933333333333334, 1.16, 214.45333333333335
765, 459.71856893967015, 25.391787999999995, 1.4533333333333334, 1.0133333333333334, 213.70666666666668
766, 459.4521494266845, 25.733837333333334, 1.76, 1.3466666666666667, 214.18666666666667
767, 459.18572991369876, 25.84920533333333, 1.9466666666666668, 1.4533333333333334, 214.16
768, 458.9193104007131, 25.80748533333332, 1.9466666666666668, 1.4133333333333333, 214.0
769, 458.6528908877274, 25.413061333333324, 1.7866666666666666, 1.0533333333333332, 212.81333333333333
770, 458.3864713747417, 25.34882799999999, 1.72, 1.04, 212.49333333333334
771, 458.120051861756, 25.764563999999993, 2.2266666666666666, 1.3866666666666667, 213.02666666666667
772, 457.8536323487703, 25.489809333333337, 1.9066666666666667, 1.1333333333333333, 212.76
773, 457.5872128357846, 25.462000000000003, 1.7333333333333334, 1.2933333333333332, 212.14666666666668
774, 457.32079332279886, 25.433490666666657, 1.76, 1.2933333333333332, 211.82666666666665
775, 457.0543738098132, 25.59938933333333, 1.9733333333333334, 1.4, 212.17333333333335
776, 456.7879542968275, 25.399022666666657, 1.7733333333333334, 1.2666666666666666, 211.62666666666667
777, 456.52153478384184, 25.310446666666664, 1.6666666666666667, 1.24, 211.26666666666668
778, 456.2551152708561, 25.490538666666666, 1.8133333333333332, 1.3866666666666667, 211.70666666666668
779, 455.9886957578704, 25.329140000000002, 1.6666666666666667, 1.2666666666666666, 211.29333333333332
780, 455.7222762448847, 25.29469466666667, 1.72, 1.2533333333333334, 210.92
781, 455.455856731899, 25.509157333333334, 2.026666666666667, 1.4133333333333333, 211.17333333333335
782, 455.1894372189133, 25.079287999999984, 1.52, 1.04, 210.65333333333334
783, 454.92301770592763, 25.126996000000002, 1.64, 1.2, 209.93333333333334
784, 454.65659819294194, 25.21387066666666, 1.8266666666666667, 1.24, 210.0
785, 454.3901786799562, 25.364941333333327, 2.1866666666666665, 1.2933333333333332, 210.10666666666665
786, 454.12375916697056, 25.139385333333323, 1.88, 1.1066666666666667, 209.89333333333335
787, 453.8573396539848, 24.995159999999995, 1.7333333333333334, 1.0133333333333334, 209.49333333333334
788, 453.5909201409992, 25.32918, 2.2, 1.28, 209.82666666666665
789, 453.3245006280134, 25.030818666666658, 2.3466666666666667, 1.0, 208.26666666666668
790, 453.05808111502773, 24.868186666666663, 2.1333333333333333, 0.9066666666666666, 207.88
791, 452.79166160204204, 25.273509333333326, 2.64, 1.2666666666666666, 208.25333333333333
792, 452.52524208905635, 24.693296000000007, 1.9733333333333334, 0.8533333333333334, 207.04
793, 452.25882257607066, 25.05574799999999, 2.3866666666666667, 1.2266666666666666, 207.21333333333334
794, 451.99240306308496, 24.921300000000006, 2.2, 1.16, 206.86666666666667
795, 451.7259835500993, 25.485336, 2.9066666666666667, 1.7066666666666668, 207.14666666666668
796, 451.4595640371135, 25.256580000000014, 2.6, 1.6, 206.49333333333334
797, 451.1931445241279, 25.016422666666656, 2.44, 1.3733333333333333, 205.97333333333333
798, 450.92672501114214, 25.086167999999997, 2.5866666666666664, 1.4666666666666666, 205.72
799, 450.6603054981565, 25.120984, 2.56, 1.48, 206.02666666666667
800, 450.39388598517075, 24.79136, 2.2666666666666666, 1.1066666666666667, 205.82666666666665
801, 450.12746647218506, 25.260429333333324, 2.7733333333333334, 1.64, 205.86666666666667
802, 449.86104695919937, 24.741692, 2.28, 1.08, 205.49333333333334
803, 449.5946274462137, 24.666718666666657, 2.1466666666666665, 1.16, 204.77333333333334
804, 449.328207933228, 24.66758133333334, 2.1866666666666665, 1.1333333333333333, 204.81333333333333
805, 449.06178842024224, 24.635857333333334, 2.36, 1.2266666666666666, 203.6
806, 448.7953689072566, 24.298797333333333, 1.8933333333333333, 0.96, 203.24
807, 448.52894939427085, 24.317044000000003, 1.96, 1.04, 202.81333333333333
808, 448.2625298812852, 24.275406666666672, 1.9333333333333333, 1.0266666666666666, 202.58666666666667
809, 447.99611036829947, 24.94036666666665, 2.7333333333333334, 1.6666666666666667, 203.02666666666667
810, 447.72969085531383, 24.23046400000001, 1.8933333333333333, 1.0533333333333332, 202.16
811, 447.4632713423281, 24.555802666666658, 2.506666666666667, 1.36, 201.82666666666665
812, 447.1968518293424, 23.620698666666655, 1.4133333333333333, 0.6266666666666667, 200.26666666666668
813, 446.9304323163567, 24.616682666666662, 2.64, 1.6133333333333333, 200.70666666666668
814, 446.664012803371, 24.090101333333333, 2.0533333333333332, 1.16, 199.96
815, 446.3975932903853, 23.872977333333324, 1.96, 1.0266666666666666, 198.98666666666668
816, 446.13117377739957, 24.202314666666656, 2.32, 1.3733333333333333, 199.14666666666668
817, 445.86475426441393, 24.234551999999994, 2.48, 1.44, 198.66666666666666
818, 445.5983347514282, 23.934470666666673, 2.0933333333333333, 1.2266666666666666, 198.14666666666668
819, 445.33191523844255, 23.721552000000006, 1.9466666666666668, 1.0266666666666666, 197.69333333333333
820, 445.0654957254568, 23.572268000000005, 1.72, 0.88, 197.73333333333332
821, 444.7990762124711, 23.84221066666667, 2.16, 1.3333333333333333, 196.61333333333334
822, 444.5326566994854, 23.958893333333332, 2.2666666666666666, 1.4933333333333334, 196.53333333333333
823, 444.2662371864997, 23.073254666666674, 1.32, 0.7333333333333333, 195.16
824, 443.99981767351403, 23.500228, 1.8533333333333333, 1.0933333333333333, 195.65333333333334
825, 443.73339816052834, 23.878317333333325, 2.2933333333333334, 1.56, 195.41333333333333
826, 443.46697864754265, 23.250010666666665, 1.6266666666666667, 1.0, 194.53333333333333
827, 443.2005591345569, 23.494434666666667, 2.1866666666666665, 1.24, 193.97333333333333
828, 442.93413962157126, 23.28034266666667, 1.9066666666666667, 1.08, 193.65333333333334
829, 442.6677201085855, 23.41786, 2.2, 1.24, 193.26666666666668
830, 442.4013005955999, 23.138280000000005, 1.8666666666666667, 1.0266666666666666, 192.78666666666666
831, 442.13488108261413, 23.20938533333333, 2.013333333333333, 1.2, 192.13333333333333
832, 441.86846156962844, 23.663739999999994, 2.466666666666667, 1.6266666666666667, 192.73333333333332
833, 441.60204205664274, 23.272104, 2.026666666666667, 1.3466666666666667, 191.89333333333335
834, 441.33562254365705, 22.90187066666667, 1.6933333333333334, 0.9866666666666667, 191.37333333333333
835, 441.06920303067136, 22.933984, 1.6266666666666667, 1.1866666666666668, 190.8
836, 440.80278351768567, 23.398588, 2.2533333333333334, 1.4933333333333334, 191.65333333333334
837, 440.5363640047, 22.92255066666667, 1.8266666666666667, 1.2, 190.10666666666665
838, 440.2699444917142, 22.998348, 1.9866666666666666, 1.1466666666666667, 190.62666666666667
839, 440.0035249787286, 22.87483466666667, 1.92, 1.1333333333333333, 189.78666666666666
840, 439.73710546574284, 22.407009333333335, 1.3733333333333333, 0.84, 188.62666666666667
841, 439.4706859527572, 23.221148, 2.3866666666666667, 1.5866666666666667, 189.26666666666668
842, 439.20426643977146, 22.79012933333334, 1.9066666666666667, 1.2133333333333334, 188.66666666666666
843, 438.93784692678577, 22.392171999999995, 1.6133333333333333, 0.9333333333333333, 187.38666666666666
844, 438.6714274138001, 22.471694666666664, 1.72, 1.0533333333333332, 187.18666666666667
845, 438.4050079008144, 22.49203599999999, 1.7733333333333334, 1.1333333333333333, 186.81333333333333
846, 438.1385883878287, 22.13642799999999, 1.4533333333333334, 0.7733333333333333, 186.38666666666666
847, 437.872168874843, 22.39926133333334, 1.7866666666666666, 1.2533333333333334, 185.34666666666666
848, 437.6057493618573, 22.19159866666667, 1.6133333333333333, 1.0266666666666666, 185.14666666666668
849, 437.33932984887156, 22.302698666666668, 1.68, 1.2933333333333332, 184.57333333333332
850, 437.0729103358859, 22.033268, 1.4533333333333334, 1.0533333333333332, 184.04
851, 436.8064908229002, 22.18173466666668, 1.72, 1.2533333333333334, 183.61333333333334
852, 436.54007130991454, 21.86135733333333, 1.36, 0.9866666666666667, 183.12
853, 436.2736517969288, 22.174254666666673, 1.9866666666666666, 1.4, 182.09333333333333
854, 436.0072322839431, 21.75447466666667, 1.6533333333333333, 0.9866666666666667, 181.41333333333333
855, 435.7408127709574, 21.880316000000008, 1.7733333333333334, 1.0933333333333333, 181.65333333333334
856, 435.4743932579717, 22.073376000000014, 1.9733333333333334, 1.3333333333333333, 181.58666666666667
857, 435.207973744986, 21.986432, 1.9466666666666668, 1.4266666666666667, 180.41333333333333
858, 434.94155423200027, 21.26945066666666, 1.2266666666666666, 0.88, 178.82666666666665
859, 434.67513471901464, 22.120445333333336, 2.2133333333333334, 1.76, 179.17333333333335
860, 434.4087152060289, 21.524186666666665, 1.6, 1.2533333333333334, 178.16
861, 434.14229569304325, 21.12902933333333, 1.5733333333333333, 0.92, 176.48
862, 433.8758761800575, 21.219313333333336, 1.6666666666666667, 1.0133333333333334, 176.54666666666665
863, 433.60945666707187, 21.29748933333333, 1.9066666666666667, 1.2133333333333334, 175.57333333333332
864, 433.3430371540861, 21.180093333333335, 1.7333333333333334, 1.2, 175.06666666666666
865, 433.0766176411004, 21.137313333333328, 1.8, 1.2666666666666666, 174.17333333333335
866, 432.81019812811473, 20.775956000000004, 1.3733333333333333, 1.0133333333333334, 173.42666666666668
867, 432.54377861512904, 20.769286666666666, 1.5333333333333334, 1.0266666666666666, 172.88
868, 432.27735910214335, 20.85279466666668, 1.6533333333333333, 1.1466666666666667, 172.68
869, 432.0109395891576, 21.123701333333347, 2.32, 1.4266666666666667, 171.86666666666667
870, 431.74452007617197, 20.813766666666673, 2.066666666666667, 1.24, 170.77333333333334
871, 431.4781005631862, 21.065569333333347, 2.5733333333333333, 1.6, 169.8
872, 431.2116810502006, 20.235128000000003, 1.7866666666666666, 0.8266666666666667, 168.56
873, 430.94526153721483, 20.545392000000003, 2.2133333333333334, 1.2933333333333332, 167.76
874, 430.67884202422914, 20.187506666666664, 1.8666666666666667, 1.0, 167.04
875, 430.41242251124345, 20.42870533333333, 2.1466666666666665, 1.4133333333333333, 166.29333333333332
876, 430.14600299825776, 19.912090666666668, 1.6266666666666667, 1.0, 165.25333333333333
877, 429.87958348527206, 20.017960000000006, 2.0, 1.2, 164.17333333333335
878, 429.6131639722864, 19.777188000000006, 1.72, 1.08, 163.41333333333333
879, 429.3467444593007, 19.866662666666663, 2.04, 1.2533333333333334, 162.46666666666667
880, 429.08032494631493, 19.391138666666667, 1.5466666666666666, 1.0, 160.89333333333335
881, 428.8139054333293, 19.782396000000006, 2.1733333333333333, 1.3733333333333333, 160.76
882, 428.54748592034355, 19.36845866666667, 1.8133333333333332, 1.1466666666666667, 159.24
883, 428.2810664073579, 19.022658666666665, 1.68, 0.8533333333333334, 158.06666666666666
884, 428.01464689437216, 18.891042666666667, 1.5733333333333333, 1.0666666666666667, 156.09333333333333
885, 427.74822738138647, 19.138029333333332, 1.9733333333333334, 1.32, 155.90666666666667
886, 427.4818078684008, 18.672510666666675, 1.56, 1.0533333333333332, 154.28
887, 427.2153883554151, 18.918291999999997, 1.88, 1.48, 153.4
888, 426.9489688424294, 18.395702666666672, 1.3733333333333333, 1.1066666666666667, 152.06666666666666
889, 426.6825493294437, 18.236784, 1.4933333333333334, 1.0933333333333333, 150.42666666666668
890, 426.416129816458, 17.970249333333335, 1.24, 0.8666666666666667, 149.92
891, 426.14971030347226, 18.332682666666674, 2.3733333333333335, 1.1866666666666668, 148.48
892, 425.8832907904866, 18.643885333333337, 2.7466666666666666, 1.5733333333333333, 148.24
893, 425.6168712775009, 18.11578933333333, 2.1066666666666665, 1.2533333333333334, 146.93333333333334
894, 425.35045176451524, 17.967970666666673, 1.8933333333333333, 1.2266666666666666, 146.33333333333334
895, 425.0840322515295, 17.61075466666667, 2.0533333333333332, 0.8266666666666667, 144.84
896, 424.8176127385438, 17.817540000000015, 2.3333333333333335, 1.0933333333333333, 144.54666666666665
897, 424.5511932255581, 17.759626666666662, 2.4, 1.2533333333333334, 143.04
898, 424.2847737125724, 17.18277866666667, 1.68, 0.8133333333333334, 142.13333333333333
899, 424.0183541995867, 17.66573866666667, 2.2133333333333334, 1.4266666666666667, 141.81333333333333
900, 423.751934686601, 17.271357333333338, 1.8933333333333333, 1.2, 140.36
901, 423.48551517361534, 17.066581333333335, 1.7866666666666666, 1.1333333333333333, 139.18666666666667
902, 423.2190956606296, 17.177046666666666, 1.9333333333333333, 1.3866666666666667, 138.46666666666667
903, 422.95267614764396, 16.77158933333334, 1.7066666666666668, 1.0133333333333334, 137.42666666666668
904, 422.6862566346582, 17.489153333333334, 2.6, 1.5866666666666667, 138.42666666666668
905, 422.4198371216726, 17.25231333333334, 2.466666666666667, 1.5333333333333334, 136.97333333333333
906, 422.1534176086868, 16.87392666666666, 2.066666666666667, 1.24, 136.21333333333334
907, 421.88699809570113, 16.471229333333333, 1.9733333333333334, 0.92, 134.57333333333332
908, 421.62057858271544, 16.240136000000003, 1.7066666666666668, 0.8666666666666667, 133.52
909, 421.35415906972975, 16.51024, 2.2666666666666666, 1.1866666666666668, 132.77333333333334
910, 421.08773955674405, 16.01415333333333, 1.6666666666666667, 0.9733333333333334, 131.09333333333333
911, 420.8213200437583, 16.340752, 2.2133333333333334, 1.4533333333333334, 130.05333333333334
912, 420.55490053077267, 15.733322666666663, 1.5733333333333333, 1.0266666666666666, 128.6
913, 420.2884810177869, 16.153199999999995, 2.1333333333333333, 1.5733333333333333, 128.0
914, 420.0220615048013, 15.611872, 1.5466666666666666, 1.1466666666666667, 126.98666666666666
915, 419.75564199181554, 15.535056, 1.7066666666666668, 1.1466666666666667, 125.89333333333333
916, 419.48922247882984, 15.130852, 1.3466666666666667, 0.8666666666666667, 124.73333333333333
917, 419.22280296584415, 15.403437333333335, 1.8933333333333333, 1.12, 124.38666666666667
918, 418.95638345285846, 15.146851999999996, 1.6133333333333333, 1.0533333333333332, 123.21333333333334
919, 418.68996393987277, 14.877063999999992, 1.4933333333333334, 0.9733333333333334, 121.57333333333334
920, 418.4235444268871, 14.953430666666664, 1.56, 1.2533333333333334, 120.62666666666667
921, 418.1571249139014, 15.052247999999993, 2.0533333333333332, 1.2533333333333334, 120.2
922, 417.89070540091564, 15.120522666666671, 2.1066666666666665, 1.56, 119.08
923, 417.62428588793, 14.866653333333339, 2.0, 1.4666666666666666, 117.61333333333333
924, 417.35786637494425, 14.188230666666671, 1.2933333333333332, 0.9866666666666667, 115.98666666666666
925, 417.0914468619586, 14.363325333333329, 1.8133333333333332, 1.16, 115.26666666666667
926, 416.82502734897287, 14.804370666666667, 2.2933333333333334, 1.5866666666666667, 115.68
927, 416.5586078359872, 14.414702666666669, 2.3066666666666666, 1.32, 113.6
928, 416.2921883230015, 13.569845333333332, 1.4133333333333333, 0.68, 111.82666666666667
929, 416.0257688100158, 13.988984000000004, 2.16, 1.12, 111.28
930, 415.7593492970301, 13.456434666666668, 1.6533333333333333, 0.7866666666666666, 109.65333333333334
931, 415.4929297840444, 14.293301333333329, 2.5866666666666664, 1.7733333333333334, 109.46666666666667
932, 415.2265102710587, 13.666854666666671, 2.12, 1.2933333333333332, 107.66666666666667
933, 414.96009075807297, 12.807298666666664, 1.5466666666666666, 0.6, 105.2
