Extraction [ img/s4/seq3/2.jpg ] effectuee 2026-05-28 17:14:47.272629
Calibration: -0.2664195129856975*x + 663.5294963737288 [largueur 2619 + 934]

pixel, longueur d'onde, intensite, r, g, b
0, 663.5294963737288, 92.20061139240511, 184.26582278481013, 45.835443037974684, 89.63291139240506
1, 663.263076860743, 92.43886962025314, 185.60759493670886, 45.34177215189873, 90.74683544303798
2, 662.9966573477574, 92.27432911392401, 185.44303797468353, 45.177215189873415, 90.58227848101266
3, 662.7302378347716, 92.39910126582275, 186.32911392405063, 44.74683544303797, 91.56962025316456
4, 662.463818321786, 92.90639367088606, 186.9493670886076, 45.177215189873415, 92.17721518987342
5, 662.1973988088002, 93.4365670886076, 189.26582278481013, 44.63291139240506, 93.55696202531645
6, 661.9309792958146, 92.58221265822782, 188.50632911392404, 43.721518987341774, 92.74683544303798
7, 661.6645597828289, 92.7713848101266, 189.18987341772151, 43.59493670886076, 93.26582278481013
8, 661.3981402698432, 92.51824556962026, 188.9367088607595, 43.34177215189873, 93.0126582278481
9, 661.1317207568575, 93.377653164557, 190.68354430379748, 43.65822784810127, 94.34177215189874
10, 660.8653012438718, 92.64354936708861, 189.9493670886076, 42.924050632911396, 93.60759493670886
11, 660.5988817308861, 93.13159746835447, 191.873417721519, 42.55696202531646, 94.73417721518987
12, 660.3324622179003, 93.3747506329114, 192.1139240506329, 42.78481012658228, 95.0632911392405
13, 660.0660427049147, 93.87147594936711, 193.84810126582278, 42.53164556962025, 96.17721518987342
14, 659.799623191929, 94.25929746835443, 194.2405063291139, 42.91139240506329, 96.59493670886076
15, 659.5332036789433, 94.5762075949367, 195.8987341772152, 42.32911392405063, 98.0253164556962
16, 659.2667841659576, 94.34740632911391, 195.68354430379748, 42.075949367088604, 97.88607594936708
17, 659.0003646529719, 95.20986962025319, 197.126582278481, 42.48101265822785, 99.58227848101266
18, 658.7339451399862, 95.14947088607592, 197.0632911392405, 42.41772151898734, 99.54430379746836
19, 658.4675256270006, 96.09759620253162, 198.72151898734177, 42.9746835443038, 100.64556962025317
20, 658.2011061140148, 95.80673924050632, 198.55696202531647, 42.59493670886076, 100.48101265822785
21, 657.9346866010292, 96.86862784810131, 201.18987341772151, 42.46835443037975, 103.54430379746836
22, 657.6682670880434, 96.73287215189875, 201.27848101265823, 42.177215189873415, 103.62025316455696
23, 657.4018475750577, 97.61031772151901, 202.77215189873417, 42.65822784810127, 104.92405063291139
24, 657.135428062072, 97.4296101265823, 202.63291139240508, 42.45569620253165, 104.74683544303798
25, 656.8690085490863, 97.99689240506332, 204.36708860759492, 42.278481012658226, 106.0886075949367
26, 656.6025890361007, 98.25003164556963, 204.62025316455697, 42.53164556962025, 106.34177215189874
27, 656.3361695231149, 98.14105189873423, 205.55696202531647, 41.721518987341774, 107.10126582278481
28, 656.0697500101293, 98.55522151898732, 206.0126582278481, 42.11392405063291, 107.51898734177215
29, 655.8033304971435, 99.31099113924053, 207.68354430379748, 42.25316455696203, 109.0506329113924
30, 655.5369109841579, 99.218882278481, 207.63291139240508, 42.139240506329116, 108.9620253164557
31, 655.2704914711721, 99.00276202531647, 208.70886075949366, 41.151898734177216, 109.32911392405063
32, 655.0040719581864, 99.72434556962025, 209.45569620253164, 41.860759493670884, 110.0506329113924
33, 654.7376524452008, 100.15862278481013, 210.35443037974684, 42.0126582278481, 110.72151898734177
34, 654.471232932215, 99.63604050632915, 209.84810126582278, 41.48101265822785, 110.20253164556962
35, 654.2048134192294, 99.71695569620256, 210.31645569620252, 41.31645569620253, 110.53164556962025
36, 653.9383939062436, 99.85253544303798, 210.46835443037975, 41.44303797468354, 110.67088607594937
37, 653.671974393258, 99.84828987341774, 211.40506329113924, 40.936708860759495, 110.78481012658227
38, 653.4055548802722, 99.77262151898732, 211.37974683544303, 40.835443037974684, 110.70886075949367
39, 653.1391353672866, 99.8827949367089, 212.1772151898734, 40.59493670886076, 110.82278481012658
40, 652.8727158543008, 100.03467848101263, 212.32911392405063, 40.74683544303797, 110.9746835443038
41, 652.6062963413152, 100.42519367088606, 213.37974683544303, 40.74683544303797, 111.64556962025317
42, 652.3398768283295, 99.75437468354427, 212.70886075949366, 40.075949367088604, 110.9746835443038
43, 652.0734573153437, 100.3380455696202, 214.48101265822785, 40.0253164556962, 111.70886075949367
44, 651.8070378023581, 100.41398734177218, 214.55696202531647, 40.10126582278481, 111.78481012658227
45, 651.5406182893723, 100.83926455696202, 216.34177215189874, 39.848101265822784, 112.13924050632912
46, 651.2741987763867, 100.34564303797467, 215.84810126582278, 39.35443037974684, 111.64556962025317
47, 651.007779263401, 100.09978734177213, 216.55696202531647, 38.65822784810127, 111.21518987341773
48, 650.7413597504153, 100.36558354430379, 216.8227848101266, 38.924050632911396, 111.48101265822785
49, 650.4749402374296, 100.93035696202533, 218.45569620253164, 38.936708860759495, 112.0886075949367
50, 650.2085207244439, 100.46204936708861, 217.9873417721519, 38.46835443037975, 111.62025316455696
51, 649.9421012114582, 100.32487215189872, 218.1139240506329, 38.18987341772152, 111.51898734177215
52, 649.6756816984725, 99.50579873417722, 217.58227848101265, 37.21518987341772, 110.74683544303798
53, 649.4092621854868, 99.8454, 220.30379746835442, 36.164556962025316, 112.0
54, 649.142842672501, 99.36972278481011, 220.1139240506329, 35.54430379746835, 111.51898734177215
55, 648.8764231595154, 99.03623670886073, 220.54430379746836, 34.75949367088607, 111.50632911392405
56, 648.6100036465297, 99.03258987341775, 220.55696202531647, 34.74683544303797, 111.50632911392405
57, 648.343584133544, 99.0032987341772, 222.0759493670886, 33.734177215189874, 112.48101265822785
58, 648.0771646205583, 98.94331139240504, 222.20253164556962, 33.58227848101266, 112.40506329113924
59, 647.8107451075726, 98.99587594936708, 223.77215189873417, 32.75949367088607, 112.9873417721519
60, 647.5443255945869, 99.7502632911392, 224.70886075949366, 33.41772151898734, 113.75949367088607
61, 647.2779060816013, 99.24676329113922, 225.91139240506328, 31.974683544303797, 113.62025316455696
62, 647.0114865686155, 98.3366924050633, 225.22784810126583, 30.949367088607595, 112.70886075949367
63, 646.7450670556299, 98.6449582278481, 227.126582278481, 30.468354430379748, 112.9113924050633
64, 646.4786475426441, 99.01544303797473, 227.59493670886076, 30.78481012658228, 113.30379746835443
65, 646.2122280296584, 98.46898227848102, 228.27848101265823, 29.658227848101266, 112.51898734177215
66, 645.9458085166727, 98.59046202531647, 228.41772151898735, 29.772151898734176, 112.63291139240506
67, 645.679389003687, 98.97284683544306, 229.25316455696202, 29.936708860759495, 112.9493670886076
68, 645.4129694907014, 98.77441392405066, 229.15189873417722, 29.72151898734177, 112.58227848101266
69, 645.1465499777156, 98.4227088607595, 230.0, 28.924050632911392, 111.37974683544304
70, 644.88013046473, 98.40691518987343, 230.08860759493672, 28.89873417721519, 111.13924050632912
71, 644.6137109517442, 98.90458101265823, 230.8987341772152, 29.329113924050635, 111.16455696202532
72, 644.3472914387586, 98.93966582278485, 230.9367088607595, 29.367088607594937, 111.17721518987342
73, 644.0808719257728, 99.11917594936709, 231.91139240506328, 29.240506329113924, 110.84810126582279
74, 643.8144524127872, 99.14113670886076, 231.9240506329114, 29.29113924050633, 110.74683544303798
75, 643.5480328998015, 100.31542405063291, 233.73417721518987, 30.379746835443036, 110.69620253164557
76, 643.2816133868157, 100.33114556962028, 233.73417721518987, 30.455696202531644, 110.44303797468355
77, 643.0151938738301, 100.75159113924052, 234.59493670886076, 30.88607594936709, 109.65822784810126
78, 642.7487743608443, 100.7869911392405, 234.64556962025316, 30.974683544303797, 109.37974683544304
79, 642.4823548478587, 100.94719873417722, 235.35443037974684, 31.075949367088608, 108.40506329113924
80, 642.2159353348729, 101.61887848101266, 236.0253164556962, 31.79746835443038, 108.82278481012658
81, 641.9495158218873, 102.70021518987339, 237.59493670886076, 32.835443037974684, 108.84810126582279
82, 641.6830963089016, 102.8577556962025, 237.7594936708861, 33.0126582278481, 108.88607594936708
83, 641.4166767959159, 103.64733164556961, 238.58227848101265, 33.924050632911396, 108.9620253164557
84, 641.1502572829302, 103.83124177215188, 238.84810126582278, 34.12658227848101, 108.83544303797468
85, 640.8838377699444, 104.34042784810124, 240.27848101265823, 34.43037974683544, 107.9873417721519
86, 640.6174182569588, 104.14215189873417, 240.126582278481, 34.265822784810126, 107.49367088607595
87, 640.350998743973, 104.92693164556962, 241.44303797468353, 34.87341772151899, 107.79746835443038
88, 640.0845792309874, 105.14516455696203, 241.64556962025316, 35.151898734177216, 107.74683544303798
89, 639.8181597180017, 105.96518860759492, 242.67088607594937, 36.075949367088604, 107.49367088607595
90, 639.551740205016, 106.1386455696203, 242.91139240506328, 36.278481012658226, 107.34177215189874
91, 639.2853206920303, 107.20625569620253, 245.0379746835443, 36.9873417721519, 107.48101265822785
92, 639.0189011790446, 106.64400759493672, 244.48101265822785, 36.45569620253165, 106.74683544303798
93, 638.7524816660589, 107.10677088607595, 245.58227848101265, 36.75949367088607, 106.35443037974683
94, 638.4860621530732, 106.7212898734177, 245.20253164556962, 36.379746835443036, 105.92405063291139
95, 638.2196426400875, 106.51181518987339, 246.40506329113924, 35.59493670886076, 104.9746835443038
96, 637.9532231271018, 106.82085063291134, 246.68354430379748, 35.9746835443038, 105.0
97, 637.6868036141161, 107.47451898734177, 248.1012658227848, 36.34177215189873, 105.12658227848101
98, 637.4203841011304, 107.70856835443035, 248.36708860759492, 36.607594936708864, 105.11392405063292
99, 637.1539645881447, 107.82142025316459, 249.34177215189874, 36.379746835443036, 104.72151898734177
100, 636.887545075159, 108.6112278481013, 250.25316455696202, 37.18987341772152, 105.0886075949367
101, 636.6211255621733, 108.91948101265827, 252.40506329113924, 36.67088607594937, 104.82278481012658
102, 636.3547060491876, 109.41546582278482, 253.0632911392405, 37.12658227848101, 105.10126582278481
103, 636.088286536202, 109.95583924050635, 253.7594936708861, 37.65822784810127, 105.27848101265823
104, 635.8218670232162, 110.08874556962031, 253.68354430379748, 37.89873417721519, 105.40506329113924
105, 635.5554475102306, 109.90637215189874, 254.25316455696202, 37.44303797468354, 104.65822784810126
106, 635.2890279972448, 110.12518607594934, 254.34177215189874, 37.721518987341774, 104.9113924050633
107, 635.0226084842591, 110.10449999999997, 254.74683544303798, 37.53164556962025, 104.64556962025317
108, 634.7561889712734, 109.64356962025313, 254.68354430379748, 36.91139240506329, 103.9620253164557
109, 634.4897694582877, 110.08172784810127, 254.873417721519, 37.53164556962025, 104.11392405063292
110, 634.2233499453021, 109.7092, 254.70886075949366, 37.10126582278481, 103.49367088607595
111, 633.9569304323163, 110.1049063291139, 254.86075949367088, 37.75949367088607, 103.17721518987342
112, 633.6905109193307, 109.91714303797463, 254.8987341772152, 37.50632911392405, 102.73417721518987
113, 633.4240914063449, 110.02634177215188, 254.81012658227849, 37.848101265822784, 102.16455696202532
114, 633.1576718933593, 110.35083797468353, 254.78481012658227, 38.36708860759494, 102.40506329113924
115, 632.8912523803735, 110.75284050632912, 254.8860759493671, 39.0126582278481, 102.34177215189874
116, 632.6248328673878, 110.52956708860762, 254.83544303797467, 38.822784810126585, 101.49367088607595
117, 632.3584133544022, 110.89775443037976, 254.86075949367088, 39.49367088607595, 101.20253164556962
118, 632.0919938414164, 111.01071645569621, 254.86075949367088, 39.77215189873418, 100.75949367088607
119, 631.8255743284308, 111.01248101265824, 254.9367088607595, 39.89873417721519, 99.92405063291139
120, 631.559154815445, 111.36385569620249, 254.9873417721519, 40.49367088607595, 99.81012658227849
121, 631.2927353024594, 111.63701645569616, 254.8987341772152, 41.22784810126582, 98.65822784810126
122, 631.0263157894736, 112.17267088607589, 254.9367088607595, 42.18987341772152, 98.30379746835443
123, 630.759896276488, 112.68759746835443, 254.91139240506328, 43.21518987341772, 97.60759493670886
124, 630.4934767635023, 113.03184177215192, 255.0, 43.91139240506329, 96.81012658227849
125, 630.2270572505166, 113.56159240506335, 254.9620253164557, 45.0126582278481, 95.88607594936708
126, 629.9606377375309, 113.58881139240512, 254.9240506329114, 45.32911392405063, 94.59493670886076
127, 629.6942182245452, 114.05674303797467, 254.9746835443038, 46.32911392405063, 93.41772151898734
128, 629.4277987115595, 114.18094556962023, 254.9746835443038, 46.75949367088607, 92.29113924050633
129, 629.1613791985737, 114.65482151898732, 254.9493670886076, 47.74683544303797, 91.43037974683544
130, 628.8949596855881, 114.80326202531641, 254.9746835443038, 48.139240506329116, 90.64556962025317
131, 628.6285401726024, 115.05732151898734, 254.8860759493671, 48.68354430379747, 90.30379746835443
132, 628.3621206596167, 115.60811012658229, 254.9746835443038, 49.64556962025316, 89.9493670886076
133, 628.095701146631, 116.08988227848097, 254.84810126582278, 50.67088607594937, 89.22784810126582
134, 627.8292816336453, 116.33649746835438, 254.8987341772152, 51.21518987341772, 88.45569620253164
135, 627.5628621206596, 117.00209999999996, 254.9493670886076, 52.46835443037975, 87.70886075949367
136, 627.296442607674, 117.33645696202527, 254.9240506329114, 53.22784810126582, 86.79746835443038
137, 627.0300230946882, 118.36436329113924, 254.9746835443038, 54.91139240506329, 87.0126582278481
138, 626.7636035817025, 118.98288481012656, 254.9493670886076, 56.08860759493671, 86.44303797468355
139, 626.4971840687168, 119.5589126582278, 254.9240506329114, 57.22784810126582, 85.69620253164557
140, 626.2307645557311, 119.900164556962, 254.9367088607595, 57.81012658227848, 85.65822784810126
141, 625.9643450427454, 120.72620632911384, 254.8987341772152, 59.278481012658226, 85.44303797468355
142, 625.6979255297597, 121.14599113924045, 254.8987341772152, 59.949367088607595, 85.67088607594937
143, 625.431506016774, 121.68404936708868, 254.9493670886076, 61.0, 84.84810126582279
144, 625.1650865037883, 121.35638227848101, 254.78481012658227, 60.74683544303797, 83.70886075949367
145, 624.8986669908027, 121.6060417721519, 254.8987341772152, 61.29113924050633, 82.79746835443038
146, 624.6322474778169, 121.61207721518986, 254.9240506329114, 61.45569620253165, 81.9367088607595
147, 624.3658279648313, 122.0503392405063, 254.9620253164557, 62.29113924050633, 81.37974683544304
148, 624.0994084518455, 122.4336810126583, 254.9620253164557, 63.0253164556962, 80.9620253164557
149, 623.8329889388598, 122.65078354430383, 254.9493670886076, 63.45569620253165, 80.68354430379746
150, 623.5665694258741, 122.54076075949368, 254.9240506329114, 63.45569620253165, 79.78481012658227
151, 623.3001499128884, 123.05780759493669, 254.9620253164557, 64.34177215189874, 79.65822784810126
152, 623.0337303999028, 123.23313544303792, 254.9746835443038, 64.67088607594937, 79.46835443037975
153, 622.767310886917, 124.1799316455695, 254.9873417721519, 66.24050632911393, 79.65822784810126
154, 622.5008913739314, 124.29852911392392, 254.9620253164557, 66.53164556962025, 79.26582278481013
155, 622.2344718609456, 124.81181772151905, 254.86075949367088, 67.60759493670886, 78.49367088607595
156, 621.96805234796, 125.23987341772153, 254.9367088607595, 68.27848101265823, 78.59493670886076
157, 621.7016328349742, 126.2730481012658, 254.9620253164557, 70.0379746835443, 78.53164556962025
158, 621.4352133219886, 126.45953164556957, 254.9367088607595, 70.41772151898734, 78.27848101265823
159, 621.1687938090029, 127.42957974683546, 254.9620253164557, 72.11392405063292, 77.9873417721519
160, 620.9023742960171, 127.64826202531643, 254.9746835443038, 72.53164556962025, 77.72151898734177
161, 620.6359547830315, 128.46938734177215, 254.9873417721519, 73.92405063291139, 77.72151898734177
162, 620.3695352700457, 128.27532531645573, 254.84810126582278, 73.78481012658227, 77.10126582278481
163, 620.1031157570601, 129.12812025316458, 255.0, 75.10126582278481, 77.40506329113924
164, 619.8366962440743, 129.31583164556972, 254.9746835443038, 75.46835443037975, 77.22784810126582
165, 619.5702767310887, 129.7599443037975, 254.9873417721519, 76.32911392405063, 76.65822784810126
166, 619.303857218103, 130.10626455696215, 254.9493670886076, 76.9113924050633, 76.79746835443038
167, 619.0374377051173, 130.6985696202533, 254.9367088607595, 77.9367088607595, 76.74683544303798
168, 618.7710181921316, 130.91596075949383, 254.9493670886076, 78.27848101265823, 76.86075949367088
169, 618.5045986791458, 131.63854430379746, 254.9367088607595, 79.58227848101266, 76.51898734177215
170, 618.2381791661602, 132.01622405063287, 254.9746835443038, 80.16455696202532, 76.73417721518987
171, 617.9717596531744, 132.91664810126596, 254.91139240506328, 81.78481012658227, 76.45569620253164
172, 617.7053401401888, 133.2716481012659, 254.91139240506328, 82.37974683544304, 76.50632911392405
173, 617.4389206272031, 134.43433544303792, 255.0, 84.27848101265823, 76.69620253164557
174, 617.1725011142174, 134.81739873417717, 255.0, 84.9113924050633, 76.79746835443038
175, 616.9060816012317, 135.57042784810128, 254.9620253164557, 86.32911392405063, 76.20253164556962
176, 616.639662088246, 135.81094936708865, 254.9367088607595, 86.74683544303798, 76.22784810126582
177, 616.3732425752603, 136.75332278481008, 255.0, 88.35443037974683, 76.0506329113924
178, 616.1068230622747, 136.7318126582278, 254.91139240506328, 88.39240506329114, 75.89873417721519
179, 615.8404035492889, 137.57464177215184, 254.9746835443038, 89.74683544303798, 76.15189873417721
180, 615.5739840363033, 137.87014683544294, 254.9873417721519, 90.35443037974683, 75.58227848101266
181, 615.3075645233175, 138.97594556962017, 254.9746835443038, 92.21518987341773, 75.73417721518987
182, 615.0411450103318, 139.49828101265817, 254.91139240506328, 93.24050632911393, 75.20253164556962
183, 614.7747254973461, 140.61545189873414, 254.9746835443038, 95.11392405063292, 75.18987341772151
184, 614.5083059843604, 141.14451518987337, 254.9746835443038, 96.10126582278481, 74.74683544303798
185, 614.2418864713748, 142.27925949367088, 255.0, 98.0632911392405, 74.53164556962025
186, 613.975466958389, 143.16860632911389, 254.9493670886076, 99.65822784810126, 74.25316455696202
187, 613.7090474454034, 144.61239873417713, 255.0, 102.0379746835443, 74.53164556962025
188, 613.4426279324176, 145.53946455696197, 254.9746835443038, 103.70886075949367, 74.12658227848101
189, 613.176208419432, 146.98028607594938, 254.9873417721519, 105.9873417721519, 75.0
190, 612.9097889064462, 148.01658860759505, 255.0, 107.89873417721519, 74.21518987341773
191, 612.6433693934605, 149.4437037974684, 254.9873417721519, 110.24050632911393, 74.70886075949367
192, 612.3769498804749, 150.57047721518992, 254.9746835443038, 112.31645569620254, 73.9367088607595
193, 612.1105303674891, 151.70036202531656, 254.9873417721519, 114.21518987341773, 74.0379746835443
194, 611.8441108545035, 152.44414556962033, 255.0, 115.55696202531645, 73.62025316455696
195, 611.5776913415177, 153.29412151898728, 254.9873417721519, 117.13924050632912, 72.9620253164557
196, 611.3112718285321, 154.18137468354436, 254.9873417721519, 118.56962025316456, 73.37974683544304
197, 611.0448523155463, 155.12653924050633, 254.9873417721519, 120.26582278481013, 72.9367088607595
198, 610.7784328025607, 155.04567088607595, 254.9367088607595, 120.30379746835443, 72.16455696202532
199, 610.512013289575, 156.16363924050643, 255.0, 122.13924050632912, 72.35443037974683
200, 610.2455937765892, 156.82141139240503, 255.0, 123.22784810126582, 72.51898734177215
201, 609.9791742636036, 157.37327468354425, 254.9746835443038, 124.30379746835443, 71.88607594936708
202, 609.7127547506178, 158.04033544303792, 255.0, 125.49367088607595, 71.54430379746836
203, 609.4463352376322, 158.3993443037974, 254.91139240506328, 126.35443037974683, 70.49367088607595
204, 609.1799157246464, 158.57762151898726, 254.9240506329114, 126.77215189873418, 69.87341772151899
205, 608.9134962116608, 159.15869746835432, 254.9240506329114, 127.84810126582279, 69.43037974683544
206, 608.647076698675, 159.19026202531631, 254.9746835443038, 128.0506329113924, 68.53164556962025
207, 608.3806571856894, 159.97416202531642, 254.9620253164557, 129.48101265822785, 68.07594936708861
208, 608.1142376727037, 159.95876708860757, 254.9873417721519, 129.65822784810126, 66.9620253164557
209, 607.847818159718, 160.5924012658228, 254.9746835443038, 130.8227848101266, 66.55696202531645
210, 607.5813986467323, 160.97330253164563, 254.9493670886076, 131.51898734177215, 66.37974683544304
211, 607.3149791337466, 161.0693987341773, 254.873417721519, 131.8860759493671, 65.53164556962025
212, 607.0485596207609, 161.42998860759488, 254.9240506329114, 132.68354430379748, 64.45569620253164
213, 606.7821401077751, 162.76698481012662, 254.9620253164557, 134.86075949367088, 64.87341772151899
214, 606.5157205947895, 163.7172974683545, 255.0, 136.53164556962025, 64.50632911392405
215, 606.2493010818038, 164.82276582278482, 255.0, 138.40506329113924, 64.55696202531645
216, 605.9828815688181, 165.56425063291138, 254.9620253164557, 139.8227848101266, 63.860759493670884
217, 605.7164620558324, 166.79238860759492, 254.9746835443038, 141.8987341772152, 63.91139240506329
218, 605.4500425428467, 168.68612278481018, 254.9746835443038, 145.15189873417722, 63.77215189873418
219, 605.183623029861, 170.46567721518986, 255.0, 147.9493670886076, 64.9113924050633
220, 604.9172035168754, 172.0060379746835, 254.9367088607595, 150.79746835443038, 63.924050632911396
221, 604.6507840038896, 173.48867721518988, 255.0, 153.20253164556962, 64.37974683544304
222, 604.3843644909039, 174.4236303797468, 254.9620253164557, 155.0506329113924, 63.164556962025316
223, 604.1179449779182, 175.60710759493674, 255.0, 157.0253164556962, 63.278481012658226
224, 603.8515254649325, 176.20905822784815, 254.9873417721519, 158.27848101265823, 62.139240506329116
225, 603.5851059519468, 176.96038734177213, 254.9873417721519, 159.60759493670886, 61.88607594936709
226, 603.3186864389611, 177.1237088607595, 254.9367088607595, 160.08860759493672, 60.9746835443038
227, 603.0522669259755, 177.4606734177215, 254.91139240506328, 160.74683544303798, 60.607594936708864
228, 602.7858474129897, 177.63544050632916, 254.9620253164557, 161.13924050632912, 59.9873417721519
229, 602.5194279000041, 178.3615139240506, 254.9873417721519, 162.40506329113924, 59.77215189873418
230, 602.2530083870183, 178.43303670886075, 254.9493670886076, 162.69620253164558, 59.0
231, 601.9865888740327, 178.83767215189863, 254.9240506329114, 163.43037974683546, 58.835443037974684
232, 601.7201693610469, 179.04364050632915, 254.9873417721519, 163.8227848101266, 58.45569620253165
233, 601.4537498480612, 179.85222405063288, 254.9746835443038, 165.1772151898734, 58.607594936708864
234, 601.1873303350756, 180.1150215189873, 254.9746835443038, 165.69620253164558, 58.24050632911393
235, 600.9209108220898, 180.5544531645569, 254.9620253164557, 166.55696202531647, 57.69620253164557
236, 600.6544913091042, 180.90674556962026, 254.9493670886076, 167.21518987341773, 57.43037974683544
237, 600.3880717961184, 181.96547974683546, 254.9493670886076, 168.8860759493671, 58.11392405063291
238, 600.1216522831328, 182.29861898734168, 254.9493670886076, 169.46835443037975, 58.037974683544306
239, 599.855232770147, 183.20594430379745, 254.9873417721519, 170.9873417721519, 58.075949367088604
240, 599.5888132571614, 183.4838329113924, 254.9620253164557, 171.48101265822785, 58.037974683544306
241, 599.3223937441757, 184.60089746835445, 254.9493670886076, 173.2405063291139, 58.81012658227848
242, 599.05597423119, 184.7435392405063, 254.9873417721519, 173.49367088607596, 58.65822784810127
243, 598.7895547182043, 185.48009620253163, 254.9873417721519, 174.63291139240508, 59.25316455696203
244, 598.5231352052185, 185.93734810126577, 255.0, 175.41772151898735, 59.18987341772152
245, 598.2567156922329, 186.57091898734188, 254.9873417721519, 176.49367088607596, 59.24050632911393
246, 597.9902961792471, 187.20553924050634, 254.9873417721519, 177.49367088607596, 59.65822784810127
247, 597.7238766662615, 187.30584430379744, 254.9746835443038, 177.7594936708861, 59.20253164556962
248, 597.4574571532758, 188.08060253164558, 254.9873417721519, 178.8860759493671, 60.164556962025316
249, 597.1910376402901, 188.65358101265826, 254.9493670886076, 179.8987341772152, 60.075949367088604
250, 596.9246181273044, 188.7775569620253, 254.9367088607595, 180.1139240506329, 60.08860759493671
251, 596.6581986143187, 189.5043493670886, 254.9873417721519, 181.31645569620252, 60.139240506329116
252, 596.391779101333, 190.17050126582276, 254.9873417721519, 182.30379746835442, 60.89873417721519
253, 596.1253595883472, 190.9162886075949, 254.9620253164557, 183.58227848101265, 60.924050632911396
254, 595.8589400753616, 191.08373417721518, 254.9367088607595, 183.86075949367088, 61.0253164556962
255, 595.5925205623759, 192.1856658227848, 254.9873417721519, 185.56962025316454, 61.75949367088607
256, 595.3261010493902, 192.29690632911388, 254.9873417721519, 185.74683544303798, 61.822784810126585
257, 595.0596815364045, 193.1533253164557, 254.9746835443038, 187.1139240506329, 62.32911392405063
258, 594.7932620234188, 193.37317215189876, 254.9873417721519, 187.43037974683546, 62.59493670886076
259, 594.5268425104331, 194.06165189873414, 255.0, 188.40506329113924, 63.58227848101266
260, 594.2604229974474, 194.3434392405063, 254.9746835443038, 188.873417721519, 63.70886075949367
261, 593.9940034844617, 194.95969367088608, 254.9620253164557, 189.9493670886076, 63.607594936708864
262, 593.7275839714761, 195.34599493670885, 254.9873417721519, 190.58227848101265, 63.67088607594937
263, 593.4611644584903, 195.47889240506322, 255.0, 190.9620253164557, 62.848101265822784
264, 593.1947449455047, 195.8683734177215, 255.0, 191.63291139240508, 62.81012658227848
265, 592.9283254325189, 196.2826278481013, 254.9873417721519, 192.45569620253164, 62.24050632911393
266, 592.6619059195332, 196.4197544303797, 254.9873417721519, 192.79746835443038, 61.68354430379747
267, 592.3954864065475, 196.9592493670886, 254.9746835443038, 193.77215189873417, 61.43037974683544
268, 592.1290668935618, 197.143429113924, 254.9493670886076, 194.1012658227848, 61.41772151898734
269, 591.8626473805762, 197.53954303797462, 254.9493670886076, 194.8227848101266, 61.177215189873415
270, 591.5962278675904, 197.1409848101266, 254.9620253164557, 194.32911392405063, 60.18987341772152
271, 591.3298083546048, 198.17741772151894, 254.9367088607595, 196.15189873417722, 59.962025316455694
272, 591.063388841619, 198.16931645569608, 254.9367088607595, 196.35443037974684, 58.848101265822784
273, 590.7969693286334, 198.44360632911395, 254.9493670886076, 196.9873417721519, 57.962025316455694
274, 590.5305498156476, 198.81920886075946, 255.0, 197.73417721518987, 57.278481012658226
275, 590.2641303026619, 198.95940000000004, 254.9873417721519, 198.13924050632912, 56.45569620253165
276, 589.9977107896763, 199.06699493670888, 254.9873417721519, 198.69620253164558, 54.53164556962025
277, 589.7312912766905, 199.765146835443, 254.9873417721519, 200.0379746835443, 53.74683544303797
278, 589.4648717637049, 199.73318607594933, 254.9746835443038, 200.41772151898735, 51.54430379746835
279, 589.1984522507191, 199.99752658227848, 254.9873417721519, 200.9746835443038, 50.962025316455694
280, 588.9320327377335, 199.8303594936709, 254.8860759493671, 201.2405063291139, 48.392405063291136
281, 588.6656132247477, 200.65665443037977, 254.9746835443038, 202.62025316455697, 48.30379746835443
282, 588.3991937117621, 200.78917468354433, 254.9620253164557, 203.25316455696202, 46.24050632911393
283, 588.1327741987764, 201.2673012658229, 254.9620253164557, 204.21518987341773, 45.48101265822785
284, 587.8663546857906, 201.34684810126583, 254.9367088607595, 204.67088607594937, 43.89873417721519
285, 587.599935172805, 202.3208582278482, 254.9620253164557, 206.43037974683546, 43.31645569620253
286, 587.3335156598193, 202.10833670886078, 254.86075949367088, 206.40506329113924, 41.848101265822784
287, 587.0670961468336, 202.91431392405053, 254.9620253164557, 207.81012658227849, 41.41772151898734
288, 586.8006766338478, 202.65165949367085, 254.9240506329114, 207.79746835443038, 39.278481012658226
289, 586.5342571208622, 203.46227468354422, 254.9746835443038, 209.1772151898734, 39.151898734177216
290, 586.2678376078765, 203.5973607594937, 255.0, 209.63291139240508, 37.924050632911396
291, 586.0014180948908, 203.95660126582283, 255.0, 210.39240506329114, 37.164556962025316
292, 585.7349985819051, 203.57803544303806, 254.9620253164557, 210.0126582278481, 35.89873417721519
293, 585.4685790689194, 204.39623797468354, 254.9620253164557, 211.45569620253164, 35.64556962025316
294, 585.2021595559337, 204.38200759493662, 254.9873417721519, 211.53164556962025, 35.063291139240505
295, 584.935740042948, 204.527146835443, 254.9873417721519, 211.83544303797467, 34.77215189873418
296, 584.6693205299623, 204.63304556962024, 254.9873417721519, 212.0379746835443, 34.65822784810127
297, 584.4029010169766, 205.43740000000008, 254.9873417721519, 213.43037974683546, 34.54430379746835
298, 584.1364815039909, 205.2184772151898, 254.9746835443038, 213.25316455696202, 33.56962025316456
299, 583.8700619910052, 205.79660379746838, 254.9746835443038, 214.2405063291139, 33.55696202531646
300, 583.6036424780195, 205.92008227848103, 255.0, 214.60759493670886, 32.68354430379747
301, 583.3372229650338, 206.3177594936709, 254.9367088607595, 215.43037974683546, 32.10126582278481
302, 583.0708034520482, 206.2946822784809, 254.9493670886076, 215.63291139240508, 30.82278481012658
303, 582.8043839390624, 206.7835556962025, 254.9493670886076, 216.63291139240508, 29.962025316455698
304, 582.5379644260768, 206.94962151898739, 254.9240506329114, 217.0, 29.59493670886076
305, 582.271544913091, 207.32783670886073, 254.9240506329114, 217.77215189873417, 28.936708860759495
306, 582.0051254001053, 207.42086329113926, 254.91139240506328, 217.9493670886076, 28.873417721518987
307, 581.7387058871196, 207.9211974683543, 254.9873417721519, 218.79746835443038, 28.696202531645568
308, 581.4722863741339, 207.9130329113924, 254.9873417721519, 218.91139240506328, 28.037974683544302
309, 581.2058668611483, 208.31740126582284, 254.9746835443038, 219.74683544303798, 27.31645569620253
310, 580.9394473481625, 208.4304113924051, 255.0, 220.1772151898734, 26.025316455696203
311, 580.6730278351769, 209.07381645569626, 255.0, 221.35443037974684, 25.60759493670886
312, 580.4066083221911, 209.0679088607596, 254.9620253164557, 221.7594936708861, 23.569620253164558
313, 580.1401888092055, 209.19133417721517, 254.8860759493671, 222.29113924050634, 22.11392405063291
314, 579.8737692962197, 209.5135189873417, 254.9367088607595, 223.29113924050634, 19.658227848101266
315, 579.6073497832341, 209.99424936708863, 254.9746835443038, 224.41772151898735, 17.974683544303797
316, 579.3409302702484, 210.0385924050633, 254.9620253164557, 225.126582278481, 14.746835443037975
317, 579.0745107572627, 210.40746329113918, 254.9873417721519, 226.1772151898734, 12.50632911392405
318, 578.808091244277, 210.78708607594933, 254.9620253164557, 227.39240506329114, 9.645569620253164
319, 578.5416717312912, 211.94777974683552, 254.9873417721519, 229.60759493670886, 8.354430379746836
320, 578.2752522183056, 212.04441898734177, 254.54430379746836, 230.51898734177215, 5.670886075949367
321, 578.0088327053198, 212.348388607595, 253.0759493670886, 232.1139240506329, 3.9746835443037973
322, 577.7424131923342, 212.28826835443033, 251.49367088607596, 233.13924050632912, 2.3164556962025316
323, 577.4759936793484, 213.12017468354435, 250.78481012658227, 234.9493670886076, 2.151898734177215
324, 577.2095741663628, 213.8604316455696, 249.35443037974684, 236.9240506329114, 2.2278481012658227
325, 576.9431546533771, 214.11501898734184, 246.64556962025316, 238.83544303797467, 1.7215189873417722
326, 576.6767351403914, 214.03396455696208, 243.51898734177215, 240.31645569620252, 1.5822784810126582
327, 576.4103156274057, 214.52762151898736, 242.8987341772152, 241.46835443037975, 1.6075949367088607
328, 576.1438961144199, 214.5154518987341, 240.41772151898735, 242.69620253164558, 1.6835443037974684
329, 575.8774766014343, 215.89111265822788, 239.126582278481, 245.64556962025316, 1.9493670886075949
330, 575.6110570884485, 216.3155810126582, 236.9746835443038, 247.41772151898735, 2.189873417721519
331, 575.3446375754629, 217.56411645569625, 235.16455696202533, 250.31645569620252, 2.962025316455696
332, 575.0782180624772, 217.1494620253164, 232.08860759493672, 251.31645569620252, 2.240506329113924
333, 574.8117985494915, 217.2878746835443, 229.73417721518987, 252.81012658227849, 1.9367088607594938
334, 574.5453790365058, 216.69638860759486, 226.36708860759492, 253.62025316455697, 1.4050632911392404
335, 574.2789595235201, 216.1204253164556, 223.59493670886076, 254.0506329113924, 1.4050632911392404
336, 574.0125400105344, 215.41024683544305, 220.18987341772151, 254.65822784810126, 0.9746835443037974
337, 573.7461204975486, 214.91315189873416, 218.35443037974684, 254.63291139240508, 1.5569620253164558
338, 573.479700984563, 213.80048734177214, 214.74683544303798, 254.73417721518987, 0.7341772151898734
339, 573.2132814715774, 213.53498481012653, 213.56962025316454, 254.72151898734177, 1.5569620253164558
340, 572.9468619585916, 212.40757721518986, 210.1772151898734, 254.67088607594937, 0.8227848101265823
341, 572.6804424456059, 211.66603797468352, 208.1012658227848, 254.34177215189874, 1.4556962025316456
342, 572.4140229326202, 210.5378696202531, 204.72151898734177, 254.27848101265823, 0.7468354430379747
343, 572.1476034196345, 210.37502278481014, 203.0632911392405, 254.67088607594937, 1.6455696202531647
344, 571.8811839066489, 209.37399113924053, 199.83544303797467, 254.74683544303798, 0.9367088607594937
345, 571.6147643936631, 208.59087088607606, 197.2405063291139, 254.64556962025316, 1.3924050632911393
346, 571.3483448806775, 207.7283075949367, 194.39240506329114, 254.74683544303798, 0.7721518987341772
347, 571.0819253676917, 207.3539594936709, 192.9367088607595, 254.67088607594937, 1.6962025316455696
348, 570.8155058547061, 206.07997215189877, 189.26582278481013, 254.54430379746836, 0.7974683544303798
349, 570.5490863417203, 205.5545392405064, 187.26582278481013, 254.55696202531647, 1.3670886075949367
350, 570.2826668287346, 204.7106746835443, 184.13924050632912, 254.79746835443038, 0.9240506329113924
351, 570.016247315749, 203.62264936708863, 180.84810126582278, 254.51898734177215, 1.4430379746835442
352, 569.7498278027632, 202.44025949367088, 177.0253164556962, 254.55696202531647, 0.8987341772151899
353, 569.4834082897776, 201.72310379746835, 173.8987341772152, 254.69620253164558, 2.088607594936709
354, 569.2169887767918, 200.3723708860759, 169.58227848101265, 254.78481012658227, 1.1012658227848102
355, 568.9505692638062, 198.9275949367088, 165.9493670886076, 254.21518987341773, 0.8860759493670886
356, 568.6841497508204, 197.66414177215188, 161.1139240506329, 254.55696202531647, 0.7215189873417721
357, 568.4177302378348, 196.07730506329113, 155.43037974683546, 254.60759493670886, 1.4430379746835442
358, 568.151310724849, 194.07913544303793, 149.0253164556962, 254.60759493670886, 0.7088607594936709
359, 567.8848912118633, 192.18478987341777, 143.49367088607596, 254.1012658227848, 1.2025316455696202
360, 567.6184716988777, 190.2249746835444, 136.70886075949366, 254.29113924050634, 0.8227848101265823
361, 567.3520521858919, 187.87055822784814, 129.1012658227848, 254.13924050632912, 0.8987341772151899
362, 567.0856326729063, 185.5441886075949, 121.40506329113924, 254.13924050632912, 0.6708860759493671
363, 566.8192131599205, 183.85597468354433, 115.0632911392405, 254.36708860759492, 1.3164556962025316
364, 566.5527936469349, 181.78466455696207, 108.0379746835443, 254.51898734177215, 0.7848101265822784
365, 566.2863741339492, 180.05776075949368, 102.13924050632912, 254.44303797468353, 1.4936708860759493
366, 566.0199546209635, 177.02751772151896, 93.68354430379746, 253.81012658227849, 0.34177215189873417
367, 565.7535351079778, 175.49074177215195, 87.51898734177215, 254.22784810126583, 0.8734177215189873
368, 565.4871155949921, 173.0813873417722, 79.67088607594937, 254.13924050632912, 0.7721518987341772
369, 565.2206960820064, 170.4999037974684, 71.59493670886076, 253.873417721519, 0.6708860759493671
370, 564.9542765690207, 168.76908227848105, 64.87341772151899, 254.36708860759492, 0.569620253164557
371, 564.687857056035, 167.10857088607597, 59.607594936708864, 254.1139240506329, 1.1139240506329113
372, 564.4214375430493, 165.36154683544308, 53.51898734177215, 254.2405063291139, 1.1012658227848102
373, 564.1550180300636, 163.93787215189874, 48.11392405063291, 254.49367088607596, 1.481012658227848
374, 563.8885985170779, 161.72550506329108, 41.53164556962025, 254.1772151898734, 0.9620253164556962
375, 563.6221790040922, 160.22458227848105, 36.075949367088604, 254.34177215189874, 1.2531645569620253
376, 563.3557594911065, 158.27087974683545, 29.68354430379747, 254.44303797468353, 0.35443037974683544
377, 563.0893399781208, 156.35813670886074, 23.696202531645568, 254.0759493670886, 1.1645569620253164
378, 562.8229204651351, 154.67272911392402, 17.645569620253166, 254.44303797468353, 0.35443037974683544
379, 562.5565009521495, 153.56534303797469, 13.151898734177216, 254.64556962025316, 1.379746835443038
380, 562.2900814391637, 151.7302835443039, 8.050632911392405, 254.30379746835442, 0.4177215189873418
381, 562.023661926178, 151.02508860759488, 5.063291139240507, 254.48101265822785, 1.1518987341772151
382, 561.7572424131923, 150.32021898734178, 2.4936708860759493, 254.63291139240508, 0.9240506329113924
383, 561.4908229002066, 150.09522911392403, 1.5063291139240507, 254.68354430379748, 1.2784810126582278
384, 561.224403387221, 150.04970886075944, 1.139240506329114, 254.81012658227849, 1.1898734177215189
385, 560.9579838742352, 149.91623164556964, 0.8481012658227848, 254.70886075949366, 1.3037974683544304
386, 560.6915643612496, 149.8281405063292, 0.620253164556962, 254.72151898734177, 1.0632911392405062
387, 560.4251448482638, 150.2699050632912, 1.4556962025316456, 254.8987341772152, 1.8354430379746836
388, 560.1587253352782, 149.9923696202532, 1.1139240506329113, 254.68354430379748, 1.4050632911392404
389, 559.8923058222924, 150.14196962025326, 1.1898734177215189, 254.84810126582278, 1.6708860759493671
390, 559.6258863093067, 149.9809784810128, 0.7215189873417721, 254.8860759493671, 1.2911392405063291
391, 559.359466796321, 150.1411506329115, 1.1518987341772151, 254.873417721519, 1.6329113924050633
392, 559.0930472833353, 149.8575696202533, 0.759493670886076, 254.68354430379748, 1.1518987341772151
393, 558.8266277703497, 150.01188734177225, 0.8734177215189873, 254.79746835443038, 1.620253164556962
394, 558.5602082573639, 150.05198354430388, 0.9240506329113924, 254.8227848101266, 1.7088607594936709
395, 558.2937887443783, 150.03788354430387, 0.9113924050632911, 254.81012658227849, 1.6835443037974684
396, 558.0273692313925, 149.85025316455707, 0.6329113924050633, 254.69620253164558, 1.3544303797468353
397, 557.7609497184069, 150.0743329113925, 0.9746835443037974, 254.8227848101266, 1.7721518987341771
398, 557.4945302054211, 149.9497139240508, 0.7088607594936709, 254.79746835443038, 1.5063291139240507
399, 557.2281106924355, 150.05935569620266, 0.8734177215189873, 254.873417721519, 1.6455696202531647
400, 556.9616911794498, 149.89976962025327, 0.7848101265822784, 254.68354430379748, 1.4556962025316456
401, 556.6952716664641, 150.27274810126588, 1.379746835443038, 254.873417721519, 2.189873417721519
402, 556.4288521534784, 150.12275696202542, 1.0379746835443038, 254.86075949367088, 1.8354430379746836
403, 556.1624326404926, 150.12942658227857, 1.0506329113924051, 254.86075949367088, 1.860759493670886
404, 555.896013127507, 149.90850632911403, 0.759493670886076, 254.70886075949366, 1.4683544303797469
405, 555.6295936145212, 150.04164683544315, 1.0, 254.74683544303798, 1.8101265822784811
406, 555.3631741015356, 149.8680000000001, 0.6329113924050633, 254.72151898734177, 1.379746835443038
407, 555.0967545885499, 150.1418683544305, 1.0632911392405062, 254.86075949367088, 1.9367088607594938
408, 554.8303350755642, 149.98780126582295, 0.8481012658227848, 254.7594936708861, 1.6708860759493671
409, 554.5639155625785, 150.03417848101267, 0.8734177215189873, 254.83544303797467, 1.620253164556962
410, 554.2974960495928, 150.10370379746837, 1.0632911392405062, 254.8227848101266, 1.7974683544303798
411, 554.0310765366071, 150.0920227848101, 1.0379746835443038, 254.83544303797467, 1.6962025316455696
412, 553.7646570236213, 149.99689113924052, 0.9620253164556962, 254.73417721518987, 1.5822784810126582
413, 553.4982375106357, 150.01216075949375, 0.9240506329113924, 254.77215189873417, 1.620253164556962
414, 553.23181799765, 150.0429164556963, 0.9620253164556962, 254.81012658227849, 1.5949367088607596
415, 552.9653984846643, 150.18300000000008, 1.2658227848101267, 254.8227848101266, 1.9620253164556962
416, 552.6989789716786, 150.02784050632917, 0.9620253164556962, 254.77215189873417, 1.6582278481012658
417, 552.4325594586929, 149.9459898734179, 0.8607594936708861, 254.70886075949366, 1.5316455696202531
418, 552.1661399457072, 150.01732911392412, 0.8860759493670886, 254.81012658227849, 1.5696202531645569
419, 551.8997204327216, 150.2236405063292, 1.1898734177215189, 254.8987341772152, 2.1265822784810124
420, 551.6333009197358, 149.97596329113932, 0.8734177215189873, 254.72151898734177, 1.6962025316455696
421, 551.36688140675, 150.17917974683556, 1.240506329113924, 254.873417721519, 1.7341772151898733
422, 551.1004618937644, 149.8904303797469, 0.8860759493670886, 254.64556962025316, 1.3037974683544304
423, 550.8340423807788, 150.25757721518985, 1.3164556962025316, 254.9240506329114, 1.9620253164556962
424, 550.567622867793, 150.22303924050638, 1.379746835443038, 254.83544303797467, 1.9493670886075949
425, 550.3012033548073, 150.1595582278481, 1.1265822784810127, 254.873417721519, 1.860759493670886
426, 550.0347838418216, 149.87336329113933, 0.6708860759493671, 254.70886075949366, 1.3924050632911393
427, 549.7683643288359, 149.99911518987338, 0.8734177215189873, 254.81012658227849, 1.4430379746835442
428, 549.5019448158503, 149.96059873417715, 0.8481012658227848, 254.77215189873417, 1.3670886075949367
429, 549.2355253028645, 150.19579240506337, 1.1898734177215189, 254.873417721519, 2.0126582278481013
430, 548.9691057898789, 150.13952658227853, 0.9367088607594937, 254.91139240506328, 1.9873417721518987
431, 548.7026862768931, 150.397782278481, 1.2911392405063291, 254.873417721519, 3.518987341772152
432, 548.4362667639075, 150.37063037974676, 1.1645569620253164, 254.8227848101266, 3.8734177215189876
433, 548.1698472509217, 150.50007594936707, 1.3924050632911393, 254.69620253164558, 5.063291139240507
434, 547.903427737936, 150.72338734177217, 1.5696202531645569, 254.78481012658227, 6.10126582278481
435, 547.6370082249504, 150.9886063291139, 1.9113924050632911, 254.78481012658227, 7.531645569620253
436, 547.3705887119646, 150.97166962025318, 1.6582278481012658, 254.7594936708861, 8.177215189873417
437, 547.104169198979, 151.4253848101266, 1.8481012658227849, 254.9367088607595, 10.746835443037975
438, 546.8377496859932, 151.124064556962, 1.2531645569620253, 254.63291139240508, 11.227848101265822
439, 546.5713301730076, 151.79213291139243, 1.9620253164556962, 254.8987341772152, 13.860759493670885
440, 546.3049106600218, 151.8482037974684, 1.759493670886076, 254.79746835443038, 15.405063291139241
441, 546.0384911470362, 152.38114556962032, 2.088607594936709, 254.81012658227849, 19.151898734177216
442, 545.7720716340505, 152.40842658227857, 1.6835443037974684, 254.70886075949366, 20.974683544303797
443, 545.5056521210647, 152.84093164556964, 1.4430379746835442, 254.9240506329114, 24.29113924050633
444, 545.2392326080791, 153.1924329113924, 1.7468354430379747, 254.81012658227849, 27.164556962025316
445, 544.9728130950933, 153.5289594936709, 1.2911392405063291, 254.86075949367088, 31.050632911392405
446, 544.7063935821077, 154.04599367088622, 1.8354430379746836, 254.8227848101266, 34.35443037974684
447, 544.439974069122, 154.06218860759492, 1.1518987341772151, 254.72151898734177, 36.81012658227848
448, 544.1735545561363, 154.572629113924, 1.4303797468354431, 254.81012658227849, 40.10126582278481
449, 543.9071350431506, 155.11184430379748, 1.5569620253164558, 254.84810126582278, 44.30379746835443
450, 543.6407155301649, 155.15240886075946, 1.3544303797468353, 254.68354430379748, 46.037974683544306
451, 543.3742960171792, 155.66972025316457, 1.7848101265822784, 254.79746835443038, 48.860759493670884
452, 543.1078765041935, 156.1257341772152, 2.0253164556962027, 254.8987341772152, 51.70886075949367
453, 542.8414569912078, 156.37024556962027, 1.4683544303797469, 254.79746835443038, 55.835443037974684
454, 542.5750374782222, 156.4064746835443, 1.2025316455696202, 254.55696202531647, 58.08860759493671
455, 542.3086179652364, 156.78793544303798, 1.1518987341772151, 254.79746835443038, 60.32911392405063
456, 542.0421984522507, 157.19326708860757, 1.6329113924050633, 254.73417721518987, 62.949367088607595
457, 541.775778939265, 157.8734886075949, 1.9493670886075949, 254.9746835443038, 66.84810126582279
458, 541.5093594262793, 158.07638481012657, 1.9746835443037976, 254.83544303797467, 69.27848101265823
459, 541.2429399132936, 158.13585696202543, 1.4303797468354431, 254.74683544303798, 71.68354430379746
460, 540.9765204003079, 158.40297721518988, 1.4936708860759493, 254.74683544303798, 73.86075949367088
461, 540.7101008873223, 158.8499367088607, 1.518987341772152, 254.873417721519, 77.0632911392405
462, 540.4436813743365, 158.98775949367095, 1.518987341772152, 254.74683544303798, 78.92405063291139
463, 540.1772618613509, 159.3161316455696, 1.4683544303797469, 254.83544303797467, 81.48101265822785
464, 539.9108423483651, 159.4223810126582, 1.5063291139240507, 254.64556962025316, 83.29113924050633
465, 539.6444228353794, 159.81920759493667, 1.5949367088607596, 254.78481012658227, 85.82278481012658
466, 539.3780033223937, 159.78395316455698, 1.481012658227848, 254.54430379746836, 87.0506329113924
467, 539.111583809408, 160.1920556962025, 1.4683544303797469, 254.83544303797467, 89.16455696202532
468, 538.8451642964224, 160.19958987341772, 1.4430379746835442, 254.62025316455697, 90.40506329113924
469, 538.5787447834366, 160.69410506329123, 1.7341772151898733, 254.8227848101266, 92.9367088607595
470, 538.312325270451, 160.4691000000001, 1.2784810126582278, 254.60759493670886, 93.26582278481013
471, 538.0459057574652, 160.78313037974692, 1.6075949367088607, 254.64556962025316, 94.9620253164557
472, 537.7794862444796, 160.99889493670892, 1.6835443037974684, 254.79746835443038, 95.87341772151899
473, 537.5130667314938, 161.25433291139242, 1.6075949367088607, 254.86075949367088, 97.9873417721519
474, 537.2466472185081, 161.37712911392413, 1.7468354430379747, 254.79746835443038, 99.0253164556962
475, 536.9802277055225, 161.4754936708861, 1.518987341772152, 254.65822784810126, 101.20253164556962
476, 536.7138081925368, 161.59854177215183, 1.6708860759493671, 254.55696202531647, 102.40506329113924
477, 536.4473886795511, 161.85253417721535, 1.3670886075949367, 254.72151898734177, 104.58227848101266
478, 536.1809691665653, 162.0003493670886, 1.4430379746835442, 254.69620253164558, 105.81012658227849
479, 535.9145496535797, 162.5102050632912, 1.4936708860759493, 254.9367088607595, 108.9113924050633
480, 535.6481301405939, 162.49510126582285, 1.3924050632911393, 254.81012658227849, 109.69620253164557
481, 535.3817106276083, 162.62270379746846, 1.0632911392405062, 254.86075949367088, 111.41772151898734
482, 535.1152911146226, 162.49207341772157, 1.0379746835443038, 254.58227848101265, 111.77215189873418
483, 534.8488716016368, 162.93573164556963, 1.4177215189873418, 254.73417721518987, 113.88607594936708
484, 534.5824520886512, 163.1623392405063, 1.6708860759493671, 254.78481012658227, 114.9493670886076
485, 534.3160325756655, 163.1777822784811, 1.2911392405063291, 254.64556962025316, 116.79746835443038
486, 534.0496130626798, 163.24462658227856, 1.0759493670886076, 254.72151898734177, 117.55696202531645
487, 533.783193549694, 163.38658481012664, 1.1139240506329113, 254.59493670886076, 119.35443037974683
488, 533.5167740367084, 163.7126746835443, 1.481012658227848, 254.7594936708861, 120.40506329113924
489, 533.2503545237226, 163.98139367088606, 1.379746835443038, 254.86075949367088, 122.50632911392405
490, 532.983935010737, 164.0980075949368, 1.4430379746835442, 254.83544303797467, 123.49367088607595
491, 532.7175154977513, 164.38202784810133, 1.3670886075949367, 254.79746835443038, 126.37974683544304
492, 532.4510959847656, 164.4975151898734, 1.5569620253164558, 254.77215189873417, 127.0253164556962
493, 532.1846764717799, 164.62677215189873, 1.3924050632911393, 254.65822784810126, 129.1772151898734
494, 531.9182569587942, 164.98691392405058, 1.8734177215189873, 254.8227848101266, 130.22784810126583
495, 531.6518374458085, 165.12371645569627, 1.6962025316455696, 254.69620253164558, 132.54430379746836
496, 531.3854179328227, 164.8398784810128, 1.3417721518987342, 254.41772151898735, 132.41772151898735
497, 531.1189984198371, 165.49423037974685, 1.620253164556962, 254.8227848101266, 135.34177215189874
498, 530.8525789068515, 165.39090632911393, 1.4430379746835442, 254.74683544303798, 135.29113924050634
499, 530.5861593938657, 165.74413417721527, 1.6962025316455696, 254.86075949367088, 137.13924050632912
500, 530.31973988088, 165.59378481012658, 1.2658227848101267, 254.77215189873417, 137.40506329113924
501, 530.0533203678943, 165.9613227848101, 1.5822784810126582, 254.78481012658227, 139.73417721518987
502, 529.7869008549086, 165.91220886075945, 1.3291139240506329, 254.73417721518987, 140.22784810126583
503, 529.520481341923, 166.5459341772153, 2.1772151898734178, 254.86075949367088, 142.91139240506328
504, 529.2540618289372, 166.5480518987342, 2.0126582278481013, 254.8227848101266, 143.55696202531647
505, 528.9876423159515, 166.72456455696206, 2.0759493670886076, 254.67088607594937, 145.72151898734177
506, 528.7212228029658, 166.704764556962, 1.9746835443037976, 254.60759493670886, 146.13924050632912
507, 528.4548032899802, 167.1390873417722, 1.9113924050632911, 254.78481012658227, 149.20253164556962
508, 528.1883837769944, 166.84910759493667, 1.3291139240506329, 254.67088607594937, 148.77215189873417
509, 527.9219642640087, 167.011753164557, 1.0759493670886076, 254.68354430379748, 150.79746835443038
510, 527.6555447510231, 167.12587594936707, 1.240506329113924, 254.68354430379748, 151.36708860759492
511, 527.3891252380373, 167.4013088607595, 1.3417721518987342, 254.7594936708861, 153.126582278481
512, 527.1227057250517, 167.4869582278481, 1.4303797468354431, 254.7594936708861, 153.64556962025316
513, 526.8562862120659, 167.6058620253164, 1.2531645569620253, 254.68354430379748, 155.54430379746836
514, 526.5898666990803, 167.76971518987344, 1.4556962025316456, 254.73417721518987, 156.18987341772151
515, 526.3234471860945, 168.1148670886076, 1.7088607594936709, 254.79746835443038, 158.22784810126583
516, 526.0570276731089, 168.140664556962, 1.8354430379746836, 254.68354430379748, 158.70886075949366
517, 525.7906081601232, 168.2369126582278, 1.379746835443038, 254.86075949367088, 159.83544303797467
518, 525.5241886471374, 168.11620886075954, 1.2025316455696202, 254.69620253164558, 160.08860759493672
519, 525.2577691341518, 168.6594810126582, 1.7721518987341771, 254.8227848101266, 162.70886075949366
520, 524.991349621166, 168.5851341772152, 1.6962025316455696, 254.67088607594937, 163.0379746835443
521, 524.7249301081804, 168.91932151898737, 1.7215189873417722, 254.78481012658227, 165.31645569620252
522, 524.4585105951946, 168.91764050632915, 1.5696202531645569, 254.81012658227849, 165.56962025316454
523, 524.192091082209, 169.2738860759493, 1.8987341772151898, 254.78481012658227, 167.9620253164557
524, 523.9256715692233, 169.19286835443032, 1.6962025316455696, 254.68354430379748, 168.30379746835442
525, 523.6592520562376, 169.3837569620253, 1.5443037974683544, 254.74683544303798, 170.0506329113924
526, 523.3928325432519, 169.12716202531647, 1.0379746835443038, 254.58227848101265, 169.9746835443038
527, 523.1264130302661, 169.5841151898734, 1.2531645569620253, 254.7594936708861, 172.50632911392404
528, 522.8599935172805, 169.6957962025317, 1.2784810126582278, 254.77215189873417, 173.35443037974684
529, 522.5935740042949, 169.89680126582275, 1.1012658227848102, 254.77215189873417, 175.58227848101265
530, 522.3271544913091, 170.01105822784805, 1.0632911392405062, 254.86075949367088, 176.22784810126583
531, 522.0607349783234, 170.22179999999994, 1.1139240506329113, 254.8227848101266, 178.13924050632912
532, 521.7943154653377, 170.329446835443, 1.2278481012658229, 254.8227848101266, 178.78481012658227
533, 521.527895952352, 170.44339746835442, 1.5949367088607596, 254.39240506329114, 181.0379746835443
534, 521.2614764393663, 170.1861215189874, 1.1898734177215189, 254.18987341772151, 180.8860759493671
535, 520.9950569263806, 170.58251265822787, 1.7088607594936709, 254.29113924050634, 182.48101265822785
536, 520.7286374133948, 170.55945949367083, 1.6075949367088607, 254.29113924050634, 182.54430379746836
537, 520.4622179004092, 170.9645405063291, 1.6835443037974684, 254.54430379746836, 184.59493670886076
538, 520.1957983874236, 171.08730379746837, 1.6455696202531647, 254.70886075949366, 184.9240506329114
539, 519.9293788744378, 171.23275316455698, 1.8354430379746836, 254.49367088607596, 186.81012658227849
540, 519.6629593614521, 170.85518860759493, 1.2784810126582278, 254.21518987341773, 186.39240506329114
541, 519.3965398484664, 170.89372658227853, 1.4683544303797469, 253.8227848101266, 188.25316455696202
542, 519.1301203354807, 171.06715696202534, 1.7215189873417722, 253.8860759493671, 188.78481012658227
543, 518.863700822495, 171.710906329114, 2.7088607594936707, 253.9367088607595, 191.58227848101265
544, 518.5972813095093, 170.27238101265823, 1.5063291139240507, 252.34177215189874, 190.32911392405063
545, 518.3308617965237, 170.06244050632915, 2.050632911392405, 251.30379746835442, 192.40506329113924
546, 518.0644422835379, 169.15679746835443, 1.7721518987341771, 250.0379746835443, 191.70886075949366
547, 517.7980227705523, 168.97698607594936, 2.1645569620253164, 249.1139240506329, 193.86075949367088
548, 517.5316032575665, 167.99958481012655, 1.4936708860759493, 247.81012658227849, 193.7594936708861
549, 517.2651837445808, 166.542153164557, 1.379746835443038, 245.31645569620252, 194.1139240506329
550, 516.9987642315951, 166.73336329113923, 1.8101265822784811, 245.1772151898734, 195.37974683544303
551, 516.7323447186095, 166.49174683544302, 1.6455696202531647, 244.46835443037975, 197.34177215189874
552, 516.4659252056238, 166.42498860759488, 1.6329113924050633, 244.32911392405063, 197.50632911392404
553, 516.199505692638, 166.1288569620253, 1.5569620253164558, 243.35443037974684, 200.126582278481
554, 515.9330861796524, 165.27103164556965, 1.0759493670886076, 242.26582278481013, 199.46835443037975
555, 515.6666666666666, 165.9442443037975, 1.9873417721518987, 242.32911392405063, 202.65822784810126
556, 515.400247153681, 165.41301898734176, 1.4556962025316456, 241.73417721518987, 202.45569620253164
557, 515.1338276406952, 164.68092911392404, 1.2151898734177216, 240.41772151898735, 203.44303797468353
558, 514.8674081277095, 164.4356696202531, 1.2784810126582278, 239.9873417721519, 203.34177215189874
559, 514.6009886147239, 164.36397974683538, 1.9746835443037976, 239.0632911392405, 205.64556962025316
560, 514.3345691017382, 164.10839493670883, 1.7468354430379747, 238.64556962025316, 206.15189873417722
561, 514.0681495887525, 163.45315316455694, 1.5063291139240507, 237.26582278481013, 208.13924050632912
562, 513.8017300757667, 162.09058860759487, 0.6962025316455697, 235.53164556962025, 207.2405063291139
563, 513.5353105627811, 162.3349506329113, 1.2531645569620253, 235.18987341772151, 209.68354430379748
564, 513.2688910497953, 161.78878227848094, 0.9113924050632911, 234.36708860759492, 210.0253164556962
565, 513.0024715368097, 161.90332025316457, 1.7341772151898733, 233.68354430379748, 212.39240506329114
566, 512.736052023824, 161.41008481012662, 1.5569620253164558, 232.91139240506328, 212.50632911392404
567, 512.4696325108383, 161.76714303797468, 2.240506329113924, 232.8987341772152, 213.91139240506328
568, 512.2032129978526, 161.0469253164557, 1.6329113924050633, 232.1139240506329, 213.22784810126583
569, 511.9367934848669, 159.8806417721519, 1.4303797468354431, 230.13924050632912, 213.69620253164558
570, 511.6703739718812, 160.13662531645565, 1.7215189873417722, 230.31645569620252, 214.26582278481013
571, 511.4039544588955, 159.21026582278478, 1.6455696202531647, 228.43037974683546, 216.0506329113924
572, 511.1375349459098, 158.51093544303785, 1.2784810126582278, 227.53164556962025, 215.50632911392404
573, 510.87111543292406, 158.72283037974682, 1.6962025316455696, 227.30379746835442, 217.44303797468353
574, 510.6046959199384, 158.0518, 1.3670886075949367, 226.46835443037975, 216.72151898734177
575, 510.3382764069527, 158.15238607594935, 1.8354430379746836, 225.84810126582278, 219.56962025316454
576, 510.07185689396704, 157.74747974683547, 1.5316455696202531, 225.36708860759492, 219.29113924050634
577, 509.8054373809813, 157.56244556962025, 1.7468354430379747, 224.62025316455697, 220.9493670886076
578, 509.5390178679956, 157.2449898734178, 1.620253164556962, 224.21518987341773, 220.58227848101265
579, 509.2725983550099, 156.1700215189874, 1.3037974683544304, 222.56962025316454, 220.45569620253164
580, 509.0061788420242, 155.28518987341766, 1.0126582278481013, 221.39240506329114, 219.51898734177215
581, 508.7397593290385, 155.47363037974682, 1.6708860759493671, 220.73417721518987, 222.83544303797467
582, 508.4733398160528, 155.28430253164558, 1.6582278481012658, 220.43037974683546, 222.77215189873417
583, 508.20692030306714, 155.09301518987346, 1.4936708860759493, 220.0506329113924, 223.48101265822785
584, 507.9405007900814, 154.5420189873418, 1.0759493670886076, 219.43037974683546, 222.9367088607595
585, 507.67408127709575, 154.43542151898734, 1.1012658227848102, 218.91139240506328, 224.60759493670886
586, 507.40766176411, 154.68549620253165, 1.3670886075949367, 219.1012658227848, 225.126582278481
587, 507.14124225112437, 154.35864050632912, 1.6962025316455696, 218.0253164556962, 226.9367088607595
588, 506.8748227381386, 153.87357848101266, 1.3037974683544304, 217.44303797468353, 226.70886075949366
589, 506.6084032251529, 153.66287468354426, 1.6329113924050633, 216.49367088607596, 228.8860759493671
590, 506.34198371216723, 153.17389367088603, 1.3164556962025316, 215.873417721519, 228.62025316455697
591, 506.07556419918154, 152.86601139240497, 1.5316455696202531, 214.86075949367088, 230.56962025316454
592, 505.80914468619585, 152.91839113924047, 1.5316455696202531, 214.8860759493671, 230.8987341772152
593, 505.54272517321016, 152.49367848101264, 2.0759493670886076, 213.60759493670886, 232.32911392405063
594, 505.27630566022447, 151.59874177215198, 1.4430379746835442, 212.58227848101265, 231.41772151898735
595, 505.0098861472387, 150.8347746835443, 1.240506329113924, 211.35443037974684, 231.56962025316454
596, 504.7434666342531, 150.66599746835453, 1.4177215189873418, 210.873417721519, 232.1012658227848
597, 504.47704712126733, 150.93130506329115, 2.2658227848101267, 210.37974683544303, 234.74683544303798
598, 504.2106276082817, 149.74568101265817, 1.6708860759493671, 208.73417721518987, 234.37974683544303
599, 503.94420809529595, 150.21761772151896, 2.050632911392405, 208.9367088607595, 236.48101265822785
600, 503.67778858231026, 150.5007215189873, 2.0253164556962027, 209.22784810126583, 237.53164556962025
601, 503.41136906932456, 150.3203443037974, 2.0, 208.56962025316454, 239.40506329113924
602, 503.1449495563389, 149.1972481012658, 1.3164556962025316, 207.15189873417722, 238.64556962025316
603, 502.8785300433532, 149.31931012658234, 1.5822784810126582, 206.77215189873417, 240.9746835443038
604, 502.6121105303675, 148.96397721519003, 1.3670886075949367, 206.29113924050634, 240.8987341772152
605, 502.3456910173818, 148.88758860759492, 1.8354430379746836, 205.53164556962025, 242.91139240506328
606, 502.07927150439605, 148.33965316455698, 1.5696202531645569, 204.79746835443038, 242.58227848101265
607, 501.8128519914104, 147.990288607595, 1.6708860759493671, 203.77215189873417, 244.53164556962025
608, 501.54643247842466, 147.4974797468355, 1.1518987341772151, 203.1772151898734, 244.63291139240508
609, 501.280012965439, 147.01620506329115, 1.240506329113924, 202.0, 246.2405063291139
610, 501.0135934524533, 146.6735670886076, 1.1645569620253164, 201.43037974683546, 246.36708860759492
611, 500.7471739394676, 146.53557215189872, 1.4936708860759493, 200.68354430379748, 248.13924050632912
612, 500.4807544264819, 145.74841265822778, 0.9367088607594937, 199.56962025316454, 248.43037974683546
613, 500.2143349134962, 145.4694936708861, 1.3924050632911393, 198.49367088607596, 250.32911392405063
614, 499.9479154005105, 145.57355063291138, 1.4556962025316456, 198.49367088607596, 251.0759493670886
615, 499.68149588752476, 146.50516455696203, 2.4050632911392404, 199.25316455696202, 252.84810126582278
616, 499.4150763745391, 145.19801898734178, 1.2025316455696202, 197.74683544303798, 252.29113924050634
617, 499.1486568615534, 145.18504303797468, 1.8481012658227849, 197.1772151898734, 253.41772151898735
618, 498.88223734856774, 144.28070126582267, 1.0886075949367089, 196.126582278481, 252.8860759493671
619, 498.615817835582, 144.21548227848098, 1.759493670886076, 195.51898734177215, 253.68354430379748
620, 498.34939832259636, 143.4401202531646, 0.8227848101265823, 194.64556962025316, 253.83544303797467
621, 498.0829788096106, 142.94466202531652, 1.3544303797468353, 193.41772151898735, 254.41772151898735
622, 497.8165592966249, 142.7323392405064, 1.2911392405063291, 193.0759493670886, 254.48101265822785
623, 497.5501397836392, 142.6064379746836, 2.329113924050633, 192.29113924050634, 254.69620253164558
624, 497.28372027065353, 141.67301392405068, 1.5063291139240507, 191.15189873417722, 254.53164556962025
625, 497.01730075766784, 140.52642784810124, 1.1645569620253164, 189.30379746835442, 254.8860759493671
626, 496.7508812446821, 139.94397721518993, 1.1139240506329113, 188.44303797468353, 254.34177215189874
627, 496.48446173169646, 139.9267734177215, 1.379746835443038, 188.18987341772151, 254.79746835443038
628, 496.2180422187107, 139.12762531645572, 0.9620253164556962, 187.0632911392405, 254.68354430379748
629, 495.9516227057251, 138.5095012658228, 1.3164556962025316, 185.81012658227849, 254.78481012658227
630, 495.6852031927393, 137.46780632911396, 0.9240506329113924, 184.31645569620252, 254.36708860759492
631, 495.41878367975363, 137.57820886075956, 1.5822784810126582, 184.0759493670886, 254.84810126582278
632, 495.15236416676794, 137.46944556962026, 1.620253164556962, 183.8860759493671, 254.77215189873417
633, 494.88594465378225, 136.59457088607593, 1.6329113924050633, 182.36708860759492, 254.8860759493671
634, 494.61952514079655, 135.95524430379743, 1.2278481012658229, 181.50632911392404, 254.77215189873417
635, 494.35310562781086, 135.17447341772152, 1.8481012658227849, 179.84810126582278, 254.83544303797467
636, 494.08668611482517, 133.57376202531646, 0.8607594936708861, 177.74683544303798, 254.20253164556962
637, 493.8202666018394, 132.7992873417721, 1.4303797468354431, 176.0759493670886, 254.51898734177215
638, 493.5538470888538, 132.172164556962, 0.8860759493670886, 175.2405063291139, 254.74683544303798
639, 493.28742757586804, 131.54411518987342, 1.5063291139240507, 173.8227848101266, 254.91139240506328
640, 493.0210080628824, 130.82609746835448, 1.0506329113924051, 172.873417721519, 254.69620253164558
641, 492.75458854989665, 130.7864164556962, 2.037974683544304, 172.27848101265823, 254.8227848101266
642, 492.48816903691096, 130.2394126582278, 1.5696202531645569, 171.59493670886076, 254.77215189873417
643, 492.22174952392527, 129.83351518987342, 1.8101265822784811, 170.8227848101266, 254.55696202531647
644, 491.9553300109396, 128.4745291139241, 1.0379746835443038, 168.8860759493671, 254.63291139240508
645, 491.6889104979539, 127.06417974683553, 1.1139240506329113, 166.41772151898735, 254.77215189873417
646, 491.4224909849682, 126.10053164556966, 0.8860759493670886, 164.9240506329114, 254.60759493670886
647, 491.1560714719825, 125.65892151898738, 1.2911392405063291, 163.91139240506328, 254.8860759493671
648, 490.88965195899675, 124.99648481012667, 0.8481012658227848, 163.0379746835443, 254.73417721518987
649, 490.6232324460111, 124.06519367088609, 1.2278481012658229, 161.25316455696202, 254.7594936708861
650, 490.35681293302537, 123.26329493670889, 0.7215189873417721, 160.16455696202533, 254.65822784810126
651, 490.09039342003973, 122.61164936708862, 1.481012658227848, 158.64556962025316, 254.77215189873417
652, 489.823973907054, 121.99420632911387, 1.2278481012658229, 157.7594936708861, 254.58227848101265
653, 489.5575543940683, 121.22243924050626, 1.3037974683544304, 156.35443037974684, 254.84810126582278
654, 489.2911348810826, 119.94324177215191, 0.620253164556962, 154.58227848101265, 254.54430379746836
655, 489.0247153680969, 119.79042911392405, 1.9113924050632911, 153.62025316455697, 254.77215189873417
656, 488.7582958551112, 118.45559367088605, 1.2784810126582278, 151.7594936708861, 254.30379746835442
657, 488.4918763421255, 117.06065316455697, 1.5696202531645569, 149.21518987341773, 254.40506329113924
658, 488.22545682913983, 116.4830670886076, 1.1012658227848102, 148.43037974683546, 254.60759493670886
659, 487.9590373161541, 116.27297594936708, 2.1392405063291138, 147.53164556962025, 254.67088607594937
660, 487.69261780316845, 114.65812531645572, 1.4050632911392404, 145.2405063291139, 254.22784810126583
661, 487.4261982901827, 113.59978987341775, 1.4683544303797469, 143.32911392405063, 254.62025316455697
662, 487.15977877719706, 112.81287088607597, 1.2911392405063291, 142.08860759493672, 254.56962025316454
663, 486.8933592642113, 112.40324430379744, 1.7341772151898733, 141.1012658227848, 254.8987341772152
664, 486.6269397512256, 111.17350253164558, 0.9240506329113924, 139.45569620253164, 254.70886075949366
665, 486.3605202382399, 110.0203924050632, 1.3924050632911393, 137.2405063291139, 254.77215189873417
666, 486.09410072525424, 108.99437721518979, 1.0379746835443038, 135.74683544303798, 254.39240506329114
667, 485.82768121226854, 108.21945316455692, 1.7974683544303798, 133.9367088607595, 254.9240506329114
668, 485.5612616992828, 106.53253797468348, 0.9493670886075949, 131.53164556962025, 254.73417721518987
669, 485.29484218629716, 104.9203240506329, 1.4430379746835442, 128.51898734177215, 254.81012658227849
670, 485.0284226733114, 102.8813202531646, 0.9746835443037974, 125.37974683544304, 254.31645569620252
671, 484.7620031603258, 100.80357721518992, 0.810126582278481, 121.83544303797468, 254.77215189873417
672, 484.49558364734, 98.72453924050633, 0.6835443037974683, 118.48101265822785, 254.13924050632912
673, 484.22916413435433, 97.30868734177216, 0.9746835443037974, 115.81012658227849, 254.70886075949366
674, 483.96274462136864, 95.60196202531645, 0.5063291139240507, 113.20253164556962, 254.39240506329114
675, 483.69632510838295, 94.8834810126582, 1.3924050632911393, 111.46835443037975, 254.69620253164558
676, 483.42990559539726, 93.65904556962028, 1.1898734177215189, 109.46835443037975, 254.78481012658227
677, 483.16348608241157, 91.4910139240506, 1.379746835443038, 105.67088607594937, 254.8227848101266
678, 482.8970665694259, 89.38598987341774, 0.7341772151898734, 102.44303797468355, 254.67088607594937
679, 482.6306470564401, 87.9199670886076, 1.4683544303797469, 99.55696202531645, 254.74683544303798
680, 482.3642275434545, 85.6459582278481, 0.6708860759493671, 96.18987341772151, 254.22784810126583
681, 482.09780803046874, 83.59823164556964, 0.5949367088607594, 92.68354430379746, 254.51898734177215
682, 481.8313885174831, 81.71142658227849, 1.3037974683544304, 89.0886075949367, 254.62025316455697
683, 481.56496900449736, 79.42924810126586, 1.0632911392405062, 85.37974683544304, 254.32911392405063
684, 481.29854949151166, 77.17495696202535, 1.0632911392405062, 81.54430379746836, 254.30379746835442
685, 481.032129978526, 75.1963468354431, 1.2151898734177216, 78.0126582278481, 254.73417721518987
686, 480.7657104655403, 72.67158227848097, 1.2658227848101267, 73.75949367088607, 254.35443037974684
687, 480.4992909525546, 70.18597088607592, 1.0506329113924051, 69.60759493670886, 254.49367088607596
688, 480.2328714395689, 67.09171392405062, 0.8354430379746836, 64.45569620253164, 254.44303797468353
689, 479.9664519265832, 64.65692784810123, 0.9746835443037974, 60.20253164556962, 254.62025316455697
690, 479.70003241359746, 62.322660759493665, 0.9873417721518988, 56.278481012658226, 254.31645569620252
691, 479.4336129006118, 60.355091139240486, 1.1139240506329113, 52.822784810126585, 254.51898734177215
692, 479.16719338762607, 58.404237974683554, 1.0379746835443038, 49.58227848101266, 254.29113924050634
693, 478.90077387464044, 56.2400278481013, 1.3670886075949367, 45.68354430379747, 254.51898734177215
694, 478.6343543616547, 54.26181645569621, 1.4556962025316456, 42.35443037974684, 254.0759493670886
695, 478.367934848669, 52.84795569620254, 1.9620253164556962, 39.58227848101266, 254.62025316455697
696, 478.1015153356833, 49.77759240506328, 1.4177215189873418, 34.74683544303797, 254.0126582278481
697, 477.8350958226976, 46.782869620253116, 0.7974683544303798, 29.924050632911392, 254.20253164556962
698, 477.5686763097119, 44.12993037974681, 0.8227848101265823, 25.367088607594937, 254.32911392405063
699, 477.3022567967262, 41.097035443037946, 0.9113924050632911, 20.265822784810126, 253.7594936708861
700, 477.03583728374053, 38.74140632911393, 1.0, 16.126582278481013, 254.1772151898734
701, 476.7694177707548, 36.26660759493673, 1.518987341772152, 11.670886075949367, 254.0506329113924
702, 476.50299825776915, 32.472093670886096, 0.5822784810126582, 6.025316455696203, 252.29113924050634
703, 476.2365787447834, 31.326035443037963, 1.0379746835443038, 3.6835443037974684, 253.1012658227848
704, 475.97015923179777, 30.132249367088598, 1.1772151898734178, 1.7215189873417722, 252.36708860759492
705, 475.703739718812, 30.953330379746824, 2.518987341772152, 2.151898734177215, 253.83544303797467
706, 475.4373202058263, 30.128560759493666, 1.7341772151898733, 1.3037974683544304, 253.0253164556962
707, 475.17090069284063, 30.52599620253164, 2.189873417721519, 1.6455696202531647, 253.55696202531647
708, 474.90448117985494, 30.399059493670883, 2.0632911392405062, 1.5822784810126582, 253.1012658227848
709, 474.63806166686925, 30.58980632911392, 2.3164556962025316, 1.6455696202531647, 253.78481012658227
710, 474.3716421538835, 30.499024050632894, 2.1645569620253164, 1.6075949367088607, 253.58227848101265
711, 474.10522264089786, 30.83031012658227, 2.5949367088607596, 1.8987341772151898, 253.86075949367088
712, 473.8388031279121, 30.678583544303798, 2.392405063291139, 1.7974683544303798, 253.58227848101265
713, 473.5723836149265, 30.462848101265823, 2.151898734177215, 1.5696202531645569, 253.49367088607596
714, 473.30596410194073, 29.99818734177214, 1.6708860759493671, 1.1139240506329113, 253.0253164556962
715, 473.0395445889551, 30.67862025316455, 2.4050632911392404, 1.7468354430379747, 253.81012658227849
716, 472.77312507596935, 30.524611392405063, 2.240506329113924, 1.6075949367088607, 253.60759493670886
717, 472.50670556298365, 30.404941772151883, 2.1012658227848102, 1.4303797468354431, 253.83544303797467
718, 472.24028604999796, 29.992508860759486, 1.620253164556962, 1.0759493670886076, 253.30379746835442
719, 471.97386653701227, 30.62565189873416, 2.3417721518987342, 1.6962025316455696, 253.77215189873417
720, 471.7074470240266, 30.651044303797455, 2.3417721518987342, 1.7468354430379747, 253.73417721518987
721, 471.44102751104083, 30.023888607594937, 1.620253164556962, 1.139240506329114, 253.25316455696202
722, 471.1746079980552, 29.98003037974682, 1.5949367088607596, 1.1265822784810127, 253.0
723, 470.90818848506945, 30.954832911392405, 2.6835443037974684, 2.0632911392405062, 253.873417721519
724, 470.6417689720838, 30.690106329113913, 2.3544303797468356, 1.7848101265822784, 253.84810126582278
725, 470.37534945909806, 30.385615189873413, 2.0759493670886076, 1.4177215189873418, 253.79746835443038
726, 470.10892994611237, 29.970181012658216, 1.6075949367088607, 1.0886075949367089, 253.0759493670886
727, 469.8425104331267, 30.668245569620243, 2.3544303797468356, 1.7721518987341771, 253.72151898734177
728, 469.576090920141, 30.550764556962022, 2.2278481012658227, 1.6708860759493671, 253.54430379746836
729, 469.3096714071553, 30.654182278481002, 2.3544303797468356, 1.7088607594936709, 253.9240506329114
730, 469.0432518941696, 30.47737848101264, 2.1645569620253164, 1.6075949367088607, 253.39240506329114
731, 468.7768323811839, 30.603402531645575, 2.3037974683544302, 1.7341772151898733, 253.48101265822785
732, 468.51041286819816, 30.38189493670886, 2.0632911392405062, 1.5063291139240507, 253.34177215189874
733, 468.2439933552125, 30.71544177215189, 2.4177215189873418, 1.8227848101265822, 253.70886075949366
734, 467.9775738422268, 30.221583544303783, 1.8860759493670887, 1.3037974683544304, 253.44303797468353
735, 467.71115432924114, 30.346027848101276, 2.0, 1.4430379746835442, 253.51898734177215
736, 467.4447348162554, 30.381694936708854, 2.037974683544304, 1.4303797468354431, 253.79746835443038
737, 467.1783153032697, 30.706431645569616, 2.392405063291139, 1.8227848101265822, 253.69620253164558
738, 466.911895790284, 30.211539240506326, 1.8227848101265822, 1.3164556962025316, 253.45569620253164
739, 466.6454762772983, 30.58707721518987, 2.2658227848101267, 1.6962025316455696, 253.63291139240508
740, 466.3790567643126, 30.418207594936714, 2.1012658227848102, 1.5316455696202531, 253.43037974683546
741, 466.11263725132693, 30.32451898734176, 2.0253164556962027, 1.4303797468354431, 253.32911392405063
742, 465.84621773834124, 30.620877215189857, 2.367088607594937, 1.7341772151898733, 253.46835443037975
743, 465.5797982253555, 31.09268101265822, 2.9367088607594938, 2.240506329113924, 253.50632911392404
744, 465.31337871236985, 30.058586075949353, 1.7341772151898733, 1.1772151898734178, 253.0632911392405
745, 465.0469591993841, 30.26933164556962, 2.0, 1.4303797468354431, 252.91139240506328
746, 464.78053968639847, 30.532924050632907, 2.278481012658228, 1.6835443037974684, 253.18987341772151
747, 464.5141201734127, 30.4967329113924, 2.2911392405063293, 1.7088607594936709, 252.70886075949366
748, 464.24770066042703, 30.20403670886075, 1.9113924050632911, 1.3544303797468353, 252.9620253164557
749, 463.98128114744134, 30.533024050632896, 2.2911392405063293, 1.7215189873417722, 252.9620253164557
750, 463.71486163445564, 30.099334177215187, 1.8481012658227849, 1.3164556962025316, 252.40506329113924
751, 463.44844212146995, 30.102924050632893, 1.8987341772151898, 1.3164556962025316, 252.30379746835442
752, 463.18202260848426, 30.046939240506312, 1.8734177215189873, 1.3544303797468353, 251.68354430379748
753, 462.91560309549857, 30.149639240506318, 2.088607594936709, 1.4050632911392404, 251.7594936708861
754, 462.6491835825128, 30.704332911392406, 2.7468354430379747, 2.088607594936709, 251.37974683544303
755, 462.3827640695272, 29.6990746835443, 1.6582278481012658, 1.2278481012658229, 249.84810126582278
756, 462.11634455654143, 29.41550759493671, 1.5063291139240507, 1.139240506329114, 248.21518987341773
757, 461.8499250435558, 29.549070886075945, 1.9493670886075949, 1.2911392405063291, 247.44303797468353
758, 461.58350553057005, 29.747337974683532, 2.189873417721519, 1.5949367088607596, 246.9873417721519
759, 461.31708601758436, 29.384915189873418, 1.860759493670886, 1.3417721518987342, 245.9746835443038
760, 461.05066650459867, 29.12577341772152, 1.6329113924050633, 1.139240506329114, 245.34177215189874
761, 460.784246991613, 28.934503797468356, 1.5443037974683544, 1.0379746835443038, 244.41772151898735
762, 460.5178274786273, 28.781570886075944, 1.379746835443038, 0.9620253164556962, 243.8987341772152
763, 460.25140796564153, 28.75380886075949, 1.5316455696202531, 0.9873417721518988, 243.126582278481
764, 459.9849884526559, 28.646026582278477, 1.5063291139240507, 0.9493670886075949, 242.44303797468353
765, 459.71856893967015, 29.385851898734185, 2.367088607594937, 1.7468354430379747, 242.56962025316454
766, 459.4521494266845, 28.843654430379743, 1.8101265822784811, 1.2911392405063291, 241.62025316455697
767, 459.18572991369876, 28.55040379746837, 1.5316455696202531, 1.0759493670886076, 240.8860759493671
768, 458.9193104007131, 28.378611392405062, 1.3544303797468353, 0.9620253164556962, 240.43037974683546
769, 458.6528908877274, 29.241353164556973, 2.2911392405063293, 1.7974683544303798, 241.2405063291139
770, 458.3864713747417, 28.607318987341777, 1.620253164556962, 1.2531645569620253, 240.2405063291139
771, 458.120051861756, 28.432236708860767, 1.4303797468354431, 1.2531645569620253, 239.20253164556962
772, 457.8536323487703, 28.442632911392415, 1.518987341772152, 1.240506329113924, 239.126582278481
773, 457.5872128357846, 28.752839240506322, 1.860759493670886, 1.5949367088607596, 239.126582278481
774, 457.32079332279886, 28.366912658227832, 1.5063291139240507, 1.2531645569620253, 238.43037974683546
775, 457.0543738098132, 28.117346835443037, 1.2151898734177216, 1.1139240506329113, 237.72151898734177
776, 456.7879542968275, 28.277386075949362, 1.4556962025316456, 1.2911392405063291, 237.58227848101265
777, 456.52153478384184, 28.5036164556962, 1.6835443037974684, 1.5949367088607596, 237.40506329113924
778, 456.2551152708561, 28.27976835443038, 1.4303797468354431, 1.3670886075949367, 237.27848101265823
779, 455.9886957578704, 28.521018987341765, 1.8354430379746836, 1.6455696202531647, 236.8987341772152
780, 455.7222762448847, 28.02083417721518, 1.4050632911392404, 1.2658227848101267, 235.59493670886076
781, 455.455856731899, 27.6039240506329, 1.2658227848101267, 0.8354430379746836, 234.51898734177215
782, 455.1894372189133, 27.86262151898734, 1.6329113924050633, 1.0253164556962024, 234.84810126582278
783, 454.92301770592763, 28.49152151898734, 2.5063291139240507, 1.6962025316455696, 234.62025316455697
784, 454.65659819294194, 28.018045569620252, 2.0759493670886076, 1.1898734177215189, 234.20253164556962
785, 454.3901786799562, 27.916487341772154, 2.088607594936709, 1.1898734177215189, 233.27848101265823
786, 454.12375916697056, 28.028683544303792, 2.151898734177215, 1.3291139240506329, 233.37974683544303
787, 453.8573396539848, 28.01363037974684, 2.3037974683544302, 1.2531645569620253, 233.2405063291139
788, 453.5909201409992, 27.6505253164557, 1.9620253164556962, 1.0126582278481013, 232.18987341772151
789, 453.3245006280134, 27.99137468354431, 2.5822784810126582, 1.3291139240506329, 231.9240506329114
790, 453.05808111502773, 27.74939620253165, 2.240506329113924, 1.2531645569620253, 231.08860759493672
791, 452.79166160204204, 27.631684810126572, 2.1392405063291138, 1.2025316455696202, 230.58227848101265
792, 452.52524208905635, 27.352979746835455, 1.8481012658227849, 0.9620253164556962, 230.13924050632912
793, 452.25882257607066, 27.703712658227847, 2.240506329113924, 1.3670886075949367, 230.1012658227848
794, 451.99240306308496, 27.498315189873413, 2.037974683544304, 1.1645569620253164, 229.873417721519
795, 451.7259835500993, 27.53148101265823, 2.151898734177215, 1.3670886075949367, 228.8227848101266
796, 451.4595640371135, 27.06828481012659, 1.7088607594936709, 0.9240506329113924, 228.20253164556962
797, 451.1931445241279, 27.242844303797472, 1.9367088607594938, 1.3291139240506329, 227.0506329113924
798, 450.92672501114214, 27.582126582278484, 2.278481012658228, 1.6962025316455696, 227.2405063291139
799, 450.6603054981565, 27.01631772151898, 1.8860759493670887, 1.2025316455696202, 225.84810126582278
800, 450.39388598517075, 27.088534177215184, 2.0, 1.240506329113924, 225.9873417721519
801, 450.12746647218506, 26.71545063291139, 1.8227848101265822, 1.0, 224.41772151898735
802, 449.86104695919937, 26.675317721518976, 1.759493670886076, 1.0253164556962024, 224.1012658227848
803, 449.5946274462137, 26.99669620253164, 2.151898734177215, 1.3164556962025316, 224.39240506329114
804, 449.328207933228, 26.66233670886076, 1.8227848101265822, 1.1012658227848102, 223.43037974683546
805, 449.06178842024224, 26.768112658227846, 2.037974683544304, 1.4177215189873418, 222.16455696202533
806, 448.7953689072566, 26.484453164556957, 1.6708860759493671, 1.2025316455696202, 221.74683544303798
807, 448.52894939427085, 26.55579240506329, 1.6962025316455696, 1.3037974683544304, 221.78481012658227
808, 448.2625298812852, 26.469812658227845, 1.620253164556962, 1.3164556962025316, 221.16455696202533
809, 447.99611036829947, 26.651537974683546, 2.2151898734177213, 1.2911392405063291, 221.32911392405063
810, 447.72969085531383, 26.701446835443047, 2.240506329113924, 1.4050632911392404, 221.1139240506329
811, 447.4632713423281, 26.408822784810127, 2.151898734177215, 1.1139240506329113, 220.27848101265823
812, 447.1968518293424, 26.21288607594937, 1.8987341772151898, 1.0, 219.81012658227849
813, 446.9304323163567, 26.59450632911393, 2.4050632911392404, 1.3037974683544304, 220.26582278481013
814, 446.664012803371, 25.80394810126582, 1.4050632911392404, 0.7341772151898734, 218.8860759493671
815, 446.3975932903853, 26.349993670886075, 2.088607594936709, 1.2278481012658229, 219.34177215189874
816, 446.13117377739957, 26.217656962025316, 1.9113924050632911, 1.2278481012658229, 218.64556962025316
817, 445.86475426441393, 26.07582405063291, 1.8860759493670887, 1.139240506329114, 217.9240506329114
818, 445.5983347514282, 26.306515189873405, 2.189873417721519, 1.3037974683544304, 218.30379746835442
819, 445.33191523844255, 25.80482784810127, 1.5949367088607596, 1.0126582278481013, 216.9620253164557
820, 445.0654957254568, 26.048244303797453, 1.860759493670886, 1.4050632911392404, 216.37974683544303
821, 444.7990762124711, 26.17324177215189, 2.1392405063291138, 1.5696202531645569, 215.8987341772152
822, 444.5326566994854, 25.611917721518974, 1.5822784810126582, 1.1772151898734178, 214.45569620253164
823, 444.2662371864997, 25.37149873417722, 1.3417721518987342, 1.0253164556962024, 213.7594936708861
824, 443.99981767351403, 25.561296202531647, 1.5949367088607596, 1.2025316455696202, 213.84810126582278
825, 443.73339816052834, 25.720110126582274, 2.0632911392405062, 1.2911392405063291, 213.55696202531647
826, 443.46697864754265, 25.733296202531644, 1.9746835443037976, 1.4177215189873418, 213.25316455696202
827, 443.2005591345569, 25.40192405063291, 1.7721518987341771, 1.1898734177215189, 212.0506329113924
828, 442.93413962157126, 25.439212658227852, 1.7974683544303798, 1.240506329113924, 212.0506329113924
829, 442.6677201085855, 25.963022784810118, 2.6835443037974684, 1.8734177215189873, 211.0632911392405
830, 442.4013005955999, 25.36098860759493, 2.1392405063291138, 1.240506329113924, 210.46835443037975
831, 442.13488108261413, 25.100760759493667, 1.8860759493670887, 1.1645569620253164, 209.2405063291139
832, 441.86846156962844, 25.130188607594935, 1.9113924050632911, 1.1772151898734178, 209.36708860759492
833, 441.60204205664274, 25.359663291139242, 2.7341772151898733, 1.2278481012658229, 208.9620253164557
834, 441.33562254365705, 24.90549620253163, 2.1265822784810124, 0.8987341772151899, 208.26582278481013
835, 441.06920303067136, 25.15539873417722, 2.4683544303797467, 1.1012658227848102, 208.51898734177215
836, 440.80278351768567, 25.6366164556962, 3.0759493670886076, 1.4936708860759493, 209.126582278481
837, 440.5363640047, 24.951497468354432, 2.240506329113924, 1.1772151898734178, 206.9367088607595
838, 440.2699444917142, 24.791931645569612, 2.0759493670886076, 1.0506329113924051, 206.62025316455697
839, 440.0035249787286, 25.09534936708861, 2.5822784810126582, 1.2531645569620253, 206.91139240506328
840, 439.73710546574284, 24.929465822784817, 2.430379746835443, 1.1265822784810127, 206.50632911392404
841, 439.4706859527572, 25.268439240506332, 2.8227848101265822, 1.518987341772152, 206.43037974683546
842, 439.20426643977146, 24.546293670886076, 2.0, 0.9240506329113924, 205.31645569620252
843, 438.93784692678577, 24.858144303797456, 2.481012658227848, 1.3037974683544304, 204.83544303797467
844, 438.6714274138001, 24.437718987341768, 1.9240506329113924, 1.0506329113924051, 203.91139240506328
845, 438.4050079008144, 24.46132911392404, 2.0253164556962027, 1.2531645569620253, 202.81012658227849
846, 438.1385883878287, 24.552116455696197, 2.1265822784810124, 1.4177215189873418, 202.49367088607596
847, 437.872168874843, 24.84117088607595, 2.4683544303797467, 1.8860759493670887, 201.72151898734177
848, 437.6057493618573, 24.449624050632913, 2.1139240506329116, 1.4683544303797469, 201.36708860759492
849, 437.33932984887156, 24.208156962025317, 1.9746835443037976, 1.3417721518987342, 200.26582278481013
850, 437.0729103358859, 24.002470886075944, 1.7468354430379747, 1.2278481012658229, 199.64556962025316
851, 436.8064908229002, 23.964601265822786, 1.8354430379746836, 1.1772151898734178, 199.34177215189874
852, 436.54007130991454, 24.179303797468357, 2.151898734177215, 1.3670886075949367, 199.41772151898735
853, 436.2736517969288, 24.10044683544303, 2.240506329113924, 1.3670886075949367, 198.49367088607596
854, 436.0072322839431, 24.170265822784806, 2.4050632911392404, 1.3924050632911393, 198.54430379746836
855, 435.7408127709574, 23.724549367088603, 1.9746835443037976, 1.0759493670886076, 197.39240506329114
856, 435.4743932579717, 23.40364430379746, 1.6582278481012658, 0.8354430379746836, 196.64556962025316
857, 435.207973744986, 23.40000506329114, 1.8481012658227849, 0.8481012658227848, 196.0506329113924
858, 434.94155423200027, 23.420387341772148, 1.9493670886075949, 0.8607594936708861, 195.8987341772152
859, 434.67513471901464, 23.761634177215186, 2.392405063291139, 1.4303797468354431, 194.79746835443038
860, 434.4087152060289, 23.515636708860757, 2.1139240506329116, 1.2784810126582278, 194.15189873417722
861, 434.14229569304325, 23.6511506329114, 2.4177215189873418, 1.5316455696202531, 193.2405063291139
862, 433.8758761800575, 22.993130379746837, 1.7341772151898733, 0.9873417721518988, 192.0632911392405
863, 433.60945666707187, 23.515294936708862, 2.367088607594937, 1.6455696202531647, 191.59493670886076
864, 433.3430371540861, 22.892531645569623, 1.6455696202531647, 1.1265822784810127, 190.69620253164558
865, 433.0766176411004, 23.22129620253165, 2.2278481012658227, 1.5696202531645569, 189.77215189873417
866, 432.81019812811473, 22.85857341772153, 1.860759493670886, 1.2025316455696202, 189.44303797468353
867, 432.54377861512904, 22.97641265822785, 2.0759493670886076, 1.379746835443038, 189.0
868, 432.27735910214335, 22.44241265822785, 1.5696202531645569, 1.0253164556962024, 187.46835443037975
869, 432.0109395891576, 22.733122784810124, 2.189873417721519, 1.2784810126582278, 187.08860759493672
870, 431.74452007617197, 22.265163291139242, 1.7848101265822784, 1.0759493670886076, 185.08860759493672
871, 431.4781005631862, 22.140918987341774, 1.6962025316455696, 1.0126582278481013, 184.55696202531647
872, 431.2116810502006, 22.281494936708864, 1.8860759493670887, 1.1898734177215189, 184.37974683544303
873, 430.94526153721483, 22.239029113924044, 1.9873417721518987, 1.240506329113924, 183.48101265822785
874, 430.67884202422914, 22.114899999999995, 1.8860759493670887, 1.1518987341772151, 183.1139240506329
875, 430.41242251124345, 22.35903544303797, 2.1772151898734178, 1.481012658227848, 182.79746835443038
876, 430.14600299825776, 21.975118987341776, 1.8481012658227849, 1.1518987341772151, 181.9873417721519
877, 429.87958348527206, 21.7878164556962, 1.7088607594936709, 1.240506329113924, 180.25316455696202
878, 429.6131639722864, 21.77554810126582, 1.7341772151898733, 1.1772151898734178, 180.40506329113924
879, 429.3467444593007, 21.320218987341764, 1.3544303797468353, 0.8481012658227848, 179.1012658227848
880, 429.08032494631493, 21.760815189873423, 1.8481012658227849, 1.2784810126582278, 179.45569620253164
881, 428.8139054333293, 21.699330379746844, 1.759493670886076, 1.3417721518987342, 178.8227848101266
882, 428.54748592034355, 21.54723164556962, 1.6075949367088607, 1.1772151898734178, 178.73417721518987
883, 428.2810664073579, 21.50004177215191, 1.6075949367088607, 1.2025316455696202, 178.18987341772151
884, 428.01464689437216, 21.060212658227854, 1.1645569620253164, 0.8607594936708861, 177.25316455696202
885, 427.74822738138647, 21.267783544303796, 1.4050632911392404, 1.2025316455696202, 176.68354430379748
886, 427.4818078684008, 21.051859493670886, 1.1518987341772151, 1.1012658227848102, 175.9746835443038
887, 427.2153883554151, 21.378045569620262, 1.5696202531645569, 1.5696202531645569, 175.32911392405063
888, 426.9489688424294, 21.104494936708864, 1.379746835443038, 1.379746835443038, 174.40506329113924
889, 426.6825493294437, 21.19038227848101, 2.0, 1.4683544303797469, 173.0759493670886
890, 426.416129816458, 20.52167341772152, 1.3670886075949367, 0.8481012658227848, 172.0632911392405
891, 426.14971030347226, 21.022506329113927, 2.4050632911392404, 1.2784810126582278, 171.51898734177215
892, 425.8832907904866, 20.769172151898744, 2.0759493670886076, 1.0759493670886076, 171.20253164556962
893, 425.6168712775009, 20.48522658227849, 1.9113924050632911, 0.8481012658227848, 170.31645569620252
894, 425.35045176451524, 20.64682405063291, 2.1392405063291138, 1.0, 170.35443037974684
895, 425.0840322515295, 20.653721518987336, 2.278481012658228, 1.1645569620253164, 169.20253164556962
896, 424.8176127385438, 20.642503797468354, 2.3037974683544302, 1.4177215189873418, 167.73417721518987
897, 424.5511932255581, 20.75496455696203, 2.5063291139240507, 1.6708860759493671, 166.8860759493671
898, 424.2847737125724, 19.898751898734183, 1.5949367088607596, 1.1139240506329113, 164.63291139240508
899, 424.0183541995867, 20.379356962025312, 2.2531645569620253, 1.6835443037974684, 164.18987341772151
900, 423.751934686601, 19.610762025316465, 1.4936708860759493, 1.0632911392405062, 162.63291139240508
901, 423.48551517361534, 19.935278481012666, 2.278481012658228, 1.4303797468354431, 161.53164556962025
902, 423.2190956606296, 19.117410126582286, 1.4683544303797469, 0.9240506329113924, 159.08860759493672
903, 422.95267614764396, 19.31461139240507, 2.1139240506329116, 1.0886075949367089, 158.27848101265823
904, 422.6862566346582, 19.036484810126588, 1.860759493670886, 1.0632911392405062, 156.63291139240508
905, 422.4198371216726, 18.543441772151898, 1.4050632911392404, 0.7848101265822784, 154.9367088607595
906, 422.1534176086868, 18.78193291139241, 1.8101265822784811, 1.240506329113924, 153.62025316455697
907, 421.88699809570113, 18.804474683544303, 2.088607594936709, 1.4050632911392404, 152.2405063291139
908, 421.62057858271544, 18.3886164556962, 1.6835443037974684, 1.1265822784810127, 151.08860759493672
909, 421.35415906972975, 18.507262025316464, 2.189873417721519, 1.240506329113924, 150.21518987341773
910, 421.08773955674405, 18.393082278481018, 2.088607594936709, 1.2278481012658229, 149.54430379746836
911, 420.8213200437583, 17.872748101265827, 2.1392405063291138, 0.7974683544303798, 147.0632911392405
912, 420.55490053077267, 17.944273417721522, 2.329113924050633, 0.9873417721518988, 146.21518987341773
913, 420.2884810177869, 17.93669746835443, 2.392405063291139, 1.1265822784810127, 145.26582278481013
914, 420.0220615048013, 17.999369620253173, 2.5063291139240507, 1.3670886075949367, 144.27848101265823
915, 419.75564199181554, 17.836341772151894, 2.4050632911392404, 1.3670886075949367, 143.1139240506329
916, 419.48922247882984, 17.412218987341785, 1.9873417721518987, 1.1645569620253164, 141.53164556962025
917, 419.22280296584415, 16.86164430379747, 1.6582278481012658, 0.7088607594936709, 139.91139240506328
918, 418.95638345285846, 17.328746835443035, 2.278481012658228, 1.1518987341772151, 140.1012658227848
919, 418.68996393987277, 17.562183544303807, 2.5949367088607596, 1.5949367088607596, 139.0379746835443
920, 418.4235444268871, 16.64230506329114, 1.759493670886076, 1.0506329113924051, 135.9620253164557
921, 418.1571249139014, 16.620997468354435, 1.9240506329113924, 1.0632911392405062, 135.27848101265823
922, 417.89070540091564, 16.27012531645569, 1.6582278481012658, 0.8860759493670886, 133.81012658227849
923, 417.62428588793, 16.443925316455694, 2.0126582278481013, 1.2278481012658229, 132.64556962025316
924, 417.35786637494425, 16.207698734177214, 1.7468354430379747, 1.0886075949367089, 131.9873417721519
925, 417.0914468619586, 16.572513924050636, 2.4556962025316458, 1.3417721518987342, 132.0253164556962
926, 416.82502734897287, 16.095029113924046, 1.9873417721518987, 1.0126582278481013, 130.7594936708861
927, 416.5586078359872, 15.961608860759501, 2.0126582278481013, 1.0379746835443038, 129.39240506329114
928, 416.2921883230015, 16.120818987341767, 2.189873417721519, 1.4303797468354431, 128.30379746835442
929, 416.0257688100158, 15.42409493670887, 1.5822784810126582, 0.9240506329113924, 126.39240506329114
930, 415.7593492970301, 15.579329113924043, 1.8987341772151898, 1.2658227848101267, 125.16455696202532
931, 415.4929297840444, 15.504391139240509, 1.9113924050632911, 1.3037974683544304, 124.27848101265823
932, 415.2265102710587, 14.976348101265827, 1.4556962025316456, 1.0886075949367089, 121.9493670886076
933, 414.96009075807297, 14.78528987341772, 1.9113924050632911, 0.9367088607594937, 119.86075949367088
