Extraction [ img/s4/seq3/3.jpg ] effectuee 2026-05-28 17:15:39.748550
Calibration: -0.2664195129856975*x + 663.5294963737288 [largueur 2619 + 934]

pixel, longueur d'onde, intensite, r, g, b
0, 663.5294963737288, 92.84577333333333, 182.4, 48.70666666666666, 85.4
1, 663.263076860743, 92.71898666666664, 183.33333333333334, 47.906666666666666, 85.96
2, 662.9966573477574, 93.07895066666664, 183.69333333333333, 48.266666666666666, 86.32
3, 662.7302378347716, 93.54976266666664, 184.90666666666667, 48.28, 87.2
4, 662.463818321786, 93.43098800000001, 185.05333333333334, 48.013333333333335, 87.14666666666666
5, 662.1973988088002, 93.93606666666665, 187.6, 47.25333333333333, 88.81333333333333
6, 661.9309792958146, 93.38805866666665, 187.28, 46.57333333333333, 88.34666666666666
7, 661.6645597828289, 95.07978666666669, 189.6, 47.89333333333333, 90.30666666666667
8, 661.3981402698432, 94.62649866666665, 189.14666666666668, 47.44, 89.85333333333334
9, 661.1317207568575, 95.64472133333332, 191.18666666666667, 47.77333333333333, 91.72
10, 660.8653012438718, 94.85059466666668, 190.45333333333335, 46.946666666666665, 90.93333333333334
11, 660.5988817308861, 95.65731733333337, 192.69333333333333, 46.88, 92.48
12, 660.3324622179003, 95.757524, 192.89333333333335, 46.93333333333333, 92.56
13, 660.0660427049147, 96.61829333333333, 195.2, 46.906666666666666, 94.2
14, 659.799623191929, 96.1655813333333, 194.85333333333332, 46.4, 93.74666666666667
15, 659.5332036789433, 96.20490000000001, 196.2, 45.6, 94.68
16, 659.2667841659576, 96.53863199999998, 196.61333333333334, 45.89333333333333, 95.01333333333334
17, 659.0003646529719, 96.33045200000001, 197.21333333333334, 45.093333333333334, 95.73333333333333
18, 658.7339451399862, 96.55035866666665, 197.48, 45.29333333333334, 95.93333333333334
19, 658.4675256270006, 97.3332506666667, 198.96, 45.653333333333336, 97.06666666666666
20, 658.2011061140148, 97.32215733333337, 198.96, 45.626666666666665, 97.10666666666667
21, 657.9346866010292, 98.53926133333333, 201.38666666666666, 45.85333333333333, 100.25333333333333
22, 657.6682670880434, 98.85937333333332, 201.73333333333332, 46.16, 100.57333333333334
23, 657.4018475750577, 99.58131733333333, 202.82666666666665, 46.693333333333335, 101.29333333333334
24, 657.135428062072, 99.72796933333332, 202.97333333333333, 46.84, 101.44
25, 656.8690085490863, 99.21459733333336, 203.36, 45.78666666666667, 101.34666666666666
26, 656.6025890361007, 99.24126133333336, 203.38666666666666, 45.81333333333333, 101.37333333333333
27, 656.3361695231149, 99.29674266666672, 204.84, 44.89333333333333, 102.78666666666666
28, 656.0697500101293, 99.80335866666668, 205.34666666666666, 45.4, 103.29333333333334
29, 655.8033304971435, 100.06437200000003, 206.68, 45.0, 104.14666666666666
30, 655.5369109841579, 100.99761200000007, 207.61333333333334, 45.93333333333333, 105.08
31, 655.2704914711721, 100.82341200000002, 208.54666666666665, 45.026666666666664, 105.77333333333333
32, 655.0040719581864, 100.30346400000003, 208.02666666666667, 44.50666666666667, 105.25333333333333
33, 654.7376524452008, 100.53548933333335, 209.10666666666665, 44.17333333333333, 106.17333333333333
34, 654.471232932215, 100.40216933333332, 208.97333333333333, 44.04, 106.04
35, 654.2048134192294, 100.40871733333333, 209.36, 43.70666666666666, 106.8
36, 653.9383939062436, 100.66730533333329, 209.74666666666667, 43.89333333333333, 107.09333333333333
37, 653.671974393258, 100.29869599999998, 211.44, 42.24, 107.93333333333334
38, 653.4055548802722, 100.04117733333331, 211.29333333333332, 41.92, 107.70666666666666
39, 653.1391353672866, 99.590148, 211.18666666666667, 41.22666666666667, 107.6
40, 652.8727158543008, 99.496824, 211.09333333333333, 41.13333333333333, 107.50666666666666
41, 652.6062963413152, 99.34029466666667, 211.98666666666668, 40.36, 107.77333333333333
42, 652.3398768283295, 99.20697466666665, 211.85333333333332, 40.22666666666667, 107.64
43, 652.0734573153437, 99.63029733333339, 213.69333333333333, 39.84, 108.52
44, 651.8070378023581, 99.49697733333335, 213.56, 39.70666666666666, 108.38666666666667
45, 651.5406182893723, 99.99505200000003, 214.94666666666666, 39.70666666666666, 109.12
46, 651.2741987763867, 99.52843200000001, 214.48, 39.24, 108.65333333333334
47, 651.007779263401, 100.21177600000003, 215.84, 39.52, 109.64
48, 650.7413597504153, 100.69172800000001, 216.32, 40.0, 110.12
49, 650.4749402374296, 100.392572, 216.68, 39.32, 110.05333333333333
50, 650.2085207244439, 100.17926000000001, 216.46666666666667, 39.10666666666667, 109.84
51, 649.9421012114582, 101.24167333333332, 217.93333333333334, 39.96, 110.92
52, 649.6756816984725, 100.73505733333334, 217.42666666666668, 39.45333333333333, 110.41333333333333
53, 649.4092621854868, 101.68788666666669, 219.4, 39.973333333333336, 110.92
54, 649.142842672501, 101.60021199999998, 219.34666666666666, 39.86666666666667, 110.84
55, 648.8764231595154, 102.49228933333337, 220.70666666666668, 40.53333333333333, 111.66666666666667
56, 648.6100036465297, 101.97234133333338, 220.18666666666667, 40.013333333333335, 111.14666666666666
57, 648.343584133544, 102.03218266666669, 220.97333333333333, 39.626666666666665, 111.6
58, 648.0771646205583, 100.99403333333335, 219.93333333333334, 38.6, 110.50666666666666
59, 647.8107451075726, 101.47851466666668, 221.12, 38.81333333333333, 110.54666666666667
60, 647.5443255945869, 101.82855733333334, 221.49333333333334, 39.16, 110.85333333333334
61, 647.2779060816013, 103.00429199999999, 224.01333333333332, 39.693333333333335, 111.81333333333333
62, 647.0114865686155, 103.19449466666669, 224.25333333333333, 39.86666666666667, 111.96
63, 646.7450670556299, 103.86623733333334, 225.62666666666667, 40.21333333333333, 112.46666666666667
64, 646.4786475426441, 104.28910266666671, 226.04, 40.653333333333336, 112.82666666666667
65, 646.2122280296584, 104.26655333333338, 226.73333333333332, 40.28, 112.73333333333333
66, 645.9458085166727, 103.5210506666667, 226.02666666666667, 39.52, 111.96
67, 645.679389003687, 104.019392, 227.01333333333332, 39.77333333333333, 112.44
68, 645.4129694907014, 103.86592400000002, 227.29333333333332, 39.413333333333334, 112.21333333333334
69, 645.1465499777156, 104.0309386666667, 229.01333333333332, 38.906666666666666, 111.76
70, 644.88013046473, 102.91561466666666, 228.25333333333333, 37.626666666666665, 110.56
71, 644.6137109517442, 103.36925733333332, 229.29333333333332, 37.8, 110.92
72, 644.3472914387586, 103.40157066666666, 229.36, 37.81333333333333, 110.96
73, 644.0808719257728, 104.05473066666666, 231.22666666666666, 37.96, 111.04
74, 643.8144524127872, 103.7146933333333, 230.93333333333334, 37.6, 110.68
75, 643.5480328998015, 104.291536, 232.64, 37.68, 110.85333333333334
76, 643.2816133868157, 103.76992666666672, 232.33333333333334, 37.06666666666667, 110.24
77, 643.0151938738301, 104.68406133333339, 234.45333333333335, 37.56, 110.16
78, 642.7487743608443, 104.33691733333336, 234.29333333333332, 37.12, 109.8
79, 642.4823548478587, 104.29311733333333, 235.62666666666667, 36.49333333333333, 109.14666666666666
80, 642.2159353348729, 103.75266933333334, 235.17333333333335, 35.92, 108.54666666666667
81, 641.9495158218873, 104.16219866666667, 236.68, 35.93333333333333, 108.12
82, 641.6830963089016, 103.80702133333335, 236.32, 35.586666666666666, 107.73333333333333
83, 641.4166767959159, 104.21972533333333, 237.01333333333332, 35.96, 107.61333333333333
84, 641.1502572829302, 104.51130799999997, 237.58666666666667, 36.14666666666667, 107.70666666666666
85, 640.8838377699444, 104.78563733333336, 239.89333333333335, 35.6, 106.88
86, 640.6174182569588, 104.50080266666669, 239.70666666666668, 35.36, 106.10666666666667
87, 640.350998743973, 104.56237600000003, 240.10666666666665, 35.346666666666664, 105.66666666666667
88, 640.0845792309874, 105.07365733333333, 240.62666666666667, 35.89333333333333, 105.97333333333333
89, 639.8181597180017, 105.522424, 242.02666666666667, 36.06666666666667, 105.34666666666666
90, 639.551740205016, 104.79317199999997, 241.34666666666666, 35.346666666666664, 104.44
91, 639.2853206920303, 105.74675066666667, 243.56, 35.89333333333333, 104.18666666666667
92, 639.0189011790446, 105.65223866666665, 243.48, 35.85333333333333, 103.77333333333333
93, 638.7524816660589, 105.62563466666667, 244.85333333333332, 35.266666666666666, 102.96
94, 638.4860621530732, 105.38843466666668, 244.72, 35.013333333333335, 102.53333333333333
95, 638.2196426400875, 106.61074799999997, 247.18666666666667, 35.82666666666667, 102.6
96, 637.9532231271018, 106.09127599999998, 246.70666666666668, 35.346666666666664, 101.77333333333333
97, 637.6868036141161, 106.49829600000001, 248.24, 35.28, 101.66666666666667
98, 637.4203841011304, 106.77744933333331, 248.44, 35.666666666666664, 101.6
99, 637.1539645881447, 106.83859066666666, 248.76, 35.693333333333335, 101.16
100, 636.887545075159, 106.80179066666659, 249.29333333333332, 35.50666666666667, 100.4
101, 636.6211255621733, 107.85980799999996, 252.05333333333334, 35.89333333333333, 100.45333333333333
102, 636.3547060491876, 108.40032799999999, 252.98666666666668, 36.346666666666664, 100.41333333333333
103, 636.088286536202, 109.32171466666672, 253.65333333333334, 37.42666666666667, 101.18666666666667
104, 635.8218670232162, 109.11791733333332, 253.62666666666667, 37.17333333333333, 100.77333333333333
105, 635.5554475102306, 109.87675600000007, 254.17333333333335, 38.13333333333333, 101.05333333333333
106, 635.2890279972448, 109.30258400000007, 254.02666666666667, 37.42666666666667, 100.04
107, 635.0226084842591, 109.81985066666675, 254.42666666666668, 38.2, 99.54666666666667
108, 634.7561889712734, 109.70280666666673, 254.6, 38.013333333333335, 99.02666666666667
109, 634.4897694582877, 110.63181600000006, 254.77333333333334, 39.45333333333333, 99.30666666666667
110, 634.2233499453021, 110.3269746666667, 254.78666666666666, 39.08, 98.52
111, 633.9569304323163, 110.62059733333332, 254.82666666666665, 39.733333333333334, 97.62666666666667
112, 633.6905109193307, 110.75858133333335, 254.85333333333332, 39.96, 97.6
113, 633.4240914063449, 111.28334400000004, 254.82666666666665, 40.986666666666665, 96.98666666666666
114, 633.1576718933593, 111.4040706666667, 254.76, 41.21333333333333, 97.05333333333333
115, 632.8912523803735, 112.12870133333342, 254.85333333333332, 42.32, 97.46666666666667
116, 632.6248328673878, 111.92511466666673, 254.85333333333332, 42.14666666666667, 96.57333333333334
117, 632.3584133544022, 112.73360533333334, 254.88, 43.54666666666667, 96.38666666666667
118, 632.0919938414164, 112.66760933333329, 254.84, 43.586666666666666, 95.70666666666666
119, 631.8255743284308, 113.03895733333333, 254.96, 44.18666666666667, 95.56
120, 631.559154815445, 112.7654826666667, 254.90666666666667, 43.88, 94.88
121, 631.2927353024594, 113.29011866666666, 254.94666666666666, 44.8, 94.64
122, 631.0263157894736, 113.47631733333326, 254.96, 45.14666666666667, 94.45333333333333
123, 630.759896276488, 113.28043866666671, 254.68, 45.25333333333333, 92.92
124, 630.4934767635023, 113.64157866666669, 254.88, 45.81333333333333, 92.68
125, 630.2270572505166, 114.98499066666676, 254.89333333333335, 48.06666666666667, 92.82666666666667
126, 629.9606377375309, 115.16063200000006, 254.88, 48.44, 92.48
127, 629.6942182245452, 116.04211066666667, 254.89333333333335, 49.986666666666665, 92.21333333333334
128, 629.4277987115595, 115.95606799999989, 254.92, 50.0, 91.32
129, 629.1613791985737, 116.40422666666663, 254.8, 50.93333333333333, 90.76
130, 628.8949596855881, 116.92343466666665, 254.85333333333332, 51.74666666666667, 90.98666666666666
131, 628.6285401726024, 117.23660533333326, 254.74666666666667, 52.373333333333335, 90.78666666666666
132, 628.3621206596167, 117.80439466666655, 254.98666666666668, 53.12, 91.29333333333334
133, 628.095701146631, 118.27761466666664, 254.92, 54.053333333333335, 90.81333333333333
134, 627.8292816336453, 118.47893066666664, 254.96, 54.373333333333335, 90.82666666666667
135, 627.5628621206596, 118.53177199999993, 254.94666666666666, 54.586666666666666, 90.22666666666667
136, 627.296442607674, 118.72554799999996, 254.92, 54.92, 90.28
137, 627.0300230946882, 119.65885066666667, 254.96, 56.45333333333333, 90.46666666666667
138, 626.7636035817025, 119.74402133333334, 254.98666666666668, 56.61333333333334, 90.32
139, 626.4971840687168, 120.35343999999999, 254.93333333333334, 57.81333333333333, 89.62666666666667
140, 626.2307645557311, 120.61307466666665, 254.98666666666668, 58.2, 89.77333333333333
141, 625.9643450427454, 121.24459066666658, 254.89333333333335, 59.346666666666664, 89.65333333333334
142, 625.6979255297597, 121.20541866666665, 254.88, 59.333333333333336, 89.41333333333333
143, 625.431506016774, 121.88171866666661, 254.94666666666666, 60.48, 89.26666666666667
144, 625.1650865037883, 121.81148933333328, 254.97333333333333, 60.44, 88.78666666666666
145, 624.8986669908027, 122.57887333333329, 255.0, 61.74666666666667, 88.72
146, 624.6322474778169, 122.8430066666666, 255.0, 62.17333333333333, 88.84
147, 624.3658279648313, 123.05356933333336, 254.97333333333333, 62.6, 88.56
148, 624.0994084518455, 123.36289999999998, 255.0, 63.16, 88.32
149, 623.8329889388598, 123.61601199999993, 254.94666666666666, 63.78666666666667, 87.45333333333333
150, 623.5665694258741, 123.68586133333324, 254.98666666666668, 63.973333333333336, 87.0
151, 623.3001499128884, 124.1360493333333, 254.97333333333333, 64.76, 86.93333333333334
152, 623.0337303999028, 123.97195999999998, 254.93333333333334, 64.57333333333334, 86.56
153, 622.767310886917, 125.48383333333327, 255.0, 66.94666666666667, 87.42666666666666
154, 622.5008913739314, 125.21286799999992, 254.92, 66.72, 86.42666666666666
155, 622.2344718609456, 126.06850666666664, 254.93333333333334, 68.26666666666667, 85.93333333333334
156, 621.96805234796, 126.85336799999997, 254.98666666666668, 69.50666666666666, 86.29333333333334
157, 621.7016328349742, 127.68698533333331, 254.94666666666666, 71.05333333333333, 85.74666666666667
158, 621.4352133219886, 128.2864333333334, 255.0, 72.02666666666667, 85.85333333333334
159, 621.1687938090029, 128.92265866666676, 254.88, 73.29333333333334, 85.22666666666667
160, 620.9023742960171, 129.21487733333345, 254.96, 73.78666666666666, 85.04
161, 620.6359547830315, 129.86010266666673, 254.97333333333333, 75.02666666666667, 84.28
162, 620.3695352700457, 129.9297026666667, 254.97333333333333, 75.18666666666667, 84.06666666666666
163, 620.1031157570601, 130.3318253333333, 254.94666666666666, 75.97333333333333, 83.61333333333333
164, 619.8366962440743, 130.4367226666667, 254.90666666666667, 76.32, 82.85333333333334
165, 619.5702767310887, 130.80994399999997, 254.96, 77.04, 82.28
166, 619.303857218103, 131.07500666666667, 255.0, 77.53333333333333, 81.96
167, 619.0374377051173, 131.3898253333333, 254.94666666666666, 78.21333333333334, 81.36
168, 618.7710181921316, 131.68528799999996, 254.98666666666668, 78.70666666666666, 81.30666666666667
169, 618.5045986791458, 132.1700773333333, 254.96, 79.70666666666666, 80.48
170, 618.2381791661602, 132.65744799999993, 254.98666666666668, 80.54666666666667, 80.36
171, 617.9717596531744, 133.33924133333323, 254.92, 81.94666666666667, 79.30666666666667
172, 617.7053401401888, 133.77953599999998, 254.90666666666667, 82.86666666666666, 78.46666666666667
173, 617.4389206272031, 135.1264133333333, 254.93333333333334, 85.0, 79.22666666666667
174, 617.1725011142174, 135.43794400000004, 254.96, 85.6, 78.8
175, 616.9060816012317, 136.27655199999998, 254.88, 87.16, 78.33333333333333
176, 616.639662088246, 136.92971466666668, 254.98666666666668, 88.12, 78.84
177, 616.3732425752603, 137.32666933333343, 254.90666666666667, 89.09333333333333, 77.52
178, 616.1068230622747, 137.62494533333344, 254.94666666666666, 89.57333333333334, 77.56
179, 615.8404035492889, 138.16828, 254.93333333333334, 90.65333333333334, 76.8
180, 615.5739840363033, 138.61039866666664, 254.94666666666666, 91.48, 76.38666666666667
181, 615.3075645233175, 139.33573600000005, 254.90666666666667, 92.82666666666667, 75.92
182, 615.0411450103318, 139.7238920000001, 254.94666666666666, 93.58666666666667, 75.30666666666667
183, 614.7747254973461, 140.87424666666672, 255.0, 95.49333333333334, 75.44
184, 614.5083059843604, 141.2583333333333, 254.93333333333334, 96.28, 74.93333333333334
185, 614.2418864713748, 142.11916799999995, 254.98666666666668, 97.78666666666666, 74.58666666666667
186, 613.975466958389, 143.24277466666663, 254.92, 99.69333333333333, 74.8
187, 613.7090474454034, 144.62082133333334, 254.98666666666668, 101.97333333333333, 74.97333333333333
188, 613.4426279324176, 145.33237866666659, 254.88, 103.41333333333333, 74.08
189, 613.176208419432, 146.5461266666666, 255.0, 105.37333333333333, 74.32
190, 612.9097889064462, 147.60720933333323, 254.97333333333333, 107.28, 73.88
191, 612.6433693934605, 148.73326, 255.0, 109.12, 74.21333333333334
192, 612.3769498804749, 149.5002013333332, 254.92, 110.66666666666667, 73.18666666666667
193, 612.1105303674891, 150.563584, 254.96, 112.52, 72.86666666666666
194, 611.8441108545035, 151.29076799999999, 254.98666666666668, 113.78666666666666, 72.65333333333334
195, 611.5776913415177, 151.51333599999998, 254.90666666666667, 114.42666666666666, 71.52
196, 611.3112718285321, 152.87246266666673, 254.97333333333333, 116.66666666666667, 71.73333333333333
197, 611.0448523155463, 153.38592800000004, 254.98666666666668, 117.66666666666667, 71.05333333333333
198, 610.7784328025607, 153.92155733333337, 254.96, 118.70666666666666, 70.46666666666667
199, 610.512013289575, 154.922796, 254.97333333333333, 120.41333333333333, 70.42666666666666
200, 610.2455937765892, 155.51836933333334, 254.97333333333333, 121.56, 69.74666666666667
201, 609.9791742636036, 156.07143733333342, 254.96, 122.58666666666667, 69.34666666666666
202, 609.7127547506178, 156.66142799999986, 254.92, 123.84, 68.17333333333333
203, 609.4463352376322, 157.37809333333325, 254.93333333333334, 125.08, 68.04
204, 609.1799157246464, 157.75195599999995, 254.97333333333333, 125.89333333333333, 67.02666666666667
205, 608.9134962116608, 158.58741999999998, 255.0, 127.36, 66.73333333333333
206, 608.647076698675, 159.16622800000002, 254.92, 128.48, 66.25333333333333
207, 608.3806571856894, 159.67003733333334, 254.96, 129.42666666666668, 65.69333333333333
208, 608.1142376727037, 160.2931973333334, 254.96, 130.58666666666667, 65.18666666666667
209, 607.847818159718, 161.00191466666672, 254.98666666666668, 131.84, 64.88
210, 607.5813986467323, 161.2584373333332, 254.96, 132.46666666666667, 63.973333333333336
211, 607.3149791337466, 161.8669933333333, 254.86666666666667, 133.69333333333333, 63.24
212, 607.0485596207609, 162.673368, 254.98666666666668, 135.02666666666667, 63.13333333333333
213, 606.7821401077751, 163.58032133333333, 254.92, 136.70666666666668, 62.61333333333334
214, 606.5157205947895, 164.1381320000001, 254.94666666666666, 137.66666666666666, 62.49333333333333
215, 606.2493010818038, 165.06474133333327, 254.98666666666668, 139.25333333333333, 62.346666666666664
216, 605.9828815688181, 165.41113199999995, 254.94666666666666, 139.94666666666666, 61.92
217, 605.7164620558324, 166.60199599999999, 254.97333333333333, 141.93333333333334, 62.06666666666667
218, 605.4500425428467, 167.6718226666667, 254.97333333333333, 143.70666666666668, 62.32
219, 605.183623029861, 169.10463333333323, 255.0, 146.06666666666666, 62.666666666666664
220, 604.9172035168754, 170.27012666666658, 255.0, 148.01333333333332, 62.86666666666667
221, 604.6507840038896, 171.2727799999999, 255.0, 149.68, 63.08
222, 604.3843644909039, 171.93725066666664, 254.96, 150.93333333333334, 62.56
223, 604.1179449779182, 173.09541466666676, 254.92, 152.97333333333333, 62.32
224, 603.8515254649325, 174.20800666666665, 255.0, 154.69333333333333, 63.013333333333335
225, 603.5851059519468, 174.61046666666667, 254.93333333333334, 155.66666666666666, 61.70666666666666
226, 603.3186864389611, 175.1032373333334, 254.96, 156.46666666666667, 61.84
227, 603.0522669259755, 176.02506000000002, 255.0, 158.04, 61.72
228, 602.7858474129897, 176.19320666666673, 255.0, 158.45333333333335, 61.06666666666667
229, 602.5194279000041, 177.4327320000001, 254.94666666666666, 160.50666666666666, 61.50666666666667
230, 602.2530083870183, 177.90048666666664, 255.0, 161.33333333333334, 61.21333333333333
231, 601.9865888740327, 178.48900666666668, 255.0, 162.33333333333334, 61.22666666666667
232, 601.7201693610469, 178.601128, 254.98666666666668, 162.54666666666665, 61.14666666666667
233, 601.4537498480612, 179.89234000000002, 255.0, 164.68, 61.45333333333333
234, 601.1873303350756, 180.1638906666667, 254.96, 165.17333333333335, 61.4
235, 600.9209108220898, 180.722884, 254.89333333333335, 166.41333333333333, 60.093333333333334
236, 600.6544913091042, 181.54402133333338, 254.98666666666668, 167.65333333333334, 60.666666666666664
237, 600.3880717961184, 182.44509999999994, 255.0, 169.28, 60.16
238, 600.1216522831328, 182.44874266666648, 254.97333333333333, 169.42666666666668, 59.50666666666667
239, 599.855232770147, 183.5641146666666, 254.98666666666668, 171.32, 59.50666666666667
240, 599.5888132571614, 183.76859733333322, 254.96, 171.74666666666667, 59.17333333333333
241, 599.3223937441757, 184.60722266666673, 254.97333333333333, 173.18666666666667, 59.08
242, 599.05597423119, 184.95455333333342, 255.0, 173.74666666666667, 59.17333333333333
243, 598.7895547182043, 185.67294266666667, 254.97333333333333, 174.98666666666668, 59.16
244, 598.5231352052185, 185.79026533333334, 254.94666666666666, 175.29333333333332, 58.68
245, 598.2567156922329, 186.31032399999995, 254.89333333333335, 176.33333333333334, 58.026666666666664
246, 597.9902961792471, 186.6987013333334, 254.98666666666668, 176.97333333333333, 57.89333333333333
247, 597.7238766662615, 187.30298000000005, 255.0, 178.04, 57.666666666666664
248, 597.4574571532758, 187.3759293333334, 254.97333333333333, 178.24, 57.346666666666664
249, 597.1910376402901, 188.0158093333334, 254.97333333333333, 179.4, 56.986666666666665
250, 596.9246181273044, 187.8673800000001, 255.0, 179.32, 56.026666666666664
251, 596.6581986143187, 188.64388933333325, 254.97333333333333, 180.76, 55.49333333333333
252, 596.391779101333, 188.76614266666658, 254.97333333333333, 181.06666666666666, 54.986666666666665
253, 596.1253595883472, 188.96371066666669, 254.89333333333335, 181.66666666666666, 53.84
254, 595.8589400753616, 189.446212, 254.94666666666666, 182.46666666666667, 53.81333333333333
255, 595.5925205623759, 190.14400133333336, 254.92, 183.74666666666667, 53.413333333333334
256, 595.3261010493902, 190.40066266666676, 254.97333333333333, 184.22666666666666, 53.053333333333335
257, 595.0596815364045, 191.25627866666667, 254.94666666666666, 185.76, 52.733333333333334
258, 594.7932620234188, 191.33874133333327, 254.98666666666668, 185.97333333333333, 52.25333333333333
259, 594.5268425104331, 192.12364666666664, 255.0, 187.29333333333332, 52.306666666666665
260, 594.2604229974474, 192.25356666666661, 255.0, 187.69333333333333, 51.38666666666666
261, 593.9940034844617, 192.99349066666664, 254.96, 189.09333333333333, 50.77333333333333
262, 593.7275839714761, 193.1887320000001, 254.94666666666666, 189.54666666666665, 50.18666666666667
263, 593.4611644584903, 193.78898133333337, 254.98666666666668, 190.53333333333333, 50.266666666666666
264, 593.1947449455047, 193.8580066666667, 255.0, 190.69333333333333, 50.013333333333335
265, 592.9283254325189, 194.23942399999993, 254.96, 191.48, 49.413333333333334
266, 592.6619059195332, 194.4548733333333, 255.0, 191.82666666666665, 49.413333333333334
267, 592.3954864065475, 195.02776800000015, 254.98666666666668, 192.94666666666666, 48.70666666666666
268, 592.1290668935618, 195.17670133333348, 254.98666666666668, 193.21333333333334, 48.64
269, 591.8626473805762, 195.89870533333337, 254.94666666666666, 194.45333333333335, 48.693333333333335
270, 591.5962278675904, 195.8423213333334, 254.92, 194.46666666666667, 48.2
271, 591.3298083546048, 196.51367466666673, 254.98666666666668, 195.68, 47.666666666666664
272, 591.063388841619, 196.5918253333334, 254.94666666666666, 195.97333333333333, 46.946666666666665
273, 590.7969693286334, 197.25023199999993, 254.88, 197.16, 46.78666666666667
274, 590.5305498156476, 197.4244373333333, 254.96, 197.50666666666666, 46.32
275, 590.2641303026619, 197.76173066666664, 254.96, 198.21333333333334, 45.64
276, 589.9977107896763, 198.11342266666662, 254.97333333333333, 198.90666666666667, 45.12
277, 589.7312912766905, 198.5454146666666, 254.92, 199.77333333333334, 44.586666666666666
278, 589.4648717637049, 198.45350266666668, 254.97333333333333, 199.86666666666667, 43.16
279, 589.1984522507191, 199.0566093333333, 254.97333333333333, 200.92, 43.026666666666664
280, 588.9320327377335, 198.87235733333333, 254.96, 200.86666666666667, 41.72
281, 588.6656132247477, 199.8282386666667, 254.94666666666666, 202.52, 41.626666666666665
282, 588.3991937117621, 199.80228933333325, 254.97333333333333, 202.76, 40.093333333333334
283, 588.1327741987764, 200.5229173333333, 254.96, 203.98666666666668, 40.13333333333333
284, 587.8663546857906, 200.88262400000002, 254.96, 204.76, 39.306666666666665
285, 587.599935172805, 201.82617999999988, 255.0, 206.36, 39.24
286, 587.3335156598193, 201.6873293333333, 254.97333333333333, 206.44, 37.68
287, 587.0670961468336, 202.64458666666675, 254.93333333333334, 208.10666666666665, 37.6
288, 586.8006766338478, 202.7830520000001, 254.94666666666666, 208.50666666666666, 36.72
289, 586.5342571208622, 203.2696266666667, 254.93333333333334, 209.46666666666667, 36.08
290, 586.2678376078765, 203.46503466666672, 254.98666666666668, 209.92, 35.32
291, 586.0014180948908, 203.83459600000003, 254.97333333333333, 210.61333333333334, 35.026666666666664
292, 585.7349985819051, 203.672984, 254.96, 210.64, 33.50666666666667
293, 585.4685790689194, 204.76750133333326, 254.98666666666668, 212.41333333333333, 33.906666666666666
294, 585.2021595559337, 204.3723053333333, 254.94666666666666, 212.13333333333333, 31.986666666666668
295, 584.935740042948, 204.72099599999987, 254.97333333333333, 212.77333333333334, 31.68
296, 584.6693205299623, 204.7181946666666, 254.98666666666668, 213.0, 30.453333333333333
297, 584.4029010169766, 205.11308799999992, 254.98666666666668, 213.78666666666666, 29.866666666666667
298, 584.1364815039909, 205.08366666666666, 254.93333333333334, 214.06666666666666, 28.30666666666667
299, 583.8700619910052, 205.55949599999997, 254.90666666666667, 214.98666666666668, 27.813333333333333
300, 583.6036424780195, 205.5542293333333, 254.90666666666667, 215.21333333333334, 26.6
301, 583.3372229650338, 205.91876133333326, 254.92, 215.94666666666666, 25.986666666666668
302, 583.0708034520482, 206.06887866666668, 254.94666666666666, 216.44, 24.69333333333333
303, 582.8043839390624, 206.52677733333337, 254.89333333333335, 217.4, 23.906666666666666
304, 582.5379644260768, 206.57669600000006, 254.90666666666667, 217.86666666666667, 21.906666666666666
305, 582.271544913091, 206.88821600000003, 254.90666666666667, 218.66666666666666, 20.52
306, 582.0051254001053, 206.885072, 254.88, 219.04, 18.64
307, 581.7387058871196, 207.15014, 254.86666666666667, 219.66666666666666, 17.773333333333333
308, 581.4722863741339, 207.20605600000002, 254.90666666666667, 220.10666666666665, 15.893333333333333
309, 581.2058668611483, 207.75202266666662, 254.97333333333333, 221.18666666666667, 14.946666666666667
310, 580.9394473481625, 207.79191466666668, 254.98666666666668, 221.6, 13.133333333333333
311, 580.6730278351769, 208.0832093333334, 254.97333333333333, 222.16, 12.84
312, 580.4066083221911, 208.34460800000002, 254.98666666666668, 222.90666666666667, 11.253333333333334
313, 580.1401888092055, 208.6352346666666, 254.98666666666668, 223.64, 10.026666666666667
314, 579.8737692962197, 208.87441333333325, 254.93333333333334, 224.52, 7.733333333333333
315, 579.6073497832341, 209.4764213333333, 254.98666666666668, 225.73333333333332, 6.626666666666667
316, 579.3409302702484, 209.96230533333323, 254.94666666666666, 226.85333333333332, 5.226666666666667
317, 579.0745107572627, 210.37078533333334, 254.94666666666666, 227.81333333333333, 3.8666666666666667
318, 578.808091244277, 210.70636000000005, 254.93333333333334, 228.65333333333334, 2.52
319, 578.5416717312912, 211.72113466666673, 254.92, 230.37333333333333, 2.6
320, 578.2752522183056, 212.431, 254.8, 231.68, 2.4133333333333336
321, 578.0088327053198, 213.06609466666663, 254.38666666666666, 233.12, 1.6533333333333333
322, 577.7424131923342, 213.63126800000006, 253.45333333333335, 234.49333333333334, 1.9866666666666666
323, 577.4759936793484, 214.31912400000007, 252.36, 236.24, 1.8933333333333333
324, 577.2095741663628, 214.68291866666667, 250.68, 237.73333333333332, 1.8
325, 576.9431546533771, 215.30378000000005, 248.73333333333332, 239.81333333333333, 1.64
326, 576.6767351403914, 216.25399200000004, 246.88, 242.28, 2.1333333333333333
327, 576.4103156274057, 216.56807066666667, 244.36, 244.17333333333335, 1.7466666666666666
328, 576.1438961144199, 217.140664, 241.09333333333333, 246.77333333333334, 1.9466666666666668
329, 575.8774766014343, 218.05829600000004, 238.50666666666666, 249.66666666666666, 1.88
330, 575.6110570884485, 218.20151200000006, 235.28, 251.52, 2.0533333333333332
331, 575.3446375754629, 218.53954266666662, 233.50666666666666, 252.96, 2.2533333333333334
332, 575.0782180624772, 218.1903013333333, 230.58666666666667, 253.89333333333335, 2.04
333, 574.8117985494915, 218.05284133333333, 229.45333333333335, 254.2, 2.2266666666666666
334, 574.5453790365058, 217.12096, 226.4, 254.32, 1.44
335, 574.2789595235201, 216.6467373333333, 224.22666666666666, 254.53333333333333, 1.88
336, 574.0125400105344, 215.57557466666657, 220.78666666666666, 254.6, 1.16
337, 573.7461204975486, 215.3266426666667, 219.44, 254.69333333333333, 2.026666666666667
338, 573.479700984563, 214.3557706666667, 216.29333333333332, 254.78666666666666, 1.28
339, 573.2132814715774, 214.05263599999995, 215.24, 254.76, 1.52
340, 572.9468619585916, 213.12085733333342, 212.49333333333334, 254.68, 0.96
341, 572.6804424456059, 212.46479333333332, 210.46666666666667, 254.49333333333334, 1.48
342, 572.4140229326202, 211.4421733333333, 207.2, 254.54666666666665, 0.8
343, 572.1476034196345, 211.01604266666675, 205.44, 254.61333333333334, 1.3333333333333333
344, 571.8811839066489, 210.06260666666668, 202.06666666666666, 254.8, 0.8533333333333334
345, 571.6147643936631, 208.866676, 198.70666666666668, 254.34666666666666, 1.5066666666666666
346, 571.3483448806775, 207.907036, 195.10666666666665, 254.66666666666666, 0.88
347, 571.0819253676917, 207.21565333333334, 192.66666666666666, 254.57333333333332, 1.6933333333333334
348, 570.8155058547061, 205.84105733333334, 188.62666666666667, 254.49333333333334, 0.64
349, 570.5490863417203, 205.26475600000006, 186.44, 254.48, 1.3866666666666667
350, 570.2826668287346, 204.10585333333327, 182.53333333333333, 254.64, 0.64
351, 570.016247315749, 203.2801773333334, 179.42666666666668, 254.61333333333334, 1.68
352, 569.7498278027632, 202.06531466666667, 175.38666666666666, 254.72, 1.0666666666666667
353, 569.4834082897776, 201.2087373333332, 171.96, 254.74666666666667, 2.4
354, 569.2169887767918, 200.04096400000006, 168.09333333333333, 254.93333333333334, 1.3333333333333333
355, 568.9505692638062, 198.91388133333336, 165.18666666666667, 254.49333333333334, 1.3333333333333333
356, 568.6841497508204, 197.4681746666666, 160.52, 254.45333333333335, 1.0933333333333333
357, 568.4177302378348, 196.07578399999997, 155.36, 254.6, 1.6533333333333333
358, 568.151310724849, 193.61368666666672, 147.93333333333334, 254.38666666666666, 0.6266666666666667
359, 567.8848912118633, 191.91136133333342, 141.58666666666667, 254.57333333333332, 1.3733333333333333
360, 567.6184716988777, 189.3264333333334, 133.4, 254.50666666666666, 0.5066666666666667
361, 567.3520521858919, 186.83542000000008, 125.8, 254.12, 0.5733333333333334
362, 567.0856326729063, 184.8042533333334, 118.4, 254.46666666666667, 0.37333333333333335
363, 566.8192131599205, 183.2688386666666, 112.81333333333333, 254.50666666666666, 1.3466666666666667
364, 566.5527936469349, 180.82487466666666, 105.25333333333333, 254.30666666666667, 0.76
365, 566.2863741339492, 179.00267200000002, 99.28, 254.2, 0.9866666666666667
366, 566.0199546209635, 176.9667880000001, 92.65333333333334, 254.17333333333335, 0.64
367, 565.7535351079778, 175.23201199999997, 86.81333333333333, 254.09333333333333, 1.1466666666666667
368, 565.4871155949921, 173.42455866666663, 80.54666666666667, 254.2, 1.1733333333333333
369, 565.2206960820064, 171.80056933333333, 74.44, 254.50666666666666, 1.36
370, 564.9542765690207, 169.65133466666666, 67.58666666666667, 254.48, 0.6133333333333333
371, 564.687857056035, 167.77752666666666, 61.4, 254.37333333333333, 0.9466666666666667
372, 564.4214375430493, 165.60842399999999, 54.29333333333334, 254.41333333333333, 0.3466666666666667
373, 564.1550180300636, 163.4826733333334, 47.4, 254.14666666666668, 1.1466666666666667
374, 563.8885985170779, 161.69099999999997, 41.06666666666667, 254.38666666666666, 0.8
375, 563.6221790040922, 159.739748, 34.78666666666667, 254.22666666666666, 0.9733333333333334
376, 563.3557594911065, 157.6709973333333, 28.026666666666667, 254.25333333333333, 0.41333333333333333
377, 563.0893399781208, 155.41361066666664, 20.826666666666668, 253.96, 1.0
378, 562.8229204651351, 153.64769733333335, 14.226666666666667, 254.41333333333333, 0.48
379, 562.5565009521495, 152.52287733333338, 10.026666666666667, 254.49333333333334, 1.2133333333333334
380, 562.2900814391637, 151.29420933333336, 6.173333333333333, 254.44, 0.8133333333333334
381, 562.023661926178, 150.77267733333338, 4.426666666666667, 254.29333333333332, 1.5733333333333333
382, 561.7572424131923, 150.26358533333345, 2.4133333333333336, 254.56, 1.0133333333333334
383, 561.4908229002066, 150.22623066666668, 1.8266666666666667, 254.72, 1.4
384, 561.224403387221, 150.02380266666674, 1.1733333333333333, 254.74666666666667, 1.2
385, 560.9579838742352, 149.9809480000001, 1.0533333333333332, 254.69333333333333, 1.4133333333333333
386, 560.6915643612496, 150.04021200000005, 1.08, 254.76, 1.52
387, 560.4251448482638, 150.19820266666673, 1.44, 254.77333333333334, 1.8933333333333333
388, 560.1587253352782, 150.08982133333336, 1.2533333333333334, 254.72, 1.7066666666666668
389, 559.8923058222924, 150.0689920000001, 1.0133333333333334, 254.85333333333332, 1.4666666666666666
390, 559.6258863093067, 149.98626800000014, 0.7866666666666666, 254.86666666666667, 1.2666666666666666
391, 559.359466796321, 150.14962000000006, 1.1333333333333333, 254.89333333333335, 1.6533333333333333
392, 559.0930472833353, 149.95220933333346, 0.84, 254.78666666666666, 1.24
393, 558.8266277703497, 149.91108000000008, 0.8, 254.68, 1.5333333333333334
394, 558.5602082573639, 149.9125386666668, 0.7466666666666667, 254.72, 1.48
395, 558.2937887443783, 150.01294933333344, 0.9066666666666666, 254.77333333333334, 1.6666666666666667
396, 558.0273692313925, 150.04729600000013, 0.9066666666666666, 254.82666666666665, 1.6933333333333334
397, 557.7609497184069, 150.18992133333342, 1.32, 254.78666666666666, 2.066666666666667
398, 557.4945302054211, 149.8976253333334, 0.68, 254.74666666666667, 1.3866666666666667
399, 557.2281106924355, 150.09663866666676, 0.9466666666666667, 254.88, 1.7466666666666666
400, 556.9616911794498, 149.92739066666684, 0.76, 254.73333333333332, 1.5066666666666666
401, 556.6952716664641, 150.14088666666674, 1.1333333333333333, 254.82666666666665, 1.92
402, 556.4288521534784, 149.97375466666685, 0.8533333333333334, 254.74666666666667, 1.6
403, 556.1624326404926, 150.18306000000013, 1.1333333333333333, 254.89333333333335, 1.9466666666666668
404, 555.896013127507, 149.92548000000005, 0.9333333333333333, 254.61333333333334, 1.6533333333333333
405, 555.6295936145212, 150.14452266666677, 1.04, 254.89333333333335, 1.8533333333333333
406, 555.3631741015356, 149.99491333333341, 0.8666666666666667, 254.77333333333334, 1.6133333333333333
407, 555.0967545885499, 150.0812520000001, 1.08, 254.76, 1.88
408, 554.8303350755642, 150.0511373333334, 0.8933333333333333, 254.84, 1.6933333333333334
409, 554.5639155625785, 149.8938453333335, 0.7466666666666667, 254.69333333333333, 1.4533333333333334
410, 554.2974960495928, 150.09154400000006, 1.0933333333333333, 254.77333333333334, 1.8666666666666667
411, 554.0310765366071, 150.10011066666672, 1.0266666666666666, 254.84, 1.7733333333333334
412, 553.7646570236213, 149.90746533333345, 0.8133333333333334, 254.68, 1.4666666666666666
413, 553.4982375106357, 150.10604800000013, 1.12, 254.8, 1.7866666666666666
414, 553.23181799765, 150.06816800000007, 0.9866666666666667, 254.82666666666665, 1.6666666666666667
415, 552.9653984846643, 150.07542000000012, 1.0, 254.84, 1.6266666666666667
416, 552.6989789716786, 149.8049600000001, 0.6666666666666666, 254.62666666666667, 1.2266666666666666
417, 552.4325594586929, 150.13807333333335, 1.1333333333333333, 254.84, 1.8266666666666667
418, 552.1661399457072, 150.0166480000001, 0.9866666666666667, 254.74666666666667, 1.6266666666666667
419, 551.8997204327216, 150.1109786666667, 1.1466666666666667, 254.8, 1.76
420, 551.6333009197358, 149.98682133333347, 0.8533333333333334, 254.8, 1.44
421, 551.36688140675, 150.15750933333337, 1.3066666666666666, 254.81333333333333, 1.68
422, 551.1004618937644, 149.88431733333334, 0.8266666666666667, 254.69333333333333, 1.16
423, 550.8340423807788, 150.1290426666668, 1.1733333333333333, 254.94666666666666, 1.0933333333333333
424, 550.567622867793, 150.24560000000005, 1.4666666666666666, 254.94666666666666, 1.3466666666666667
425, 550.3012033548073, 150.17842533333334, 1.3466666666666667, 254.89333333333335, 1.3466666666666667
426, 550.0347838418216, 150.0181520000001, 1.0133333333333334, 254.81333333333333, 1.2266666666666666
427, 549.7683643288359, 150.2279200000001, 1.2, 254.84, 2.44
428, 549.5019448158503, 150.00063466666663, 0.9866666666666667, 254.52, 2.6533333333333333
429, 549.2355253028645, 150.59835466666672, 1.3866666666666667, 254.84, 5.2
430, 548.9691057898789, 150.79994133333335, 1.52, 254.78666666666666, 6.8933333333333335
431, 548.7026862768931, 151.27606266666663, 1.64, 254.93333333333334, 10.0
432, 548.4362667639075, 151.49219999999997, 1.6, 254.76, 12.893333333333333
433, 548.1698472509217, 151.94008266666668, 1.3066666666666666, 254.88, 16.973333333333333
434, 547.903427737936, 152.4434626666667, 1.7733333333333334, 254.82666666666665, 20.44
435, 547.6370082249504, 152.90521866666668, 1.9466666666666668, 254.8, 24.173333333333332
436, 547.3705887119646, 153.22993733333337, 1.6933333333333334, 254.84, 27.48
437, 547.104169198979, 153.827692, 1.88, 254.8, 32.44
438, 546.8377496859932, 154.02408800000003, 1.52, 254.8, 35.10666666666667
439, 546.5713301730076, 154.51542666666663, 1.7333333333333334, 254.82666666666665, 38.72
440, 546.3049106600218, 154.67148799999995, 1.6533333333333333, 254.77333333333334, 40.57333333333333
441, 546.0384911470362, 154.95971199999994, 1.5466666666666666, 254.82666666666665, 43.10666666666667
442, 545.7720716340505, 155.01103066666664, 1.4266666666666667, 254.68, 44.626666666666665
443, 545.5056521210647, 155.5151173333333, 1.76, 254.86666666666667, 47.21333333333333
444, 545.2392326080791, 155.6098586666666, 1.68, 254.69333333333333, 49.14666666666667
445, 544.9728130950933, 155.9987933333333, 1.4, 254.86666666666667, 52.4
446, 544.7063935821077, 156.27151466666663, 1.3866666666666667, 254.96, 54.346666666666664
447, 544.439974069122, 156.59745333333333, 1.4666666666666666, 254.93333333333334, 57.13333333333333
448, 544.1735545561363, 156.49982533333326, 1.08, 254.82666666666665, 57.84
449, 543.9071350431506, 156.66311466666664, 0.8533333333333334, 254.82666666666665, 59.86666666666667
450, 543.6407155301649, 156.8603973333334, 1.0933333333333333, 254.88, 60.693333333333335
451, 543.3742960171792, 157.02436799999998, 0.9866666666666667, 254.86666666666667, 62.48
452, 543.1078765041935, 157.28910666666664, 1.3333333333333333, 254.86666666666667, 63.89333333333333
453, 542.8414569912078, 157.42747999999997, 1.2, 254.8, 65.8
454, 542.5750374782222, 157.58330533333344, 1.2133333333333334, 254.88, 66.72
455, 542.3086179652364, 157.94552933333335, 1.64, 254.82666666666665, 69.05333333333333
456, 542.0421984522507, 158.15825466666672, 1.8533333333333333, 254.82666666666665, 70.36
457, 541.775778939265, 158.43853199999998, 1.88, 254.84, 72.68
458, 541.5093594262793, 158.43406266666673, 1.64, 254.77333333333334, 73.61333333333333
459, 541.2429399132936, 158.72904933333334, 1.7733333333333334, 254.76, 75.92
460, 540.9765204003079, 158.88762800000003, 1.8533333333333333, 254.81333333333333, 76.82666666666667
461, 540.7101008873223, 159.12497333333332, 1.7333333333333334, 254.88, 78.88
462, 540.4436813743365, 158.65185600000004, 1.04, 254.44, 78.81333333333333
463, 540.1772618613509, 159.52356000000006, 1.6, 254.92, 82.52
464, 539.9108423483651, 159.59427333333332, 1.4, 254.90666666666667, 83.73333333333333
465, 539.6444228353794, 159.85451866666662, 1.3466666666666667, 254.88, 86.29333333333334
466, 539.3780033223937, 159.89690533333336, 1.2133333333333334, 254.8, 87.42666666666666
467, 539.111583809408, 160.1761786666667, 1.4133333333333333, 254.74666666666667, 89.62666666666667
468, 538.8451642964224, 160.28197733333332, 1.56, 254.54666666666665, 91.2
469, 538.5787447834366, 160.74831866666668, 1.48, 254.77333333333334, 94.33333333333333
470, 538.312325270451, 160.91882933333335, 1.44, 254.86666666666667, 95.45333333333333
471, 538.0459057574652, 161.02417200000008, 1.3466666666666667, 254.74666666666667, 97.24
472, 537.7794862444796, 161.2250640000001, 1.6266666666666667, 254.66666666666666, 98.68
473, 537.5130667314938, 161.6049733333333, 1.8666666666666667, 254.73333333333332, 101.04
474, 537.2466472185081, 161.76933733333334, 1.8266666666666667, 254.73333333333332, 102.58666666666667
475, 536.9802277055225, 161.85304133333327, 1.32, 254.70666666666668, 104.78666666666666
476, 536.7138081925368, 162.03746133333325, 1.52, 254.70666666666668, 105.88
477, 536.4473886795511, 162.24728000000002, 1.3333333333333333, 254.77333333333334, 107.86666666666666
478, 536.1809691665653, 162.33917599999998, 1.3066666666666666, 254.74666666666667, 108.88
479, 535.9145496535797, 162.64148000000003, 1.3333333333333333, 254.89333333333335, 110.70666666666666
480, 535.6481301405939, 162.53171733333332, 1.2266666666666666, 254.69333333333333, 111.05333333333333
481, 535.3817106276083, 162.8001413333334, 0.9866666666666667, 254.85333333333332, 113.21333333333334
482, 535.1152911146226, 162.95122666666663, 1.2, 254.89333333333335, 113.77333333333333
483, 534.8488716016368, 163.04176133333328, 1.0533333333333332, 254.84, 115.22666666666667
484, 534.5824520886512, 163.19194, 1.2666666666666666, 254.82666666666665, 116.05333333333333
485, 534.3160325756655, 163.35067066666662, 1.16, 254.77333333333334, 118.0
486, 534.0496130626798, 163.23821600000005, 1.04, 254.56, 118.42666666666666
487, 533.783193549694, 163.64134666666666, 1.3333333333333333, 254.78666666666666, 120.02666666666667
488, 533.5167740367084, 163.72279333333339, 1.5333333333333334, 254.72, 120.56
489, 533.2503545237226, 163.93630933333336, 1.3066666666666666, 254.81333333333333, 122.54666666666667
490, 532.983935010737, 163.90286266666666, 1.24, 254.73333333333332, 122.84
491, 532.7175154977513, 164.14674533333337, 1.48, 254.66666666666666, 124.69333333333333
492, 532.4510959847656, 164.09869600000002, 1.44, 254.6, 124.72
493, 532.1846764717799, 164.46564800000013, 1.52, 254.84, 126.49333333333334
494, 531.9182569587942, 164.15960666666675, 1.0, 254.65333333333334, 126.13333333333334
495, 531.6518374458085, 164.6000586666668, 1.4133333333333333, 254.78666666666666, 128.22666666666666
496, 531.3854179328227, 164.25952800000007, 0.9866666666666667, 254.50666666666666, 127.8
497, 531.1189984198371, 164.93514800000005, 1.72, 254.8, 130.29333333333332
498, 530.8525789068515, 164.7677053333334, 1.3466666666666667, 254.73333333333332, 130.14666666666668
499, 530.5861593938657, 165.1405973333335, 1.76, 254.82666666666665, 131.85333333333332
500, 530.31973988088, 164.98576133333344, 1.32, 254.70666666666668, 132.26666666666668
501, 530.0533203678943, 165.39565999999994, 1.4, 254.88, 134.76
502, 529.7869008549086, 165.32927999999993, 1.2, 254.76, 135.32
503, 529.520481341923, 165.94536533333326, 1.9466666666666668, 254.89333333333335, 138.08
504, 529.2540618289372, 165.7946826666667, 1.7066666666666668, 254.72, 138.28
505, 528.9876423159515, 166.18432399999992, 1.8266666666666667, 254.78666666666666, 141.04
506, 528.7212228029658, 166.17236133333333, 1.72, 254.70666666666668, 141.62666666666667
507, 528.4548032899802, 166.63630800000004, 1.9866666666666666, 254.86666666666667, 144.17333333333335
508, 528.1883837769944, 166.51113333333333, 1.7333333333333334, 254.64, 144.90666666666667
509, 527.9219642640087, 166.76420666666667, 1.4, 254.73333333333332, 147.52
510, 527.6555447510231, 166.8020333333334, 1.2666666666666666, 254.65333333333334, 148.61333333333334
511, 527.3891252380373, 167.1394173333333, 1.16, 254.82666666666665, 150.96
512, 527.1227057250517, 167.35838266666673, 1.3733333333333333, 254.74666666666667, 152.73333333333332
513, 526.8562862120659, 167.65460133333346, 1.4533333333333334, 254.76, 155.05333333333334
514, 526.5898666990803, 167.9423226666667, 1.84, 254.69333333333333, 156.90666666666667
515, 526.3234471860945, 168.26952266666666, 1.9733333333333334, 254.78666666666666, 158.94666666666666
516, 526.0570276731089, 168.0473466666666, 1.4666666666666666, 254.56, 159.49333333333334
517, 525.7906081601232, 168.5432173333333, 1.56, 254.90666666666667, 161.81333333333333
518, 525.5241886471374, 168.47295600000004, 1.24, 254.88, 162.17333333333335
519, 525.2577691341518, 168.836496, 1.7066666666666668, 254.82666666666665, 164.41333333333333
520, 524.991349621166, 168.85752666666667, 1.6666666666666667, 254.8, 164.84
521, 524.7249301081804, 169.1735293333333, 1.9066666666666667, 254.77333333333334, 167.12
522, 524.4585105951946, 169.12307333333337, 1.6666666666666667, 254.77333333333334, 167.30666666666667
523, 524.192091082209, 169.46625466666663, 1.9866666666666666, 254.76, 169.54666666666665
524, 523.9256715692233, 169.3485879999999, 1.8533333333333333, 254.65333333333334, 169.41333333333333
525, 523.6592520562376, 169.32028400000002, 1.56, 254.48, 170.82666666666665
526, 523.3928325432519, 169.29869066666663, 1.2266666666666666, 254.6, 170.89333333333335
527, 523.1264130302661, 169.3786226666667, 0.9733333333333334, 254.54666666666665, 172.53333333333333
528, 522.8599935172805, 169.6818653333333, 1.3466666666666667, 254.73333333333332, 173.25333333333333
529, 522.5935740042949, 169.9222493333333, 1.1066666666666667, 254.85333333333332, 175.37333333333333
530, 522.3271544913091, 169.92325466666665, 1.0533333333333332, 254.86666666666667, 175.45333333333335
531, 522.0607349783234, 170.0351573333334, 1.36, 254.62666666666667, 176.86666666666667
532, 521.7943154653377, 169.728868, 0.92, 254.36, 176.70666666666668
533, 521.527895952352, 170.585644, 1.56, 254.88, 179.86666666666667
534, 521.2614764393663, 170.51068133333342, 1.4533333333333334, 254.76, 180.10666666666665
535, 520.9950569263806, 170.6164613333333, 1.3866666666666667, 254.73333333333332, 181.34666666666666
536, 520.7286374133948, 170.4678133333333, 1.2, 254.54666666666665, 181.49333333333334
537, 520.4622179004092, 170.33484799999997, 1.2533333333333334, 254.01333333333332, 182.93333333333334
538, 520.1957983874236, 170.5201146666666, 1.52, 254.05333333333334, 183.65333333333334
539, 519.9293788744378, 171.17703600000002, 1.7733333333333334, 254.53333333333333, 186.28
540, 519.6629593614521, 171.0564506666667, 1.6266666666666667, 254.4, 186.29333333333332
541, 519.3965398484664, 170.94330666666667, 1.7333333333333334, 253.82666666666665, 187.97333333333333
542, 519.1301203354807, 170.54556399999996, 1.4266666666666667, 253.34666666666666, 187.76
543, 518.863700822495, 170.70111599999998, 2.3066666666666666, 252.74666666666667, 189.90666666666667
544, 518.5972813095093, 170.4509213333334, 1.72, 252.54666666666665, 190.28
545, 518.3308617965237, 170.45876533333328, 1.9466666666666668, 251.97333333333333, 192.70666666666668
546, 518.0644422835379, 170.0510173333333, 1.56, 251.50666666666666, 192.54666666666665
547, 517.7980227705523, 169.74684933333333, 1.64, 250.62666666666667, 194.2
548, 517.5316032575665, 169.14696533333338, 1.1466666666666667, 249.85333333333332, 194.21333333333334
549, 517.2651837445808, 168.81590266666674, 1.3733333333333333, 248.74666666666667, 196.41333333333333
550, 516.9987642315951, 169.22033733333325, 2.0933333333333333, 248.88, 197.38666666666666
551, 516.7323447186095, 168.73309733333338, 1.96, 247.86666666666667, 198.68
552, 516.4659252056238, 168.03792133333332, 1.32, 247.10666666666665, 198.17333333333335
553, 516.199505692638, 167.32446000000007, 1.2666666666666666, 245.50666666666666, 200.29333333333332
554, 515.9330861796524, 166.5446333333334, 1.1333333333333333, 244.36, 199.70666666666668
555, 515.6666666666666, 166.4845453333333, 1.7466666666666666, 243.45333333333335, 202.24
556, 515.400247153681, 165.76196266666668, 1.44, 242.37333333333333, 202.26666666666668
557, 515.1338276406952, 165.39364266666664, 1.84, 241.21333333333334, 203.96
558, 514.8674081277095, 164.3600079999999, 1.2533333333333334, 239.81333333333333, 203.64
559, 514.6009886147239, 163.04593866666661, 1.1466666666666667, 237.44, 204.61333333333334
560, 514.3345691017382, 162.8054813333333, 0.92, 237.02666666666667, 205.22666666666666
561, 514.0681495887525, 162.812216, 1.3066666666666666, 236.34666666666666, 207.77333333333334
562, 513.8017300757667, 162.60919333333325, 1.4, 235.90666666666667, 208.01333333333332
563, 513.5353105627811, 162.84191999999993, 2.0, 235.56, 210.26666666666668
564, 513.2688910497953, 162.31455466666665, 2.0533333333333332, 234.62666666666667, 210.30666666666667
565, 513.0024715368097, 161.53374533333334, 2.1466666666666665, 233.01333333333332, 211.52
566, 512.736052023824, 160.77901466666663, 1.72, 231.97333333333333, 211.37333333333333
567, 512.4696325108383, 160.1595653333333, 1.4133333333333333, 230.88, 212.37333333333333
568, 512.2032129978526, 159.29454666666666, 0.8, 229.85333333333332, 211.68
569, 511.9367934848669, 159.83646933333335, 1.3066666666666666, 229.93333333333334, 214.69333333333333
570, 511.6703739718812, 159.91315200000003, 1.5466666666666666, 229.86666666666667, 215.08
571, 511.4039544588955, 159.69895866666667, 1.7466666666666666, 229.04, 216.93333333333334
572, 511.1375349459098, 158.941624, 1.2266666666666666, 228.14666666666668, 216.25333333333333
573, 510.87111543292406, 158.65184266666665, 1.7066666666666668, 227.16, 217.53333333333333
574, 510.6046959199384, 158.17143733333333, 1.2266666666666666, 226.65333333333334, 217.18666666666667
575, 510.3382764069527, 158.08532533333337, 1.68, 225.86666666666667, 219.29333333333332
576, 510.07185689396704, 157.9555973333333, 1.4933333333333334, 225.72, 219.4
577, 509.8054373809813, 157.756996, 2.1733333333333333, 224.61333333333334, 221.57333333333332
578, 509.5390178679956, 156.92915866666667, 1.48, 223.69333333333333, 220.86666666666667
579, 509.2725983550099, 156.24681466666664, 1.1866666666666668, 222.6, 221.28
580, 509.0061788420242, 155.72080800000003, 1.12, 221.8, 220.96
581, 508.7397593290385, 156.32709333333335, 2.4, 221.54666666666665, 224.22666666666666
582, 508.4733398160528, 156.13670533333337, 2.4133333333333336, 221.2, 224.30666666666667
583, 508.20692030306714, 155.17606800000001, 1.72, 219.8, 224.90666666666667
584, 507.9405007900814, 154.30424933333333, 0.9733333333333334, 218.84, 224.16
585, 507.67408127709575, 154.32703333333328, 1.1333333333333333, 218.44, 226.0
586, 507.40766176411, 155.01156266666666, 1.7066666666666668, 219.12, 227.0
587, 507.14124225112437, 154.92744666666658, 2.2, 218.37333333333333, 228.81333333333333
588, 506.8748227381386, 154.3454613333333, 1.7866666666666666, 217.69333333333333, 228.29333333333332
589, 506.6084032251529, 154.1988933333333, 1.8666666666666667, 217.05333333333334, 230.09333333333333
590, 506.34198371216723, 153.78124666666668, 1.5333333333333334, 216.58666666666667, 229.70666666666668
591, 506.07556419918154, 153.3878053333333, 1.9466666666666668, 215.41333333333333, 231.21333333333334
592, 505.80914468619585, 152.67282800000007, 1.5866666666666667, 214.46666666666667, 230.76
593, 505.54272517321016, 152.13817333333327, 1.3333333333333333, 213.4, 232.22666666666666
594, 505.27630566022447, 152.60382533333336, 1.7466666666666666, 213.85333333333332, 232.89333333333335
595, 505.0098861472387, 152.38602133333342, 1.7866666666666666, 213.21333333333334, 234.17333333333335
596, 504.7434666342531, 151.63836, 1.3333333333333333, 212.25333333333333, 233.74666666666667
597, 504.47704712126733, 151.2460266666667, 1.4666666666666666, 211.24, 235.17333333333335
598, 504.2106276082817, 150.58390266666675, 1.24, 210.25333333333333, 235.04
599, 503.94420809529595, 151.86763733333336, 2.026666666666667, 211.49333333333334, 237.85333333333332
600, 503.67778858231026, 151.76871866666664, 1.88, 211.29333333333332, 238.4
601, 503.41136906932456, 151.0870053333333, 1.68, 210.02666666666667, 239.46666666666667
602, 503.1449495563389, 150.69985866666664, 1.4133333333333333, 209.46666666666667, 239.65333333333334
603, 502.8785300433532, 150.22178, 1.5333333333333334, 208.29333333333332, 241.18666666666667
604, 502.6121105303675, 149.81045600000007, 1.1733333333333333, 207.77333333333334, 241.2
605, 502.3456910173818, 148.76908799999998, 1.12, 205.84, 242.16
606, 502.07927150439605, 148.275248, 0.8533333333333334, 205.17333333333335, 241.96
607, 501.8128519914104, 148.2402266666667, 1.4666666666666666, 204.4, 244.02666666666667
608, 501.54643247842466, 148.100716, 1.3733333333333333, 204.09333333333333, 244.62666666666667
609, 501.280012965439, 147.61326399999996, 1.0933333333333333, 203.05333333333334, 246.44
610, 501.0135934524533, 147.93098799999999, 1.4533333333333334, 203.25333333333333, 247.25333333333333
611, 500.7471739394676, 148.00371999999993, 1.8666666666666667, 202.94666666666666, 248.38666666666666
612, 500.4807544264819, 147.57880933333337, 1.5066666666666666, 202.25333333333333, 249.17333333333335
613, 500.2143349134962, 146.72160666666667, 1.5333333333333334, 200.62666666666667, 249.96
614, 499.9479154005105, 145.9062133333334, 1.0666666666666667, 199.49333333333334, 249.86666666666667
615, 499.68149588752476, 145.87238799999992, 1.32, 199.04, 251.24
616, 499.4150763745391, 145.25180266666666, 1.1733333333333333, 198.10666666666665, 250.98666666666668
617, 499.1486568615534, 145.36807999999996, 1.7333333333333334, 197.69333333333333, 252.66666666666666
618, 498.88223734856774, 145.40172533333333, 1.8133333333333332, 197.64, 253.02666666666667
619, 498.615817835582, 144.7550493333333, 2.04, 196.38666666666666, 253.21333333333334
620, 498.34939832259636, 143.66175333333334, 1.0, 195.06666666666666, 253.14666666666668
621, 498.0829788096106, 143.30668533333332, 1.1466666666666667, 194.13333333333333, 254.45333333333335
622, 497.8165592966249, 143.15430533333333, 1.3466666666666667, 193.81333333333333, 254.24
623, 497.5501397836392, 143.20001333333337, 2.1333333333333333, 193.4, 254.70666666666668
624, 497.28372027065353, 142.23114399999997, 1.2266666666666666, 192.22666666666666, 254.62666666666667
625, 497.01730075766784, 141.21067733333336, 1.36, 190.38666666666666, 254.8
626, 496.7508812446821, 140.935388, 1.1866666666666668, 190.02666666666667, 254.69333333333333
627, 496.48446173169646, 140.47411066666666, 1.56, 189.05333333333334, 254.68
628, 496.2180422187107, 139.13675733333338, 1.0933333333333333, 187.08, 254.33333333333334
629, 495.9516227057251, 138.3022853333334, 1.8133333333333332, 185.24, 254.6
630, 495.6852031927393, 137.91818133333342, 1.7866666666666666, 184.57333333333332, 254.73333333333332
631, 495.41878367975363, 137.18103333333343, 1.4, 183.50666666666666, 254.77333333333334
632, 495.15236416676794, 136.68696400000002, 0.8933333333333333, 182.93333333333334, 254.72
633, 494.88594465378225, 136.54168933333338, 1.3733333333333333, 182.4, 254.93333333333334
634, 494.61952514079655, 136.110032, 1.1466666666666667, 181.82666666666665, 254.69333333333333
635, 494.35310562781086, 135.03038399999997, 1.2266666666666666, 179.94666666666666, 254.69333333333333
636, 494.08668611482517, 134.96696933333322, 1.24, 179.82666666666665, 254.72
637, 493.8202666018394, 134.51317066666667, 2.16, 178.53333333333333, 254.98666666666668
638, 493.5538470888538, 132.98988000000003, 0.8, 176.68, 254.73333333333332
639, 493.28742757586804, 131.86136266666665, 1.1733333333333333, 174.54666666666665, 254.84
640, 493.0210080628824, 131.34461599999995, 0.7733333333333333, 173.89333333333335, 254.72
641, 492.75458854989665, 131.6013, 1.9333333333333333, 173.69333333333333, 254.96
642, 492.48816903691096, 131.063024, 1.4933333333333334, 173.01333333333332, 254.89333333333335
643, 492.22174952392527, 130.46587466666668, 1.3866666666666667, 172.04, 254.94666666666666
644, 491.9553300109396, 129.02003199999993, 0.48, 170.08, 254.73333333333332
645, 491.6889104979539, 128.44108933333334, 1.3733333333333333, 168.6, 254.93333333333334
646, 491.4224909849682, 127.9507, 1.2666666666666666, 167.82666666666665, 254.89333333333335
647, 491.1560714719825, 127.45926533333339, 1.6133333333333333, 166.8, 254.96
648, 490.88965195899675, 126.24091200000008, 0.88, 165.16, 254.64
649, 490.6232324460111, 125.53532133333339, 1.1866666666666668, 163.77333333333334, 254.78666666666666
650, 490.35681293302537, 124.7117333333334, 0.9333333333333333, 162.52, 254.68
651, 490.09039342003973, 123.94379866666668, 1.6133333333333333, 160.82666666666665, 254.88
652, 489.823973907054, 122.63809600000005, 0.7733333333333333, 159.05333333333334, 254.76
653, 489.5575543940683, 121.61597199999997, 1.48, 156.96, 254.72
654, 489.2911348810826, 120.39688266666661, 1.1733333333333333, 155.10666666666665, 254.37333333333333
655, 489.0247153680969, 119.06856533333331, 1.1466666666666667, 152.81333333333333, 254.6
656, 488.7582958551112, 118.79641999999997, 1.4, 152.2, 254.70666666666668
657, 488.4918763421255, 118.06420666666672, 1.9333333333333333, 150.62666666666667, 254.98666666666668
658, 488.22545682913983, 116.93776266666667, 1.3066666666666666, 149.12, 254.50666666666666
659, 487.9590373161541, 116.48647066666672, 1.96, 148.01333333333332, 254.53333333333333
660, 487.69261780316845, 114.32583333333338, 0.7333333333333333, 145.04, 254.10666666666665
661, 487.4261982901827, 112.87993600000004, 0.9066666666666666, 142.50666666666666, 254.01333333333332
662, 487.15977877719706, 112.51333199999999, 0.9466666666666667, 141.78666666666666, 254.4
663, 486.8933592642113, 112.44005733333334, 1.56, 141.26666666666668, 254.82666666666665
664, 486.6269397512256, 112.05162266666669, 1.7733333333333334, 140.50666666666666, 254.77333333333334
665, 486.3605202382399, 111.1476106666666, 1.8933333333333333, 138.86666666666667, 254.97333333333333
666, 486.09410072525424, 109.68671199999994, 1.0133333333333334, 136.89333333333335, 254.62666666666667
667, 485.82768121226854, 108.75219466666664, 1.12, 135.21333333333334, 254.8
668, 485.5612616992828, 107.60419999999995, 0.5333333333333333, 133.61333333333334, 254.50666666666666
669, 485.29484218629716, 107.18959466666666, 1.3866666666666667, 132.4, 254.88
670, 485.0284226733114, 105.4745253333333, 0.7466666666666667, 129.85333333333332, 254.62666666666667
671, 484.7620031603258, 104.3020693333333, 1.44, 127.46666666666667, 254.81333333333333
672, 484.49558364734, 102.41331733333337, 1.4933333333333334, 124.24, 254.72
673, 484.22916413435433, 101.24063733333332, 2.4266666666666667, 121.73333333333333, 254.89333333333335
674, 483.96274462136864, 98.01130000000005, 1.1333333333333333, 116.97333333333333, 254.46666666666667
675, 483.69632510838295, 95.62028266666664, 0.7733333333333333, 113.10666666666667, 254.34666666666666
676, 483.42990559539726, 92.33508000000002, 0.4, 107.84, 253.62666666666667
677, 483.16348608241157, 89.27614266666666, 0.5733333333333334, 102.42666666666666, 254.21333333333334
678, 482.8970665694259, 87.70248933333332, 0.9733333333333334, 99.48, 254.53333333333333
679, 482.6306470564401, 86.19952266666665, 1.1733333333333333, 96.78666666666666, 254.69333333333333
680, 482.3642275434545, 84.00881599999994, 0.9066666666666666, 93.22666666666667, 254.50666666666666
681, 482.09780803046874, 81.49784933333332, 0.44, 89.18666666666667, 254.50666666666666
682, 481.8313885174831, 80.20339333333335, 1.0, 86.70666666666666, 254.45333333333335
683, 481.56496900449736, 78.85656933333335, 1.3733333333333333, 84.16, 254.77333333333334
684, 481.29854949151166, 76.3463666666667, 1.0, 80.13333333333334, 254.46666666666667
685, 481.032129978526, 74.90997733333333, 1.2933333333333332, 77.48, 254.76
686, 480.7657104655403, 73.0119573333333, 0.96, 74.42666666666666, 254.70666666666668
687, 480.4992909525546, 70.37283333333332, 0.8666666666666667, 70.05333333333333, 254.32
688, 480.2328714395689, 68.34552133333334, 0.7866666666666666, 66.65333333333334, 254.25333333333333
689, 479.9664519265832, 66.96264533333333, 1.4133333333333333, 63.88, 254.76
690, 479.70003241359746, 64.99739333333332, 1.2666666666666666, 60.653333333333336, 254.52
691, 479.4336129006118, 62.95678933333331, 1.3066666666666666, 57.13333333333333, 254.64
692, 479.16719338762607, 61.31039599999999, 1.1066666666666667, 54.46666666666667, 254.45333333333335
693, 478.90077387464044, 59.320061333333335, 1.52, 50.82666666666667, 254.65333333333334
694, 478.6343543616547, 56.557826666666685, 1.3333333333333333, 46.306666666666665, 254.18666666666667
695, 478.367934848669, 54.52909333333333, 1.2, 42.86666666666667, 254.45333333333335
696, 478.1015153356833, 51.52415066666667, 1.16, 37.85333333333333, 254.01333333333332
697, 477.8350958226976, 47.99134533333329, 1.2133333333333334, 31.8, 254.05333333333334
698, 477.5686763097119, 44.13197733333333, 0.8933333333333333, 25.44, 253.78666666666666
699, 477.3022567967262, 40.953309333333344, 1.7066666666666668, 19.613333333333333, 253.77333333333334
700, 477.03583728374053, 36.318795999999985, 0.7066666666666667, 12.426666666666666, 252.74666666666667
701, 476.7694177707548, 34.86245733333334, 1.4266666666666667, 9.413333333333334, 253.6
702, 476.50299825776915, 31.988510666666684, 0.76, 4.973333333333334, 253.0
703, 476.2365787447834, 31.25420399999999, 1.4266666666666667, 3.3466666666666667, 253.18666666666667
704, 475.97015923179777, 30.549885333333325, 1.28, 2.2266666666666666, 253.16
705, 475.703739718812, 30.102370666666655, 1.6266666666666667, 1.28, 253.2
706, 475.4373202058263, 30.556090666666652, 2.16, 1.6933333333333334, 253.65333333333334
707, 475.17090069284063, 30.561905333333343, 2.1466666666666665, 1.7333333333333334, 253.53333333333333
708, 474.90448117985494, 30.439838666666656, 2.013333333333333, 1.5466666666666666, 253.77333333333334
709, 474.63806166686925, 30.60410266666666, 2.3066666666666666, 1.76, 253.34666666666666
710, 474.3716421538835, 30.231889333333324, 1.9066666666666667, 1.2933333333333332, 253.53333333333333
711, 474.10522264089786, 30.58218133333332, 2.32, 1.6666666666666667, 253.6
712, 473.8388031279121, 30.395201333333322, 2.12, 1.4266666666666667, 253.72
713, 473.5723836149265, 30.918703999999988, 2.6933333333333334, 1.9333333333333333, 254.2
714, 473.30596410194073, 30.113155999999993, 1.7733333333333334, 1.2133333333333334, 253.25333333333333
715, 473.0395445889551, 30.275666666666652, 2.0, 1.3333333333333333, 253.46666666666667
716, 472.77312507596935, 30.683187999999983, 2.3866666666666667, 1.7866666666666666, 253.69333333333333
717, 472.50670556298365, 30.444626666666657, 2.1333333333333333, 1.5066666666666666, 253.70666666666668
718, 472.24028604999796, 30.084148, 1.72, 1.16, 253.41333333333333
719, 471.97386653701227, 30.327534666666665, 1.9866666666666666, 1.4, 253.61333333333334
720, 471.7074470240266, 30.482958666666647, 2.1466666666666665, 1.56, 253.73333333333332
721, 471.44102751104083, 30.310505333333317, 2.013333333333333, 1.36, 253.6
722, 471.1746079980552, 30.17192799999999, 1.7866666666666666, 1.3066666666666666, 253.25333333333333
723, 470.90818848506945, 31.043295999999998, 2.7733333333333334, 2.1333333333333333, 254.05333333333334
724, 470.6417689720838, 30.692042666666662, 2.3733333333333335, 1.8266666666666667, 253.6
725, 470.37534945909806, 29.946554666666664, 1.52, 1.0533333333333332, 253.28
726, 470.10892994611237, 30.411352, 2.08, 1.56, 253.28
727, 469.8425104331267, 30.434975999999995, 2.1066666666666665, 1.5866666666666667, 253.28
728, 469.576090920141, 30.460279999999997, 2.1333333333333333, 1.5333333333333334, 253.70666666666668
729, 469.3096714071553, 30.857979999999987, 2.6, 1.88, 254.18666666666667
730, 469.0432518941696, 30.30298799999998, 1.9866666666666666, 1.3866666666666667, 253.46666666666667
731, 468.7768323811839, 30.515990666666646, 2.2266666666666666, 1.56, 253.81333333333333
732, 468.51041286819816, 30.828115999999984, 2.5733333333333333, 1.9333333333333333, 253.72
733, 468.2439933552125, 30.52832266666665, 2.24, 1.6933333333333334, 253.2
734, 467.9775738422268, 30.390563999999994, 2.0933333333333333, 1.5333333333333334, 253.2
735, 467.71115432924114, 30.528421333333334, 2.1866666666666665, 1.6533333333333333, 253.54666666666665
736, 467.4447348162554, 30.57314399999999, 2.2933333333333334, 1.6933333333333334, 253.45333333333335
737, 467.1783153032697, 30.674665333333316, 2.4133333333333336, 1.8, 253.48
738, 466.911895790284, 30.398202666666656, 2.1066666666666665, 1.48, 253.50666666666666
739, 466.6454762772983, 31.102378666666652, 2.88, 2.2133333333333334, 253.88
740, 466.3790567643126, 30.457345333333322, 2.1466666666666665, 1.5733333333333333, 253.44
741, 466.11263725132693, 30.220325333333342, 1.8133333333333332, 1.36, 253.33333333333334
742, 465.84621773834124, 30.14096933333333, 1.7733333333333334, 1.24, 253.36
743, 465.5797982253555, 30.721006666666664, 2.466666666666667, 1.8, 253.74666666666667
744, 465.31337871236985, 30.499912, 2.2133333333333334, 1.6533333333333333, 253.22666666666666
745, 465.0469591993841, 30.360429333333336, 2.1066666666666665, 1.4933333333333334, 253.10666666666665
746, 464.78053968639847, 30.488387999999997, 2.2533333333333334, 1.6133333333333333, 253.22666666666666
747, 464.5141201734127, 30.971077333333316, 2.8266666666666667, 2.1333333333333333, 253.28
748, 464.24770066042703, 29.81408799999999, 1.52, 1.04, 252.18666666666667
749, 463.98128114744134, 30.24636133333333, 1.9866666666666666, 1.4533333333333334, 252.62666666666667
750, 463.71486163445564, 30.29807066666665, 2.0933333333333333, 1.5466666666666666, 252.32
751, 463.44844212146995, 29.88935333333333, 1.9333333333333333, 1.24, 250.73333333333332
752, 463.18202260848426, 29.730850666666655, 1.76, 1.1333333333333333, 250.34666666666666
753, 462.91560309549857, 30.01989466666666, 2.12, 1.6133333333333333, 249.46666666666667
754, 462.6491835825128, 29.786557333333317, 1.8933333333333333, 1.44, 248.90666666666667
755, 462.3827640695272, 29.368899999999982, 1.5333333333333334, 1.1733333333333333, 247.56
756, 462.11634455654143, 29.26173599999998, 1.44, 1.16, 246.93333333333334
757, 461.8499250435558, 29.968696, 2.506666666666667, 1.9066666666666667, 246.49333333333334
758, 461.58350553057005, 29.56881866666666, 2.08, 1.5333333333333334, 246.02666666666667
759, 461.31708601758436, 29.399842666666668, 1.9733333333333334, 1.4266666666666667, 245.37333333333333
760, 461.05066650459867, 29.066632000000002, 1.68, 1.2, 244.38666666666666
761, 460.784246991613, 28.828696, 1.44, 1.08, 243.54666666666665
762, 460.5178274786273, 29.46322666666668, 2.1333333333333333, 1.6266666666666667, 244.48
763, 460.25140796564153, 29.304974666666677, 2.12, 1.4933333333333334, 243.81333333333333
764, 459.9849884526559, 28.436609333333333, 1.24, 0.6666666666666666, 242.76
765, 459.71856893967015, 29.211680000000023, 2.1333333333333333, 1.4933333333333334, 242.96
766, 459.4521494266845, 29.110076000000003, 2.04, 1.36, 243.0
767, 459.18572991369876, 28.571424, 1.4933333333333334, 1.0133333333333334, 241.49333333333334
768, 458.9193104007131, 28.825617333333334, 1.8266666666666667, 1.2533333333333334, 241.61333333333334
769, 458.6528908877274, 28.319068, 1.32, 0.84, 240.62666666666667
770, 458.3864713747417, 28.799988000000006, 1.8533333333333333, 1.3333333333333333, 240.90666666666667
771, 458.120051861756, 28.88881866666666, 1.9466666666666668, 1.52, 240.48
772, 457.8536323487703, 28.471752000000002, 1.5466666666666666, 1.1866666666666668, 239.58666666666667
773, 457.5872128357846, 27.940655999999986, 1.04, 0.76, 238.45333333333335
774, 457.32079332279886, 28.221861333333333, 1.3866666666666667, 1.0133333333333334, 238.70666666666668
775, 457.0543738098132, 28.77525600000001, 1.9733333333333334, 1.6133333333333333, 238.93333333333334
776, 456.7879542968275, 28.199498666666667, 1.4133333333333333, 1.1066666666666667, 237.96
777, 456.52153478384184, 28.597513333333335, 1.8, 1.6266666666666667, 237.76
778, 456.2551152708561, 28.582418666666666, 1.8133333333333332, 1.6666666666666667, 237.38666666666666
779, 455.9886957578704, 27.956297333333332, 1.2933333333333332, 1.16, 235.86666666666667
780, 455.7222762448847, 27.800426666666656, 1.2, 1.0533333333333332, 235.29333333333332
781, 455.455856731899, 28.215105333333327, 2.013333333333333, 1.4, 235.01333333333332
782, 455.1894372189133, 27.876078666666665, 1.6133333333333333, 1.1866666666666668, 234.18666666666667
783, 454.92301770592763, 28.287432000000003, 2.6133333333333333, 1.4533333333333334, 233.8
784, 454.65659819294194, 27.751586666666675, 2.0, 1.0133333333333334, 232.97333333333333
785, 454.3901786799562, 27.695248, 2.0533333333333332, 1.0533333333333332, 232.13333333333333
786, 454.12375916697056, 27.726101333333336, 2.0533333333333332, 1.08, 232.26666666666668
787, 453.8573396539848, 28.177462666666656, 2.7066666666666666, 1.48, 232.45333333333335
788, 453.5909201409992, 27.22093466666667, 1.5866666666666667, 0.76, 230.70666666666668
789, 453.3245006280134, 27.334091999999977, 1.7466666666666666, 1.0266666666666666, 229.90666666666667
790, 453.05808111502773, 27.449271999999993, 1.9466666666666668, 1.0666666666666667, 230.18666666666667
791, 452.79166160204204, 27.849609333333344, 2.44, 1.5466666666666666, 229.93333333333334
792, 452.52524208905635, 27.56339066666666, 2.0933333333333333, 1.2666666666666666, 229.77333333333334
793, 452.25882257607066, 27.463810666666667, 2.026666666666667, 1.32, 228.8
794, 451.99240306308496, 27.68234133333334, 2.32, 1.5066666666666666, 228.98666666666668
795, 451.7259835500993, 27.597288000000002, 2.32, 1.6, 227.76
796, 451.4595640371135, 27.231287999999992, 1.92, 1.32, 227.04
797, 451.1931445241279, 27.431418666666673, 2.2133333333333334, 1.5866666666666667, 226.65333333333334
798, 450.92672501114214, 27.409314666666663, 2.1866666666666665, 1.56, 226.66666666666666
799, 450.6603054981565, 27.264401333333335, 2.2533333333333334, 1.52, 225.42666666666668
800, 450.39388598517075, 27.127466666666663, 2.1333333333333333, 1.3866666666666667, 225.22666666666666
801, 450.12746647218506, 27.09526533333334, 2.1466666666666665, 1.4933333333333334, 224.36
802, 449.86104695919937, 26.80607333333333, 1.8, 1.3066666666666666, 223.69333333333333
803, 449.5946274462137, 26.892268, 1.9866666666666666, 1.3066666666666666, 223.96
804, 449.328207933228, 26.876802666666666, 1.9733333333333334, 1.3466666666666667, 223.65333333333334
805, 449.06178842024224, 26.87915333333334, 2.066666666666667, 1.4533333333333334, 222.88
806, 448.7953689072566, 26.351997333333337, 1.4933333333333334, 1.0, 222.09333333333333
807, 448.52894939427085, 27.12745466666667, 2.3866666666666667, 1.76, 222.64
808, 448.2625298812852, 26.229406666666662, 1.4, 0.9733333333333334, 221.4
809, 447.99611036829947, 26.53256, 2.1333333333333333, 1.1733333333333333, 221.10666666666665
810, 447.72969085531383, 26.681450666666663, 2.2933333333333334, 1.3066666666666666, 221.30666666666667
811, 447.4632713423281, 26.466505333333327, 2.28, 1.1466666666666667, 220.28
812, 447.1968518293424, 25.976735999999995, 1.7066666666666668, 0.7466666666666667, 219.54666666666665
813, 446.9304323163567, 26.317398666666666, 2.013333333333333, 1.2666666666666666, 219.05333333333334
814, 446.664012803371, 26.22235066666666, 1.96, 1.1733333333333333, 218.84
815, 446.3975932903853, 26.560941333333325, 2.32, 1.7066666666666668, 218.12
816, 446.13117377739957, 25.68855199999999, 1.4133333333333333, 0.9333333333333333, 216.82666666666665
817, 445.86475426441393, 26.127343999999997, 2.026666666666667, 1.3866666666666667, 216.73333333333332
818, 445.5983347514282, 25.948296000000006, 1.84, 1.2, 216.61333333333334
819, 445.33191523844255, 26.195750666666655, 2.0933333333333333, 1.4666666666666666, 216.74666666666667
820, 445.0654957254568, 25.340495999999998, 1.1733333333333333, 0.7733333333333333, 215.22666666666666
821, 444.7990762124711, 25.717906666666668, 1.7333333333333334, 1.1466666666666667, 215.14666666666668
822, 444.5326566994854, 25.96045333333333, 2.0, 1.4266666666666667, 215.13333333333333
823, 444.2662371864997, 25.30871066666667, 1.2933333333333332, 0.9066666666666666, 213.94666666666666
824, 443.99981767351403, 25.180692, 1.2133333333333334, 0.7733333333333333, 213.72
825, 443.73339816052834, 25.652883999999997, 1.6933333333333334, 1.3333333333333333, 213.72
826, 443.46697864754265, 25.632549333333337, 1.7066666666666668, 1.3333333333333333, 213.50666666666666
827, 443.2005591345569, 25.576460000000008, 1.8, 1.4, 212.42666666666668
828, 442.93413962157126, 25.296161333333323, 1.4533333333333334, 1.2, 211.90666666666667
829, 442.6677201085855, 25.681689333333335, 2.3066666666666666, 1.4533333333333334, 211.74666666666667
830, 442.4013005955999, 25.54185866666666, 2.2133333333333334, 1.3066666666666666, 211.52
831, 442.13488108261413, 25.13044666666666, 1.8, 1.0933333333333333, 210.09333333333333
832, 441.86846156962844, 25.07155333333333, 1.8, 1.0266666666666666, 209.92
833, 441.60204205664274, 25.43069600000001, 2.3733333333333335, 1.2533333333333334, 210.4
834, 441.33562254365705, 25.248674666666663, 2.1866666666666665, 1.16, 209.77333333333334
835, 441.06920303067136, 24.99368666666667, 1.9333333333333333, 0.9866666666666667, 209.09333333333333
836, 440.80278351768567, 25.396294666666662, 2.3866666666666667, 1.32, 209.72
837, 440.5363640047, 25.022270666666664, 2.0933333333333333, 1.1066666666666667, 208.30666666666667
838, 440.2699444917142, 25.058344, 2.2933333333333334, 1.0533333333333332, 208.37333333333333
839, 440.0035249787286, 25.354158666666667, 2.68, 1.3733333333333333, 208.30666666666667
840, 439.73710546574284, 25.194975999999993, 2.506666666666667, 1.2266666666666666, 208.12
841, 439.4706859527572, 25.015653333333336, 2.4, 1.2266666666666666, 206.82666666666665
842, 439.20426643977146, 25.086154666666665, 2.453333333333333, 1.3066666666666666, 206.89333333333335
843, 438.93784692678577, 25.054280000000002, 2.533333333333333, 1.3333333333333333, 206.26666666666668
844, 438.6714274138001, 24.82954799999999, 2.2533333333333334, 1.1733333333333333, 205.85333333333332
845, 438.4050079008144, 24.43058933333334, 1.84, 1.0666666666666667, 203.98666666666668
846, 438.1385883878287, 24.37132, 1.8666666666666667, 0.8666666666666667, 204.42666666666668
847, 437.872168874843, 24.424334666666667, 1.9866666666666666, 1.16, 203.06666666666666
848, 437.6057493618573, 24.413490666666664, 2.026666666666667, 1.16, 202.86666666666667
849, 437.33932984887156, 24.252065333333338, 1.88, 1.3066666666666666, 201.08
850, 437.0729103358859, 24.342509333333336, 1.9733333333333334, 1.32, 201.56
851, 436.8064908229002, 24.57489866666667, 2.3466666666666667, 1.72, 200.56
852, 436.54007130991454, 24.015982666666666, 1.7733333333333334, 1.1866666666666668, 199.90666666666667
853, 436.2736517969288, 23.759770666666657, 1.76, 1.0133333333333334, 198.58666666666667
854, 436.0072322839431, 23.90084133333332, 1.9866666666666666, 1.2133333333333334, 198.2
855, 435.7408127709574, 23.703107999999993, 1.9866666666666666, 1.0266666666666666, 197.42666666666668
856, 435.4743932579717, 24.061348, 2.3866666666666667, 1.3866666666666667, 197.66666666666666
857, 435.207973744986, 23.667338666666655, 2.2133333333333334, 1.1066666666666667, 196.10666666666665
858, 434.94155423200027, 23.186938666666663, 1.68, 0.7333333333333333, 195.21333333333334
859, 434.67513471901464, 23.84602933333333, 2.506666666666667, 1.4533333333333334, 195.12
860, 434.4087152060289, 23.602095999999996, 2.24, 1.36, 194.16
861, 434.14229569304325, 23.216502666666667, 1.9066666666666667, 1.08, 193.09333333333333
862, 433.8758761800575, 23.183781333333332, 1.92, 1.0666666666666667, 192.84
863, 433.60945666707187, 23.270568000000004, 2.0533333333333332, 1.4133333333333333, 191.46666666666667
864, 433.3430371540861, 22.877661333333336, 1.6533333333333333, 1.16, 190.37333333333333
865, 433.0766176411004, 23.482041333333335, 2.3866666666666667, 1.7333333333333334, 190.8
866, 432.81019812811473, 22.530278666666675, 1.3466666666666667, 0.96, 189.16
867, 432.54377861512904, 22.725873333333332, 1.8, 1.1866666666666668, 188.52
868, 432.27735910214335, 22.76143733333333, 1.8933333333333333, 1.28, 188.10666666666665
869, 432.0109395891576, 22.338669333333325, 1.7066666666666668, 0.9733333333333334, 186.46666666666667
870, 431.74452007617197, 22.580369333333326, 1.9066666666666667, 1.2133333333333334, 186.82666666666665
871, 431.4781005631862, 22.431313333333335, 1.8, 1.0266666666666666, 186.76
872, 431.2116810502006, 22.064352000000003, 1.4133333333333333, 0.8133333333333334, 185.65333333333334
873, 430.94526153721483, 22.821502666666674, 2.3066666666666666, 1.48, 186.52
874, 430.67884202422914, 22.159346666666664, 1.6, 0.9733333333333334, 185.17333333333335
875, 430.41242251124345, 22.56954, 2.2, 1.32, 185.41333333333333
876, 430.14600299825776, 22.201860000000007, 1.8, 1.12, 184.26666666666668
877, 429.87958348527206, 22.00982, 1.8, 1.0, 183.2
878, 429.6131639722864, 22.55672, 2.4, 1.52, 183.74666666666667
879, 429.3467444593007, 21.595662666666666, 1.5066666666666666, 0.84, 181.16
880, 429.08032494631493, 21.64772, 1.6, 0.92, 180.96
881, 428.8139054333293, 21.857136000000008, 1.84, 1.24, 180.52
882, 428.54748592034355, 21.460729333333337, 1.3733333333333333, 0.88, 180.12
883, 428.2810664073579, 21.623268000000003, 1.5866666666666667, 1.1466666666666667, 179.61333333333334
884, 428.01464689437216, 22.003158666666675, 2.013333333333333, 1.5066666666666666, 179.97333333333333
885, 427.74822738138647, 21.593554666666673, 1.6533333333333333, 1.2666666666666666, 178.56
886, 427.4818078684008, 21.305104, 1.36, 1.08, 177.76
887, 427.2153883554151, 21.351376000000005, 1.5733333333333333, 1.2133333333333334, 176.92
888, 426.9489688424294, 21.059105333333335, 1.2133333333333334, 1.08, 175.98666666666668
889, 426.6825493294437, 21.477070666666666, 1.8266666666666667, 1.56, 175.57333333333332
890, 426.416129816458, 21.234922666666662, 1.5733333333333333, 1.4266666666666667, 174.8
891, 426.14971030347226, 20.795377333333327, 1.6933333333333334, 1.0, 172.82666666666665
892, 425.8832907904866, 21.089981333333334, 2.0533333333333332, 1.36, 172.61333333333334
893, 425.6168712775009, 20.768894666666665, 1.9866666666666666, 1.08, 171.41333333333333
894, 425.35045176451524, 20.580701333333334, 1.92, 1.1066666666666667, 169.8
895, 425.0840322515295, 20.850844000000006, 2.493333333333333, 1.3733333333333333, 169.29333333333332
896, 424.8176127385438, 20.524482666666668, 2.24, 1.2933333333333332, 167.50666666666666
897, 424.5511932255581, 20.001468000000003, 1.72, 1.04, 165.58666666666667
898, 424.2847737125724, 20.190223999999997, 2.026666666666667, 1.3866666666666667, 164.65333333333334
899, 424.0183541995867, 19.88438133333333, 1.92, 1.1866666666666668, 163.28
900, 423.751934686601, 19.689880000000006, 1.7333333333333334, 1.2533333333333334, 161.72
901, 423.48551517361534, 19.51500000000001, 2.0, 1.12, 160.17333333333335
902, 423.2190956606296, 19.39070666666667, 1.8666666666666667, 1.16, 159.22666666666666
903, 422.95267614764396, 19.019828000000004, 1.5866666666666667, 0.9866666666666667, 157.6
904, 422.6862566346582, 18.89278266666667, 1.5066666666666666, 1.0, 156.62666666666667
905, 422.4198371216726, 18.841979999999992, 1.8, 1.08, 155.0
906, 422.1534176086868, 19.040309333333333, 2.1066666666666665, 1.4533333333333334, 154.01333333333332
907, 421.88699809570113, 18.74632000000001, 2.2666666666666666, 1.1066666666666667, 152.8
908, 421.62057858271544, 18.628904000000006, 2.16, 1.44, 150.33333333333334
909, 421.35415906972975, 18.46003733333334, 2.4266666666666667, 1.2133333333333334, 149.32
910, 421.08773955674405, 18.221804, 2.2266666666666666, 1.2666666666666666, 147.48
911, 420.8213200437583, 18.255613333333336, 2.533333333333333, 1.44, 146.08
912, 420.55490053077267, 17.629453333333327, 2.0, 0.9866666666666667, 144.32
913, 420.2884810177869, 17.816750666666668, 2.36, 1.2933333333333332, 143.44
914, 420.0220615048013, 17.889801333333345, 2.52, 1.3466666666666667, 143.38666666666666
915, 419.75564199181554, 17.817588000000004, 2.52, 1.48, 142.06666666666666
916, 419.48922247882984, 17.295717333333336, 2.026666666666667, 1.0933333333333333, 140.77333333333334
917, 419.22280296584415, 17.23643866666668, 2.1466666666666665, 1.04, 140.21333333333334
918, 418.95638345285846, 16.766873333333336, 1.6666666666666667, 0.8133333333333334, 138.52
919, 418.68996393987277, 17.015756, 2.04, 1.2, 137.73333333333332
920, 418.4235444268871, 17.339966666666665, 2.6, 1.5733333333333333, 137.18666666666667
921, 418.1571249139014, 16.66218666666667, 2.0, 1.1333333333333333, 135.08
922, 417.89070540091564, 16.301516000000003, 1.64, 1.0, 133.54666666666665
923, 417.62428588793, 16.760508, 2.52, 1.44, 133.0
924, 417.35786637494425, 16.286497333333337, 1.96, 1.1066666666666667, 132.02666666666667
925, 417.0914468619586, 16.195012, 2.1466666666666665, 1.0266666666666666, 131.14666666666668
926, 416.82502734897287, 15.732101333333324, 1.6533333333333333, 0.8, 129.54666666666665
927, 416.5586078359872, 15.906662666666664, 1.9066666666666667, 1.16, 128.56
928, 416.2921883230015, 16.20673333333333, 2.2666666666666666, 1.5733333333333333, 128.12
929, 416.0257688100158, 15.442716000000003, 1.64, 1.0, 126.01333333333334
930, 415.7593492970301, 15.567541333333335, 1.7866666666666666, 1.2933333333333332, 125.21333333333334
931, 415.4929297840444, 15.506341333333337, 2.0533333333333332, 1.32, 123.84
932, 415.2265102710587, 15.090552000000004, 1.68, 1.04, 122.61333333333333
933, 414.96009075807297, 15.411497333333342, 2.36, 1.3466666666666667, 122.06666666666666
