Extraction [ img/s4/seq3/4.jpg ] effectuee 2026-05-28 17:16:44.102810
Calibration: -0.2664195129856975*x + 663.5294963737288 [largueur 2619 + 934]

pixel, longueur d'onde, intensite, r, g, b
0, 663.5294963737288, 84.307912, 176.88, 40.88, 65.28
1, 663.263076860743, 84.49722933333335, 177.57333333333332, 40.72, 65.94666666666667
2, 662.9966573477574, 84.49722933333334, 177.57333333333332, 40.72, 65.94666666666667
3, 662.7302378347716, 84.66948133333337, 178.52, 40.46666666666667, 66.28
4, 662.463818321786, 84.77889066666665, 178.69333333333333, 40.54666666666667, 66.37333333333333
5, 662.1973988088002, 85.48782933333334, 180.90666666666667, 40.29333333333334, 68.09333333333333
6, 661.9309792958146, 86.681608, 182.18666666666667, 41.42666666666667, 69.37333333333333
7, 661.6645597828289, 87.60058933333333, 183.30666666666667, 42.17333333333333, 70.65333333333334
8, 661.3981402698432, 87.84056533333337, 183.54666666666665, 42.413333333333334, 70.89333333333333
9, 661.1317207568575, 88.52097066666671, 185.09333333333333, 42.54666666666667, 72.12
10, 660.8653012438718, 88.52097066666664, 185.09333333333333, 42.54666666666667, 72.12
11, 660.5988817308861, 89.44113333333335, 186.66666666666666, 42.81333333333333, 74.69333333333333
12, 660.3324622179003, 89.2144893333333, 186.44, 42.586666666666666, 74.46666666666667
13, 660.0660427049147, 89.23886399999999, 187.49333333333334, 41.77333333333333, 76.10666666666667
14, 659.799623191929, 89.852136, 188.10666666666665, 42.38666666666666, 76.72
15, 659.5332036789433, 90.19023866666667, 189.48, 41.973333333333336, 78.21333333333334
16, 659.2667841659576, 89.71028666666665, 189.0, 41.49333333333333, 77.73333333333333
17, 659.0003646529719, 89.60927466666665, 189.52, 40.89333333333333, 78.57333333333334
18, 658.7339451399862, 89.24931066666666, 189.16, 40.53333333333333, 78.21333333333334
19, 658.4675256270006, 90.07391866666666, 190.28, 41.093333333333334, 79.62666666666667
20, 658.2011061140148, 89.366008, 189.65333333333334, 40.333333333333336, 78.97333333333333
21, 657.9346866010292, 89.84915999999997, 191.73333333333332, 39.693333333333335, 81.05333333333333
22, 657.6682670880434, 89.2186933333333, 191.2, 38.986666666666665, 80.56
23, 657.4018475750577, 89.96363199999998, 192.48, 39.2, 82.64
24, 657.135428062072, 89.72168266666665, 192.24, 38.93333333333333, 82.52
25, 656.8690085490863, 91.429296, 194.64, 39.96, 85.92
26, 656.6025890361007, 91.82697333333334, 195.06666666666666, 40.29333333333334, 86.57333333333334
27, 656.3361695231149, 92.69773333333335, 197.2, 40.14666666666667, 89.37333333333333
28, 656.0697500101293, 92.47577199999999, 197.08, 39.84, 89.32
29, 655.8033304971435, 92.53180399999998, 198.36, 38.96, 90.98666666666666
30, 655.5369109841579, 93.22317866666667, 199.14666666666668, 39.6, 91.69333333333333
31, 655.2704914711721, 92.95883866666662, 200.01333333333332, 38.586666666666666, 92.32
32, 655.0040719581864, 92.72683333333332, 199.8, 38.346666666666664, 92.08
33, 654.7376524452008, 92.96126533333333, 201.08, 37.946666666666665, 92.84
34, 654.471232932215, 93.07205066666667, 201.22666666666666, 38.04, 92.94666666666667
35, 654.2048134192294, 93.40140666666667, 201.8, 38.21333333333333, 93.44
36, 653.9383939062436, 92.77059199999998, 201.28, 37.52, 92.84
37, 653.671974393258, 93.29095866666667, 203.74666666666667, 36.92, 94.02666666666667
38, 653.4055548802722, 92.952072, 203.54666666666665, 36.50666666666667, 93.70666666666666
39, 653.1391353672866, 92.99270800000001, 203.98666666666668, 36.346666666666664, 93.73333333333333
40, 652.8727158543008, 92.77939599999998, 203.77333333333334, 36.13333333333333, 93.52
41, 652.6062963413152, 93.34937066666667, 205.22666666666666, 36.24, 94.16
42, 652.3398768283295, 92.97607466666668, 204.85333333333332, 35.86666666666667, 93.78666666666666
43, 652.0734573153437, 93.31642666666664, 206.13333333333333, 35.70666666666666, 94.24
44, 651.8070378023581, 92.96523466666666, 205.78666666666666, 35.36, 93.85333333333334
45, 651.5406182893723, 94.39316266666665, 208.24, 36.25333333333333, 95.34666666666666
46, 651.2741987763867, 94.09985866666668, 207.94666666666666, 35.96, 95.05333333333333
47, 651.007779263401, 94.45260133333332, 209.58666666666667, 35.653333333333336, 95.42666666666666
48, 650.7413597504153, 95.18586133333332, 210.32, 36.38666666666666, 96.16
49, 650.4749402374296, 94.02717466666667, 209.98666666666668, 34.8, 95.04
50, 650.2085207244439, 94.13947999999998, 210.13333333333333, 34.89333333333333, 95.16
51, 649.9421012114582, 94.44369333333333, 210.8, 34.986666666666665, 95.6
52, 649.6756816984725, 94.29515199999999, 210.74666666666667, 34.78666666666667, 95.46666666666667
53, 649.4092621854868, 94.55288266666665, 212.64, 34.093333333333334, 96.33333333333333
54, 649.142842672501, 93.72288933333333, 211.90666666666667, 33.21333333333333, 95.50666666666666
55, 648.8764231595154, 94.54285999999996, 213.0, 33.88, 96.4
56, 648.6100036465297, 94.41917466666666, 212.92, 33.733333333333334, 96.28
57, 648.343584133544, 94.32996533333336, 213.54666666666665, 33.29333333333334, 96.12
58, 648.0771646205583, 94.27663733333328, 213.49333333333334, 33.24, 96.06666666666666
59, 647.8107451075726, 94.4448013333333, 214.65333333333334, 32.84, 96.56
60, 647.5443255945869, 94.52109599999996, 214.77333333333334, 32.89333333333333, 96.64
61, 647.2779060816013, 94.596304, 215.62666666666667, 32.50666666666667, 97.05333333333333
62, 647.0114865686155, 93.99636399999999, 215.02666666666667, 31.906666666666666, 96.45333333333333
63, 646.7450670556299, 93.90998799999997, 215.98666666666668, 31.226666666666667, 96.68
64, 646.4786475426441, 94.36327600000004, 216.44, 31.68, 97.13333333333334
65, 646.2122280296584, 94.69078533333334, 217.48, 31.586666666666666, 97.76
66, 645.9458085166727, 94.3974813333333, 217.18666666666667, 31.293333333333333, 97.46666666666667
67, 645.679389003687, 94.30877733333332, 217.56, 30.866666666666667, 97.90666666666667
68, 645.4129694907014, 94.45107466666667, 217.78666666666666, 30.96, 98.08
69, 645.1465499777156, 94.89121466666663, 219.45333333333335, 30.586666666666666, 99.49333333333334
70, 644.88013046473, 94.77317866666664, 219.41333333333333, 30.426666666666666, 99.38666666666667
71, 644.6137109517442, 95.19933466666666, 220.52, 30.493333333333332, 99.88
72, 644.3472914387586, 94.997116, 220.30666666666667, 30.30666666666667, 99.62666666666667
73, 644.0808719257728, 94.91913733333335, 220.89333333333335, 29.8, 100.01333333333334
74, 643.8144524127872, 95.07166533333337, 221.08, 29.946666666666665, 100.10666666666667
75, 643.5480328998015, 94.82585733333337, 221.82666666666665, 29.093333333333334, 100.38666666666667
76, 643.2816133868157, 94.111436, 221.24, 28.32, 99.64
77, 643.0151938738301, 94.55189199999998, 222.94666666666666, 28.066666666666666, 100.33333333333333
78, 642.7487743608443, 94.96931466666666, 223.52, 28.413333333333334, 100.70666666666666
79, 642.4823548478587, 94.55387333333333, 224.2, 27.426666666666666, 100.36
80, 642.2159353348729, 94.09399199999996, 223.81333333333333, 26.933333333333334, 99.88
81, 641.9495158218873, 94.21663733333332, 224.82666666666665, 26.613333333333333, 99.94666666666667
82, 641.6830963089016, 93.97992799999999, 224.58666666666667, 26.386666666666667, 99.66666666666667
83, 641.4166767959159, 93.93846133333334, 225.52, 25.866666666666667, 99.53333333333333
84, 641.1502572829302, 93.63386133333334, 225.38666666666666, 25.493333333333332, 99.13333333333334
85, 640.8838377699444, 94.44686533333329, 227.74666666666667, 25.653333333333332, 99.25333333333333
86, 640.6174182569588, 93.88786799999997, 227.32, 25.04, 98.62666666666667
87, 640.350998743973, 93.76644666666667, 227.53333333333333, 24.786666666666665, 98.30666666666667
88, 640.0845792309874, 94.43304666666664, 228.2, 25.453333333333333, 98.97333333333333
89, 639.8181597180017, 94.29772400000002, 228.89333333333335, 24.973333333333333, 98.44
90, 639.551740205016, 93.60411200000003, 228.21333333333334, 24.293333333333333, 97.64
91, 639.2853206920303, 93.64936266666663, 229.57333333333332, 23.786666666666665, 97.08
92, 639.0189011790446, 93.68858000000002, 229.66666666666666, 23.826666666666668, 96.97333333333333
93, 638.7524816660589, 93.78315866666672, 231.21333333333334, 23.386666666666667, 96.01333333333334
94, 638.4860621530732, 93.96489866666664, 231.41333333333333, 23.586666666666666, 96.05333333333333
95, 638.2196426400875, 94.10024933333332, 232.70666666666668, 23.293333333333333, 95.36
96, 637.9532231271018, 94.20887866666669, 232.81333333333333, 23.426666666666666, 95.34666666666666
97, 637.6868036141161, 94.31487733333333, 234.42666666666668, 22.933333333333334, 94.58666666666667
98, 637.4203841011304, 94.28692, 234.4, 22.92, 94.48
99, 637.1539645881447, 94.37174933333333, 235.04, 22.826666666666668, 94.02666666666667
100, 636.887545075159, 94.29989466666669, 235.05333333333334, 22.746666666666666, 93.77333333333333
101, 636.6211255621733, 94.95935200000002, 237.54666666666665, 22.706666666666667, 93.22666666666667
102, 636.3547060491876, 94.8319106666667, 237.69333333333333, 22.466666666666665, 92.96
103, 636.088286536202, 94.96536133333333, 238.65333333333334, 22.2, 92.98666666666666
104, 635.8218670232162, 94.82819999999994, 238.53333333333333, 22.053333333333335, 92.85333333333334
105, 635.5554475102306, 94.90836799999998, 239.52, 21.76, 92.48
106, 635.2890279972448, 94.75867599999997, 239.37333333333333, 21.613333333333333, 92.30666666666667
107, 635.0226084842591, 95.43788133333334, 241.32, 21.706666666666667, 92.68
108, 634.7561889712734, 95.54975599999999, 241.50666666666666, 21.786666666666665, 92.76
109, 634.4897694582877, 95.09878, 242.2, 20.8, 92.06666666666666
110, 634.2233499453021, 95.38549066666668, 242.56, 21.053333333333335, 92.33333333333333
111, 633.9569304323163, 95.70119866666667, 244.01333333333332, 20.866666666666667, 92.25333333333333
112, 633.6905109193307, 95.82147466666667, 244.18666666666667, 20.96, 92.37333333333333
113, 633.4240914063449, 96.16308533333333, 245.81333333333333, 20.68, 92.54666666666667
114, 633.1576718933593, 96.08099866666667, 245.74666666666667, 20.6, 92.41333333333333
115, 632.8912523803735, 96.40957999999999, 246.73333333333332, 20.613333333333333, 92.64
116, 632.6248328673878, 96.12149600000001, 246.64, 20.24, 92.28
117, 632.3584133544022, 96.93336666666666, 249.0, 20.333333333333332, 92.73333333333333
118, 632.0919938414164, 96.19959466666668, 248.45333333333335, 19.506666666666668, 91.98666666666666
119, 631.8255743284308, 96.04138533333331, 248.81333333333333, 19.16, 91.44
120, 631.559154815445, 96.75044666666662, 249.53333333333333, 19.866666666666667, 92.13333333333334
121, 631.2927353024594, 97.69113600000001, 251.30666666666667, 20.506666666666668, 92.44
122, 631.0263157894736, 98.18435733333338, 251.62666666666667, 21.093333333333334, 92.90666666666667
123, 630.759896276488, 98.04244666666666, 252.33333333333334, 20.706666666666667, 91.8
124, 630.4934767635023, 98.02790400000008, 252.29333333333332, 20.733333333333334, 91.64
125, 630.2270572505166, 98.99127200000008, 253.54666666666665, 21.746666666666666, 91.58666666666667
126, 629.9606377375309, 98.93328400000007, 253.42666666666668, 21.786666666666665, 91.18666666666667
127, 629.6942182245452, 99.04687200000002, 253.54666666666665, 22.066666666666666, 90.42666666666666
128, 629.4277987115595, 98.9014373333333, 253.49333333333334, 21.96, 89.84
129, 629.1613791985737, 99.32749733333334, 253.82666666666665, 22.653333333333332, 89.13333333333334
130, 628.8949596855881, 99.34656133333336, 253.85333333333332, 22.68, 89.09333333333333
131, 628.6285401726024, 99.26406799999998, 253.98666666666668, 22.546666666666667, 88.70666666666666
132, 628.3621206596167, 100.19436799999994, 254.45333333333335, 23.733333333333334, 89.53333333333333
133, 628.095701146631, 100.08002266666664, 254.70666666666668, 23.64, 88.34666666666666
134, 627.8292816336453, 100.14264133333333, 254.65333333333334, 23.88, 87.8
135, 627.5628621206596, 100.440128, 254.72, 24.56, 86.73333333333333
136, 627.296442607674, 100.59347866666667, 254.81333333333333, 24.786666666666665, 86.66666666666667
137, 627.0300230946882, 101.28038666666673, 254.93333333333334, 26.066666666666666, 85.78666666666666
138, 626.7636035817025, 101.13774266666672, 254.84, 25.933333333333334, 85.46666666666667
139, 626.4971840687168, 101.35085866666668, 254.74666666666667, 26.52, 84.56
140, 626.2307645557311, 101.66955333333333, 254.86666666666667, 26.973333333333333, 84.70666666666666
141, 625.9643450427454, 102.24398400000005, 254.82666666666665, 28.026666666666667, 84.42666666666666
142, 625.6979255297597, 102.67520800000004, 254.85333333333332, 28.69333333333333, 84.70666666666666
143, 625.431506016774, 103.1145799999999, 254.86666666666667, 29.626666666666665, 83.72
144, 625.1650865037883, 103.38754666666654, 254.93333333333334, 30.026666666666667, 83.88
145, 624.8986669908027, 103.5210813333332, 254.92, 30.426666666666666, 83.02666666666667
146, 624.6322474778169, 103.3802453333332, 254.88, 30.266666666666666, 82.72
147, 624.3658279648313, 103.56529999999992, 254.86666666666667, 30.746666666666666, 81.90666666666667
148, 624.0994084518455, 103.18634266666658, 254.84, 30.293333333333333, 80.98666666666666
149, 623.8329889388598, 104.10440799999998, 254.98666666666668, 31.826666666666668, 80.76
150, 623.5665694258741, 103.53356266666665, 254.77333333333334, 31.14666666666667, 79.81333333333333
151, 623.3001499128884, 103.52574266666669, 254.84, 31.213333333333335, 79.22666666666667
152, 623.0337303999028, 103.99511066666669, 254.89333333333335, 31.866666666666667, 79.84
153, 622.767310886917, 104.59860933333333, 254.84, 32.986666666666665, 79.50666666666666
154, 622.5008913739314, 104.70752533333334, 254.88, 33.14666666666667, 79.53333333333333
155, 622.2344718609456, 105.50087733333332, 254.96, 34.50666666666667, 79.28
156, 621.96805234796, 105.66706666666666, 254.93333333333334, 34.82666666666667, 79.16
157, 621.7016328349742, 105.61570133333333, 254.85333333333332, 35.0, 78.02666666666667
158, 621.4352133219886, 105.60104400000002, 254.89333333333335, 35.13333333333333, 77.10666666666667
159, 621.1687938090029, 106.16391200000008, 254.88, 36.2, 76.58666666666667
160, 620.9023742960171, 106.31552133333336, 254.92, 36.54666666666667, 76.02666666666667
161, 620.6359547830315, 106.97298400000005, 254.96, 37.68, 75.85333333333334
162, 620.3695352700457, 107.18267866666672, 254.94666666666666, 38.0, 76.08
163, 620.1031157570601, 107.77268000000004, 254.93333333333334, 39.053333333333335, 75.86666666666666
164, 619.8366962440743, 108.01372533333335, 254.88, 39.50666666666667, 75.78666666666666
165, 619.5702767310887, 109.28141333333333, 254.93333333333334, 41.52, 76.4
166, 619.303857218103, 110.0371453333333, 254.94666666666666, 42.733333333333334, 76.74666666666667
167, 619.0374377051173, 110.600688, 254.98666666666668, 43.70666666666666, 76.57333333333334
168, 618.7710181921316, 110.44258000000004, 255.0, 43.56, 75.90666666666667
169, 618.5045986791458, 111.04509466666674, 254.92, 44.733333333333334, 75.36
170, 618.2381791661602, 110.71922133333341, 254.85333333333332, 44.44, 74.18666666666667
171, 617.9717596531744, 111.63404133333337, 254.92, 46.026666666666664, 73.86666666666666
172, 617.7053401401888, 111.64943466666674, 254.85333333333332, 46.22666666666667, 73.14666666666666
173, 617.4389206272031, 112.20332666666668, 254.86666666666667, 47.28, 72.54666666666667
174, 617.1725011142174, 112.692036, 254.97333333333333, 48.13333333333333, 72.16
175, 616.9060816012317, 113.21647200000007, 254.88, 49.24, 71.30666666666667
176, 616.639662088246, 113.57734533333334, 254.94666666666666, 49.89333333333333, 70.93333333333334
177, 616.3732425752603, 114.20563999999999, 254.93333333333334, 51.053333333333335, 70.50666666666666
178, 616.1068230622747, 114.59356133333333, 254.78666666666666, 51.77333333333333, 70.58666666666667
179, 615.8404035492889, 115.29781999999999, 255.0, 52.88, 70.50666666666666
180, 615.5739840363033, 115.45329199999995, 254.94666666666666, 53.306666666666665, 69.81333333333333
181, 615.3075645233175, 116.58421199999992, 254.94666666666666, 55.18666666666667, 70.05333333333333
182, 615.0411450103318, 116.32148799999993, 254.85333333333332, 55.053333333333335, 68.68
183, 614.7747254973461, 116.75769333333328, 254.93333333333334, 55.88, 68.04
184, 614.5083059843604, 117.50523466666661, 254.98666666666668, 57.16, 67.86666666666666
185, 614.2418864713748, 118.12934000000004, 255.0, 58.32, 67.33333333333333
186, 613.975466958389, 118.03968800000006, 254.98666666666668, 58.46666666666667, 65.82666666666667
187, 613.7090474454034, 118.61319600000012, 254.97333333333333, 59.53333333333333, 65.4
188, 613.4426279324176, 118.77573200000009, 254.94666666666666, 59.906666666666666, 64.97333333333333
189, 613.176208419432, 119.35078133333333, 254.85333333333332, 61.04, 64.42666666666666
190, 612.9097889064462, 119.57502533333327, 254.94666666666666, 61.413333333333334, 64.22666666666667
191, 612.6433693934605, 120.42912133333338, 254.92, 62.946666666666665, 63.89333333333333
192, 612.3769498804749, 120.5803600000001, 254.93333333333334, 63.29333333333334, 63.4
193, 612.1105303674891, 121.15070666666666, 254.93333333333334, 64.38666666666667, 62.77333333333333
194, 611.8441108545035, 121.60539466666668, 254.98666666666668, 65.16, 62.64
195, 611.5776913415177, 122.33079333333335, 255.0, 66.46666666666667, 62.24
196, 611.3112718285321, 122.45384800000005, 254.98666666666668, 66.78666666666666, 61.70666666666666
197, 611.0448523155463, 122.9375866666667, 254.93333333333334, 67.74666666666667, 61.14666666666667
198, 610.7784328025607, 122.99690133333337, 254.98666666666668, 67.97333333333333, 60.36
199, 610.512013289575, 123.84522133333331, 254.98666666666668, 69.41333333333333, 60.38666666666666
200, 610.2455937765892, 124.10730933333325, 254.90666666666667, 70.05333333333333, 59.6
201, 609.9791742636036, 124.90199199999998, 254.88, 71.4, 59.70666666666666
202, 609.7127547506178, 124.94692933333327, 254.84, 71.70666666666666, 58.626666666666665
203, 609.4463352376322, 125.75120799999989, 254.85333333333332, 73.09333333333333, 58.50666666666667
204, 609.1799157246464, 125.89357599999991, 254.90666666666667, 73.46666666666667, 57.693333333333335
205, 608.9134962116608, 126.86056799999999, 254.98666666666668, 75.02666666666667, 57.93333333333333
206, 608.647076698675, 126.63383333333331, 255.0, 74.86666666666666, 56.733333333333334
207, 608.3806571856894, 127.0349546666666, 254.85333333333332, 75.82666666666667, 55.693333333333335
208, 608.1142376727037, 127.93220933333335, 254.97333333333333, 77.32, 55.56
209, 607.847818159718, 129.07952266666658, 254.90666666666667, 79.28, 55.70666666666666
210, 607.5813986467323, 130.02040933333325, 254.97333333333333, 80.88, 55.54666666666667
211, 607.3149791337466, 130.80223600000008, 254.97333333333333, 82.25333333333333, 55.333333333333336
212, 607.0485596207609, 131.41074800000013, 254.92, 83.4, 54.906666666666666
213, 606.7821401077751, 132.5460466666667, 255.0, 85.29333333333334, 54.906666666666666
214, 606.5157205947895, 132.93200800000005, 254.98666666666668, 86.14666666666666, 53.93333333333333
215, 606.2493010818038, 134.10085066666673, 254.96, 88.13333333333334, 54.026666666666664
216, 605.9828815688181, 134.8567213333333, 254.92, 89.66666666666667, 52.86666666666667
217, 605.7164620558324, 135.56067466666659, 254.98666666666668, 90.92, 52.413333333333334
218, 605.4500425428467, 136.7282079999999, 254.98666666666668, 92.98666666666666, 52.013333333333335
219, 605.183623029861, 137.40600933333332, 254.84, 94.30666666666667, 51.54666666666667
220, 604.9172035168754, 138.23832933333333, 254.97333333333333, 95.68, 51.42666666666667
221, 604.6507840038896, 138.9729533333333, 255.0, 97.02666666666667, 50.86666666666667
222, 604.3843644909039, 139.7683826666666, 254.97333333333333, 98.50666666666666, 50.29333333333334
223, 604.1179449779182, 140.86027466666675, 254.98666666666668, 100.36, 50.29333333333334
224, 603.8515254649325, 141.81690266666672, 254.97333333333333, 102.14666666666666, 49.52
225, 603.5851059519468, 142.8034333333334, 255.0, 103.82666666666667, 49.45333333333333
226, 603.3186864389611, 144.44072666666668, 255.0, 106.61333333333333, 49.46666666666667
227, 603.0522669259755, 145.36238266666666, 254.97333333333333, 108.18666666666667, 49.52
228, 602.7858474129897, 146.31250533333338, 254.94666666666666, 110.09333333333333, 48.10666666666667
229, 602.5194279000041, 147.8563426666666, 254.97333333333333, 112.54666666666667, 48.946666666666665
230, 602.2530083870183, 148.54522266666663, 254.97333333333333, 113.90666666666667, 47.986666666666665
231, 601.9865888740327, 149.62127333333328, 255.0, 115.66666666666667, 48.29333333333334
232, 601.7201693610469, 150.76392799999988, 254.98666666666668, 117.66666666666667, 48.053333333333335
233, 601.4537498480612, 151.70513999999994, 255.0, 119.24, 48.17333333333333
234, 601.1873303350756, 152.54029999999997, 255.0, 120.8, 47.46666666666667
235, 600.9209108220898, 153.37367466666666, 254.98666666666668, 122.4, 46.57333333333333
236, 600.6544913091042, 153.97094400000003, 254.96, 123.4, 46.733333333333334
237, 600.3880717961184, 155.04642000000004, 255.0, 125.16, 47.0
238, 600.1216522831328, 155.70390400000002, 254.96, 126.36, 46.693333333333335
239, 599.855232770147, 156.65130133333335, 254.98666666666668, 127.97333333333333, 46.626666666666665
240, 599.5888132571614, 157.20762000000008, 255.0, 129.08, 45.77333333333333
241, 599.3223937441757, 158.17475999999996, 254.93333333333334, 130.81333333333333, 45.50666666666667
242, 599.05597423119, 158.87719333333328, 255.0, 132.06666666666666, 45.04
243, 598.7895547182043, 159.82533066666664, 254.96, 133.73333333333332, 44.88
244, 598.5231352052185, 160.07045066666666, 254.96, 134.29333333333332, 44.14666666666667
245, 598.2567156922329, 161.0838493333333, 254.97333333333333, 136.0, 44.21333333333333
246, 597.9902961792471, 161.55207333333337, 255.0, 136.78666666666666, 44.2
247, 597.7238766662615, 162.29135599999998, 254.97333333333333, 138.09333333333333, 44.026666666666664
248, 597.4574571532758, 162.71193999999986, 255.0, 138.76, 44.21333333333333
249, 597.1910376402901, 163.27188933333323, 254.97333333333333, 139.8, 43.84
250, 596.9246181273044, 163.7358626666666, 254.97333333333333, 140.62666666666667, 43.653333333333336
251, 596.6581986143187, 164.73652666666663, 255.0, 142.33333333333334, 43.57333333333333
252, 596.391779101333, 165.22537733333326, 254.89333333333335, 143.28, 43.266666666666666
253, 596.1253595883472, 165.9878146666667, 254.92, 144.65333333333334, 42.81333333333333
254, 595.8589400753616, 166.72403600000004, 254.97333333333333, 145.89333333333335, 42.74666666666667
255, 595.5925205623759, 167.63747866666668, 254.94666666666666, 147.52, 42.45333333333333
256, 595.3261010493902, 168.370184, 254.96, 148.72, 42.666666666666664
257, 595.0596815364045, 169.27423600000003, 254.97333333333333, 150.25333333333333, 42.666666666666664
258, 594.7932620234188, 169.8164093333333, 254.97333333333333, 151.12, 42.96
259, 594.5268425104331, 170.50108800000007, 254.98666666666668, 152.26666666666668, 43.026666666666664
260, 594.2604229974474, 171.2137013333333, 254.98666666666668, 153.41333333333333, 43.373333333333335
261, 593.9940034844617, 171.8573400000001, 255.0, 154.56, 43.08
262, 593.7275839714761, 172.134048, 254.98666666666668, 155.06666666666666, 42.93333333333333
263, 593.4611644584903, 172.97655333333338, 255.0, 156.46666666666667, 43.08
264, 593.1947449455047, 173.45177999999996, 255.0, 157.24, 43.266666666666666
265, 592.9283254325189, 174.11255333333338, 255.0, 158.46666666666667, 42.74666666666667
266, 592.6619059195332, 174.3367960000001, 254.97333333333333, 158.89333333333335, 42.586666666666666
267, 592.3954864065475, 174.75420800000003, 254.98666666666668, 159.78666666666666, 41.61333333333334
268, 592.1290668935618, 175.17335466666674, 254.98666666666668, 160.48, 41.72
269, 591.8626473805762, 175.86736933333336, 254.97333333333333, 161.84, 40.84
270, 591.5962278675904, 175.76252800000003, 254.98666666666668, 161.78666666666666, 40.16
271, 591.3298083546048, 176.5167066666667, 254.93333333333334, 163.18666666666667, 39.70666666666666
272, 591.063388841619, 176.95228666666665, 255.0, 163.85333333333332, 39.92
273, 590.7969693286334, 177.7248879999999, 254.98666666666668, 165.18666666666667, 39.86666666666667
274, 590.5305498156476, 178.0153973333333, 254.96, 165.66666666666666, 40.013333333333335
275, 590.2641303026619, 178.7304373333333, 254.96, 166.86666666666667, 40.10666666666667
276, 589.9977107896763, 179.40371333333326, 255.0, 167.94666666666666, 40.346666666666664
277, 589.7312912766905, 180.29747333333333, 255.0, 169.46666666666667, 40.36
278, 589.4648717637049, 180.24828, 254.93333333333334, 169.53333333333333, 39.76
279, 589.1984522507191, 180.90202266666662, 254.97333333333333, 170.62666666666667, 39.76
280, 588.9320327377335, 181.05841199999998, 254.94666666666666, 170.90666666666667, 39.76
281, 588.6656132247477, 182.07920666666666, 255.0, 172.61333333333334, 39.78666666666667
282, 588.3991937117621, 182.07995333333332, 255.0, 172.74666666666667, 39.10666666666667
283, 588.1327741987764, 182.89711600000004, 254.97333333333333, 174.25333333333333, 38.586666666666666
284, 587.8663546857906, 183.26168666666663, 255.0, 174.93333333333334, 38.21333333333333
285, 587.599935172805, 183.72012133333328, 254.92, 175.94666666666666, 37.22666666666667
286, 587.3335156598193, 183.84933999999996, 255.0, 176.24, 36.64
287, 587.0670961468336, 184.25818266666656, 254.84, 177.17333333333335, 35.84
288, 586.8006766338478, 184.65769199999997, 254.94666666666666, 177.78666666666666, 35.906666666666666
289, 586.5342571208622, 185.00560266666668, 254.90666666666667, 178.48, 35.49333333333333
290, 586.2678376078765, 185.3645799999999, 255.0, 179.0, 35.72
291, 586.0014180948908, 185.60632799999993, 254.98666666666668, 179.50666666666666, 35.266666666666666
292, 585.7349985819051, 185.68770133333325, 254.98666666666668, 179.73333333333332, 34.81333333333333
293, 585.4685790689194, 186.6988613333333, 254.98666666666668, 181.45333333333335, 34.82666666666667
294, 585.2021595559337, 186.63056533333335, 254.88, 181.54666666666665, 34.026666666666664
295, 584.935740042948, 187.034988, 254.92, 182.28, 33.693333333333335
296, 584.6693205299623, 186.96453199999993, 254.94666666666666, 182.22666666666666, 33.28
297, 584.4029010169766, 187.4787093333333, 254.90666666666667, 183.13333333333333, 33.22666666666667
298, 584.1364815039909, 187.85007333333328, 255.0, 183.66666666666666, 33.49333333333333
299, 583.8700619910052, 188.10864666666674, 255.0, 184.21333333333334, 32.946666666666665
300, 583.6036424780195, 187.99745333333337, 254.93333333333334, 184.12, 32.626666666666665
301, 583.3372229650338, 188.40774533333334, 254.94666666666666, 184.77333333333334, 32.82666666666667
302, 583.0708034520482, 188.53217066666676, 254.96, 184.97333333333333, 32.85333333333333
303, 582.8043839390624, 188.663748, 254.92, 185.28, 32.53333333333333
304, 582.5379644260768, 188.58696266666666, 254.90666666666667, 185.2, 32.306666666666665
305, 582.271544913091, 188.84506000000005, 254.86666666666667, 185.70666666666668, 32.06666666666667
306, 582.0051254001053, 189.17445466666666, 254.92, 186.17333333333335, 32.413333333333334
307, 581.7387058871196, 189.49551466666665, 254.98666666666668, 186.72, 32.24
308, 581.4722863741339, 189.6854266666667, 254.93333333333334, 187.02666666666667, 32.46666666666667
309, 581.2058668611483, 190.18666000000005, 255.0, 187.8, 32.70666666666666
310, 580.9394473481625, 189.9819400000001, 255.0, 187.56, 32.14666666666667
311, 580.6730278351769, 190.4646666666667, 254.93333333333334, 188.42666666666668, 32.093333333333334
312, 580.4066083221911, 190.61559599999993, 254.97333333333333, 188.73333333333332, 31.733333333333334
313, 580.1401888092055, 190.59214799999998, 254.78666666666666, 189.02666666666667, 30.506666666666668
314, 579.8737692962197, 191.15055733333335, 254.96, 189.94666666666666, 30.213333333333335
315, 579.6073497832341, 191.6486346666667, 254.98666666666668, 190.88, 29.706666666666667
316, 579.3409302702484, 191.50424000000004, 254.93333333333334, 191.01333333333332, 27.893333333333334
317, 579.0745107572627, 191.93372933333333, 254.97333333333333, 191.88, 27.093333333333334
318, 578.808091244277, 191.96299733333325, 254.96, 192.22666666666666, 25.6
319, 578.5416717312912, 192.59427066666672, 254.89333333333335, 193.42666666666668, 25.133333333333333
320, 578.2752522183056, 192.34229600000003, 254.10666666666665, 193.86666666666667, 22.72
321, 578.0088327053198, 192.0944613333333, 253.38666666666666, 194.09333333333333, 21.266666666666666
322, 577.7424131923342, 191.33624266666664, 251.30666666666667, 194.2, 19.52
323, 577.4759936793484, 190.98336666666657, 250.06666666666666, 194.44, 18.44
324, 577.2095741663628, 189.64153600000006, 246.90666666666667, 194.22666666666666, 16.053333333333335
325, 576.9431546533771, 189.37598666666668, 243.2, 195.85333333333332, 15.066666666666666
326, 576.6767351403914, 188.40807733333335, 239.49333333333334, 196.4, 13.48
327, 576.4103156274057, 187.8595093333334, 238.50666666666666, 196.05333333333334, 13.04
328, 576.1438961144199, 187.092016, 235.44, 196.6, 11.533333333333333
329, 575.8774766014343, 186.24836266666662, 233.97333333333333, 196.18666666666667, 10.106666666666667
330, 575.6110570884485, 185.6041173333333, 230.42666666666668, 197.13333333333333, 8.88
331, 575.3446375754629, 185.50980266666664, 229.70666666666668, 197.36, 8.773333333333333
332, 575.0782180624772, 184.82774133333336, 226.85333333333332, 197.84, 7.8
333, 574.8117985494915, 184.0087146666667, 225.65333333333334, 197.22666666666666, 6.92
334, 574.5453790365058, 183.67762133333335, 223.38666666666666, 197.93333333333334, 6.32
335, 574.2789595235201, 182.90143999999992, 222.0, 197.4, 5.8933333333333335
336, 574.0125400105344, 182.85978666666668, 220.0, 198.37333333333333, 5.76
337, 573.7461204975486, 182.62142399999996, 219.22666666666666, 198.30666666666667, 6.04
338, 573.479700984563, 181.85438266666668, 217.10666666666665, 198.24, 5.213333333333333
339, 573.2132814715774, 181.26234000000005, 215.4, 198.16, 4.906666666666666
340, 572.9468619585916, 180.87479600000006, 213.64, 198.44, 4.68
341, 572.6804424456059, 179.94845866666674, 211.68, 197.81333333333333, 4.92
342, 572.4140229326202, 178.70147733333337, 208.69333333333333, 197.36, 4.1466666666666665
343, 572.1476034196345, 178.48039199999988, 207.81333333333333, 197.41333333333333, 4.24
344, 571.8811839066489, 178.186316, 205.64, 198.12, 3.72
345, 571.6147643936631, 177.81110399999994, 204.96, 197.84, 3.6533333333333333
346, 571.3483448806775, 176.69891733333333, 200.96, 198.18666666666667, 2.6
347, 571.0819253676917, 176.22974533333326, 200.14666666666668, 197.85333333333332, 2.3333333333333335
348, 570.8155058547061, 175.18722000000002, 196.73333333333332, 197.97333333333333, 1.52
349, 570.5490863417203, 174.7158266666667, 196.0, 197.53333333333333, 1.5733333333333333
350, 570.2826668287346, 174.00647866666657, 192.81333333333333, 198.06666666666666, 0.96
351, 570.016247315749, 173.50352, 191.2, 197.92, 1.5333333333333334
352, 569.7498278027632, 172.7080946666666, 187.45333333333335, 198.58666666666667, 0.9466666666666667
353, 569.4834082897776, 172.47479466666664, 186.72, 198.29333333333332, 2.3333333333333335
354, 569.2169887767918, 170.66747333333336, 182.33333333333334, 197.72, 0.9333333333333333
355, 568.9505692638062, 169.978528, 181.38666666666666, 196.90666666666667, 1.56
356, 568.6841497508204, 168.99300400000004, 177.82666666666665, 197.14666666666668, 1.0133333333333334
357, 568.4177302378348, 168.68269466666672, 176.78666666666666, 197.0, 1.7733333333333334
358, 568.151310724849, 167.63392533333328, 174.08, 196.66666666666666, 1.3866666666666667
359, 567.8848912118633, 166.1619346666666, 171.32, 195.53333333333333, 1.5466666666666666
360, 567.6184716988777, 164.84828933333335, 167.90666666666667, 195.17333333333335, 0.8266666666666667
361, 567.3520521858919, 162.85893466666664, 164.92, 193.25333333333333, 1.0933333333333333
362, 567.0856326729063, 161.904056, 161.57333333333332, 193.33333333333334, 1.08
363, 566.8192131599205, 161.4648626666666, 160.70666666666668, 192.84, 2.04
364, 566.5527936469349, 160.3281426666667, 157.50666666666666, 192.52, 2.1066666666666665
365, 566.2863741339492, 159.43467066666665, 156.09333333333333, 191.54666666666665, 2.986666666666667
366, 566.0199546209635, 157.96224933333335, 152.84, 190.74666666666667, 2.72
367, 565.7535351079778, 156.98054, 151.0, 189.76, 4.013333333333334
368, 565.4871155949921, 155.51799066666672, 147.29333333333332, 189.10666666666665, 4.266666666666667
369, 565.2206960820064, 154.09573999999992, 145.13333333333333, 187.41333333333333, 6.173333333333333
370, 564.9542765690207, 152.5208693333333, 141.30666666666667, 186.73333333333332, 5.8933333333333335
371, 564.687857056035, 151.4260986666667, 139.41333333333333, 185.66666666666666, 6.746666666666667
372, 564.4214375430493, 149.95521333333338, 136.13333333333333, 184.8, 6.906666666666666
373, 564.1550180300636, 148.39160399999994, 133.56, 183.4, 7.1466666666666665
374, 563.8885985170779, 147.35778799999997, 131.58666666666667, 182.58666666666667, 7.44
375, 563.6221790040922, 147.233832, 130.61333333333334, 182.57333333333332, 8.973333333333333
376, 563.3557594911065, 147.04757999999995, 129.8, 182.52, 9.746666666666666
377, 563.0893399781208, 146.10944533333333, 128.21333333333334, 181.52, 10.826666666666666
378, 562.8229204651351, 143.95578, 125.13333333333334, 179.53333333333333, 10.24
379, 562.5565009521495, 141.38653333333332, 121.6, 176.98666666666668, 10.08
380, 562.2900814391637, 140.299556, 119.64, 176.12, 10.146666666666667
381, 562.023661926178, 138.87259333333338, 117.66666666666667, 174.53333333333333, 10.973333333333333
382, 561.7572424131923, 137.8909946666667, 115.78666666666666, 173.72, 11.48
383, 561.4908229002066, 137.41142266666668, 114.30666666666667, 173.32, 13.213333333333333
384, 561.224403387221, 135.126024, 111.62666666666667, 170.94666666666666, 12.413333333333334
385, 560.9579838742352, 134.30222933333332, 110.24, 170.02666666666667, 13.56
386, 560.6915643612496, 134.044596, 109.77333333333333, 169.69333333333333, 14.24
387, 560.4251448482638, 133.89939999999999, 108.93333333333334, 169.57333333333332, 15.786666666666667
388, 560.1587253352782, 131.49353866666667, 106.21333333333334, 166.98666666666668, 15.133333333333333
389, 559.8923058222924, 129.97127066666664, 103.96, 165.25333333333333, 16.613333333333333
390, 559.6258863093067, 129.10922933333336, 102.77333333333333, 164.2, 17.586666666666666
391, 559.359466796321, 128.4277946666667, 101.78666666666666, 163.28, 18.933333333333334
392, 559.0930472833353, 126.50527600000004, 99.77333333333333, 161.05333333333334, 18.813333333333333
393, 558.8266277703497, 125.49441599999993, 97.97333333333333, 159.97333333333333, 20.226666666666667
394, 558.5602082573639, 124.71920133333329, 97.18666666666667, 158.69333333333333, 22.08
395, 558.2937887443783, 124.485024, 96.16, 158.32, 24.64
396, 558.0273692313925, 123.61471466666664, 95.12, 156.97333333333333, 26.666666666666668
397, 557.7609497184069, 122.00810666666672, 92.93333333333334, 155.18666666666667, 27.506666666666668
398, 557.4945302054211, 120.84106133333334, 91.65333333333334, 153.48, 29.413333333333334
399, 557.2281106924355, 120.60682666666668, 90.93333333333334, 152.98666666666668, 31.786666666666665
400, 556.9616911794498, 118.45849199999995, 88.68, 150.28, 32.78666666666667
401, 556.6952716664641, 117.28453999999995, 86.6, 149.0, 34.53333333333333
402, 556.4288521534784, 115.1066133333333, 84.4, 146.38666666666666, 34.653333333333336
403, 556.1624326404926, 112.49869066666663, 81.22666666666667, 143.64, 34.24
404, 555.896013127507, 111.26254800000002, 79.85333333333334, 142.01333333333332, 35.373333333333335
405, 555.6295936145212, 110.42249599999995, 78.90666666666667, 140.62666666666667, 37.626666666666665
406, 555.3631741015356, 109.0686306666666, 77.29333333333334, 139.06666666666666, 38.013333333333335
407, 555.0967545885499, 109.90444133333334, 77.85333333333334, 139.76, 40.306666666666665
408, 554.8303350755642, 109.18923333333333, 77.13333333333334, 138.96, 40.04
409, 554.5639155625785, 107.89317066666666, 75.89333333333333, 137.18666666666667, 41.053333333333335
410, 554.2974960495928, 106.69786666666666, 74.66666666666667, 135.92, 40.306666666666665
411, 554.0310765366071, 106.584188, 74.38666666666667, 135.58666666666667, 41.76
412, 553.7646570236213, 106.02775333333331, 73.8, 134.98666666666668, 41.50666666666667
413, 553.4982375106357, 105.78659999999996, 73.2, 134.48, 43.57333333333333
414, 553.23181799765, 105.19197733333328, 72.62666666666667, 133.81333333333333, 43.29333333333334
415, 552.9653984846643, 104.097848, 71.25333333333333, 132.49333333333334, 44.093333333333334
416, 552.6989789716786, 103.0490746666667, 70.18666666666667, 131.4, 43.32
417, 552.4325594586929, 102.99248399999996, 70.09333333333333, 131.05333333333334, 44.85333333333333
418, 552.1661399457072, 102.23514666666667, 69.33333333333333, 130.26666666666668, 44.25333333333333
419, 551.8997204327216, 101.79521600000002, 68.77333333333333, 129.61333333333334, 45.22666666666667
420, 551.6333009197358, 101.0170666666667, 67.86666666666666, 128.84, 44.76
421, 551.36688140675, 100.55962266666666, 66.57333333333334, 128.42666666666668, 46.266666666666666
422, 551.1004618937644, 99.44722666666664, 65.2, 127.37333333333333, 45.53333333333333
423, 550.8340423807788, 99.29162799999997, 64.78666666666666, 127.18666666666667, 46.21333333333333
424, 550.567622867793, 98.19817733333329, 63.693333333333335, 126.08, 45.18666666666667
425, 550.3012033548073, 97.68318799999997, 62.78666666666667, 125.58666666666667, 45.586666666666666
426, 550.0347838418216, 97.87903866666666, 62.946666666666665, 125.8, 45.78666666666667
427, 549.7683643288359, 97.79245066666665, 62.29333333333334, 125.66666666666667, 47.42666666666667
428, 549.5019448158503, 97.51607066666665, 61.96, 125.37333333333333, 47.38666666666666
429, 549.2355253028645, 96.71150666666665, 60.666666666666664, 124.48, 48.32
430, 548.9691057898789, 96.39985733333333, 60.36, 124.14666666666666, 48.10666666666667
431, 548.7026862768931, 96.9188413333333, 60.25333333333333, 124.72, 49.986666666666665
432, 548.4362667639075, 96.18911333333334, 59.53333333333333, 123.96, 49.38666666666666
433, 548.1698472509217, 95.16958133333333, 58.18666666666667, 122.89333333333333, 49.46666666666667
434, 547.903427737936, 94.74121066666666, 57.76, 122.45333333333333, 49.093333333333334
435, 547.6370082249504, 94.64321333333334, 57.46666666666667, 122.29333333333334, 49.82666666666667
436, 547.3705887119646, 94.281624, 57.093333333333334, 121.89333333333333, 49.693333333333335
437, 547.104169198979, 93.82763466666665, 55.78666666666667, 121.56, 50.85333333333333
438, 546.8377496859932, 92.63208799999995, 54.586666666666666, 120.34666666666666, 49.76
439, 546.5713301730076, 93.13867600000002, 54.57333333333333, 121.05333333333333, 50.6
440, 546.3049106600218, 93.23199999999996, 54.666666666666664, 121.14666666666666, 50.693333333333335
441, 546.0384911470362, 93.89290266666669, 54.973333333333336, 121.90666666666667, 51.77333333333333
442, 545.7720716340505, 92.55970266666661, 53.64, 120.57333333333334, 50.44
443, 545.5056521210647, 94.1124066666667, 54.86666666666667, 122.12, 52.88
444, 545.2392326080791, 93.21119199999997, 53.946666666666665, 121.22666666666667, 51.986666666666665
445, 544.9728130950933, 93.83254, 53.13333333333333, 122.45333333333333, 53.25333333333333
446, 544.7063935821077, 93.13187999999995, 52.4, 121.76, 52.6
447, 544.439974069122, 92.899064, 51.36, 121.88, 52.666666666666664
448, 544.1735545561363, 92.46845466666669, 50.92, 121.45333333333333, 52.24
449, 543.9071350431506, 93.56943466666668, 51.653333333333336, 122.62666666666667, 53.93333333333333
450, 543.6407155301649, 93.70275466666664, 51.78666666666667, 122.76, 54.06666666666667
451, 543.3742960171792, 92.93304666666668, 50.46666666666667, 122.24, 53.45333333333333
452, 543.1078765041935, 93.37517866666667, 50.74666666666667, 122.76, 53.92
453, 542.8414569912078, 94.25154400000001, 50.82666666666667, 123.90666666666667, 55.49333333333333
454, 542.5750374782222, 92.80336533333333, 49.013333333333335, 122.64, 54.06666666666667
455, 542.3086179652364, 93.10579600000003, 47.906666666666666, 123.58666666666667, 54.74666666666667
456, 542.0421984522507, 93.33245733333334, 47.693333333333335, 124.04, 54.96
457, 541.775778939265, 94.34261466666668, 47.586666666666666, 125.52, 56.48
458, 541.5093594262793, 94.56267999999997, 47.2, 126.04, 56.74666666666667
459, 541.2429399132936, 95.37122933333333, 46.64, 127.38666666666667, 58.373333333333335
460, 540.9765204003079, 94.73284933333329, 45.24, 127.14666666666666, 57.68
461, 540.7101008873223, 94.44943466666665, 44.053333333333335, 127.22666666666667, 57.89333333333333
462, 540.4436813743365, 95.01682533333332, 43.21333333333333, 128.52, 58.413333333333334
463, 540.1772618613509, 95.4393893333333, 42.906666666666666, 129.17333333333335, 59.56
464, 539.9108423483651, 95.0213546666667, 40.45333333333333, 129.74666666666667, 59.373333333333335
465, 539.6444228353794, 95.66555600000004, 40.44, 130.68, 60.25333333333333
466, 539.3780033223937, 95.76252133333334, 38.38666666666666, 131.89333333333335, 60.24
467, 539.111583809408, 95.955388, 38.12, 132.28, 60.64
468, 538.8451642964224, 95.97696133333334, 36.12, 133.30666666666667, 60.78666666666667
469, 538.5787447834366, 96.97727333333334, 35.93333333333333, 134.72, 62.77333333333333
470, 538.312325270451, 96.55359200000002, 33.68, 135.2, 62.49333333333333
471, 538.0459057574652, 96.53571333333333, 32.86666666666667, 135.57333333333332, 62.54666666666667
472, 537.7794862444796, 96.39411866666663, 30.68, 136.45333333333335, 62.50666666666667
473, 537.5130667314938, 96.60414266666665, 30.04, 136.81333333333333, 64.17333333333333
474, 537.2466472185081, 96.60256266666667, 27.573333333333334, 138.06666666666666, 64.17333333333333
475, 536.9802277055225, 96.62354666666668, 26.8, 138.41333333333333, 64.6
476, 536.7138081925368, 96.207092, 23.746666666666666, 139.34666666666666, 64.14666666666666
477, 536.4473886795511, 96.77484666666665, 23.933333333333334, 139.86666666666667, 65.96
478, 536.1809691665653, 96.425404, 21.293333333333333, 140.69333333333333, 65.56
479, 535.9145496535797, 96.72263733333327, 20.56, 141.38666666666666, 66.52
480, 535.6481301405939, 96.608444, 18.093333333333334, 142.45333333333335, 66.49333333333334
481, 535.3817106276083, 97.00277066666665, 16.96, 143.37333333333333, 68.18666666666667
482, 535.1152911146226, 96.552464, 14.16, 144.12, 67.73333333333333
483, 534.8488716016368, 97.66154266666663, 14.973333333333333, 145.34666666666666, 69.01333333333334
484, 534.5824520886512, 97.61686533333332, 12.413333333333334, 146.6, 68.88
485, 534.3160325756655, 97.80944800000005, 10.986666666666666, 147.42666666666668, 70.05333333333333
486, 534.0496130626798, 98.10548933333332, 9.373333333333333, 148.68, 70.42666666666666
487, 533.783193549694, 98.85402533333331, 9.48, 149.70666666666668, 71.42666666666666
488, 533.5167740367084, 98.99548533333332, 7.413333333333333, 151.0, 71.42666666666666
489, 533.2503545237226, 98.49635333333332, 5.933333333333334, 150.88, 71.54666666666667
490, 532.983935010737, 98.680028, 4.12, 152.08, 71.73333333333333
491, 532.7175154977513, 99.78653199999998, 4.546666666666667, 153.42666666666668, 73.38666666666667
492, 532.4510959847656, 99.28956399999997, 3.2933333333333334, 153.29333333333332, 73.0
493, 532.1846764717799, 99.51257466666667, 2.3866666666666667, 153.92, 74.10666666666667
494, 531.9182569587942, 98.74381866666668, 1.68, 153.13333333333333, 73.26666666666667
495, 531.6518374458085, 99.52375599999999, 1.3733333333333333, 154.33333333333334, 74.73333333333333
496, 531.3854179328227, 99.94581866666668, 1.68, 154.81333333333333, 75.16
497, 531.1189984198371, 100.5511466666667, 1.2, 155.85333333333332, 76.37333333333333
498, 530.8525789068515, 100.83561600000002, 1.3066666666666666, 156.22666666666666, 76.66666666666667
499, 530.5861593938657, 101.607812, 1.2133333333333334, 157.33333333333334, 77.98666666666666
500, 530.31973988088, 102.03716533333336, 1.5466666666666666, 157.77333333333334, 78.61333333333333
501, 530.0533203678943, 102.03013200000001, 0.9466666666666667, 157.62666666666667, 80.88
502, 529.7869008549086, 102.85537333333336, 1.3333333333333333, 158.6, 82.09333333333333
503, 529.520481341923, 104.75047200000003, 2.6133333333333333, 160.57333333333332, 85.2
504, 529.2540618289372, 104.49338133333332, 2.1866666666666665, 160.37333333333333, 85.09333333333333
505, 528.9876423159515, 104.92197333333334, 1.7333333333333334, 160.92, 87.22666666666667
506, 528.7212228029658, 105.01131066666672, 1.6933333333333334, 161.06666666666666, 87.36
507, 528.4548032899802, 105.98059466666662, 1.7866666666666666, 162.08, 90.4
508, 528.1883837769944, 105.79950933333333, 1.3066666666666666, 162.01333333333332, 90.41333333333333
509, 527.9219642640087, 106.90787333333334, 1.5333333333333334, 163.32, 92.81333333333333
510, 527.6555447510231, 107.31752666666667, 1.8, 163.77333333333334, 93.37333333333333
511, 527.3891252380373, 108.48934133333333, 2.32, 164.90666666666667, 96.45333333333333
512, 527.1227057250517, 107.90408666666667, 1.6666666666666667, 164.32, 96.05333333333333
513, 526.8562862120659, 107.64523733333336, 1.2266666666666666, 163.89333333333335, 97.13333333333334
514, 526.5898666990803, 107.76353866666668, 1.28, 164.01333333333332, 97.41333333333333
515, 526.3234471860945, 108.32470000000004, 1.5333333333333334, 164.49333333333334, 99.2
516, 526.0570276731089, 107.99123200000001, 1.0133333333333334, 164.21333333333334, 99.08
517, 525.7906081601232, 108.38649066666666, 1.2266666666666666, 164.4, 101.02666666666667
518, 525.5241886471374, 108.59102933333332, 1.3066666666666666, 164.65333333333334, 101.30666666666667
519, 525.2577691341518, 109.14038666666666, 1.7333333333333334, 165.14666666666668, 102.46666666666667
520, 524.991349621166, 109.18972933333333, 1.7733333333333334, 165.2, 102.52
521, 524.7249301081804, 109.94967466666664, 2.0533333333333332, 165.90666666666667, 104.81333333333333
522, 524.4585105951946, 109.44913999999997, 1.6666666666666667, 165.34666666666666, 104.32
523, 524.192091082209, 109.85645333333332, 1.3333333333333333, 165.84, 106.22666666666667
524, 523.9256715692233, 110.04453733333331, 1.4266666666666667, 166.05333333333334, 106.53333333333333
525, 523.6592520562376, 110.61787599999998, 1.7733333333333334, 166.41333333333333, 108.8
526, 523.3928325432519, 110.47512666666667, 1.6666666666666667, 166.24, 108.72
527, 523.1264130302661, 110.45984266666666, 1.1733333333333333, 166.14666666666668, 110.36
528, 522.8599935172805, 110.89776266666668, 1.44, 166.65333333333334, 110.89333333333333
529, 522.5935740042949, 110.81426533333331, 1.3466666666666667, 166.33333333333334, 112.05333333333333
530, 522.3271544913091, 110.94497600000005, 1.44, 166.48, 112.2
531, 522.0607349783234, 111.77341999999997, 2.066666666666667, 167.26666666666668, 113.77333333333333
532, 521.7943154653377, 111.62879466666668, 1.7866666666666666, 167.08, 114.2
533, 521.527895952352, 111.69929199999996, 1.6133333333333333, 166.85333333333332, 116.44
534, 521.2614764393663, 111.78131333333333, 1.8, 166.78666666666666, 117.01333333333334
535, 520.9950569263806, 112.00440933333331, 1.64, 166.98666666666668, 118.36
536, 520.7286374133948, 111.77195199999997, 1.5466666666666666, 166.66666666666666, 118.21333333333334
537, 520.4622179004092, 111.75303466666666, 1.3866666666666667, 166.4, 119.84
538, 520.1957983874236, 111.0007733333333, 0.8, 165.54666666666665, 119.17333333333333
539, 519.9293788744378, 111.69038533333328, 1.2133333333333334, 166.12, 121.18666666666667
540, 519.6629593614521, 112.17286266666665, 1.64, 166.61333333333334, 121.76
541, 519.3965398484664, 112.2447866666667, 1.4666666666666666, 166.56, 123.12
542, 519.1301203354807, 111.93480266666666, 1.3066666666666666, 166.16, 122.88
543, 518.863700822495, 112.26095733333331, 1.36, 166.34666666666666, 124.64
544, 518.5972813095093, 112.32303466666662, 1.3866666666666667, 166.4, 124.84
545, 518.3308617965237, 112.70666400000002, 1.6266666666666667, 166.50666666666666, 127.02666666666667
546, 518.0644422835379, 112.32328133333334, 1.32, 166.06666666666666, 126.73333333333333
547, 517.7980227705523, 112.24833466666668, 1.1866666666666668, 165.88, 127.38666666666667
548, 517.5316032575665, 112.29636133333334, 1.1866666666666668, 165.93333333333334, 127.53333333333333
549, 517.2651837445808, 112.84284799999999, 1.52, 166.2, 130.08
550, 516.9987642315951, 112.61022399999997, 1.36, 165.88, 130.10666666666665
551, 516.7323447186095, 112.36141999999997, 1.1333333333333333, 165.33333333333334, 131.33333333333334
552, 516.4659252056238, 112.58446533333328, 1.3466666666666667, 165.49333333333334, 131.90666666666667
553, 516.199505692638, 112.90695466666666, 1.3866666666666667, 165.52, 134.49333333333334
554, 515.9330861796524, 112.70315066666667, 1.2933333333333332, 165.18666666666667, 134.66666666666666
555, 515.6666666666666, 112.59594000000004, 1.1333333333333333, 164.73333333333332, 136.48
556, 515.400247153681, 112.70401333333335, 1.4666666666666666, 164.69333333333333, 136.76
557, 515.1338276406952, 112.67317866666667, 1.28, 164.37333333333333, 138.62666666666667
558, 514.8674081277095, 112.87804399999999, 1.4266666666666667, 164.54666666666665, 139.14666666666668
559, 514.6009886147239, 113.1395866666667, 1.7333333333333334, 164.34666666666666, 141.66666666666666
560, 514.3345691017382, 112.55200666666661, 1.2666666666666666, 163.56, 141.78666666666666
561, 514.0681495887525, 112.34054266666668, 1.3733333333333333, 162.74666666666667, 143.84
562, 513.8017300757667, 112.01859733333336, 1.2266666666666666, 162.21333333333334, 144.14666666666668
563, 513.5353105627811, 112.0487733333333, 1.6, 161.62666666666667, 146.45333333333335
564, 513.2688910497953, 112.29861866666664, 1.68, 161.77333333333334, 147.68
565, 513.0024715368097, 112.21856000000004, 1.7333333333333334, 161.13333333333333, 150.13333333333333
566, 512.736052023824, 111.81234266666671, 1.3733333333333333, 160.46666666666667, 150.94666666666666
567, 512.4696325108383, 112.01517466666674, 1.72, 160.13333333333333, 153.53333333333333
568, 512.2032129978526, 111.73840266666669, 1.44, 159.77333333333334, 153.69333333333333
569, 511.9367934848669, 112.22690533333332, 1.6133333333333333, 159.8, 157.38666666666666
570, 511.6703739718812, 112.60391466666665, 1.92, 160.13333333333333, 158.17333333333335
571, 511.4039544588955, 112.98251999999998, 2.2666666666666666, 159.94666666666666, 161.54666666666665
572, 511.1375349459098, 112.46450266666659, 1.9066666666666667, 159.32, 161.17333333333335
573, 510.87111543292406, 112.24759599999997, 1.64, 158.76, 162.85333333333332
574, 510.6046959199384, 112.111972, 1.6133333333333333, 158.49333333333334, 163.10666666666665
575, 510.3382764069527, 111.90149066666672, 1.6266666666666667, 157.68, 165.41333333333333
576, 510.07185689396704, 111.47591333333338, 1.4, 157.10666666666665, 165.22666666666666
577, 509.8054373809813, 112.06189599999993, 1.5733333333333333, 157.41333333333333, 168.33333333333334
578, 509.5390178679956, 111.82382799999995, 1.4533333333333334, 157.05333333333334, 168.41333333333333
579, 509.2725983550099, 112.12867733333333, 1.76, 156.98666666666668, 170.62666666666667
580, 509.0061788420242, 112.00821333333329, 1.6, 156.82666666666665, 170.81333333333333
581, 508.7397593290385, 112.6323466666666, 1.8666666666666667, 157.2, 173.66666666666666
582, 508.4733398160528, 112.18912266666663, 1.3066666666666666, 156.8, 173.30666666666667
583, 508.20692030306714, 112.97068400000002, 1.96, 157.4, 175.36
584, 507.9405007900814, 112.70889200000002, 1.7466666666666666, 157.10666666666665, 175.13333333333333
585, 507.67408127709575, 112.66489200000001, 1.6133333333333333, 156.77333333333334, 176.81333333333333
586, 507.40766176411, 112.19354666666663, 1.2, 156.25333333333333, 176.44
587, 507.14124225112437, 112.72726533333335, 2.013333333333333, 156.36, 178.44
588, 506.8748227381386, 112.10092666666667, 1.4, 155.69333333333333, 177.98666666666668
589, 506.6084032251529, 111.7587946666667, 1.2533333333333334, 154.86666666666667, 179.62666666666667
590, 506.34198371216723, 111.16370533333334, 0.9466666666666667, 154.13333333333333, 178.98666666666668
591, 506.07556419918154, 111.50138133333334, 1.2533333333333334, 154.12, 181.21333333333334
592, 505.80914468619585, 111.585932, 1.2133333333333334, 154.25333333333333, 181.37333333333333
593, 505.54272517321016, 112.38691866666667, 1.6133333333333333, 154.90666666666667, 183.98666666666668
594, 505.27630566022447, 112.68558399999996, 1.8933333333333333, 155.21333333333334, 184.29333333333332
595, 505.0098861472387, 112.38056399999994, 1.2933333333333332, 154.97333333333333, 184.42666666666668
596, 504.7434666342531, 112.49715866666664, 1.48, 154.97333333333333, 184.96
597, 504.47704712126733, 112.68965466666671, 1.32, 154.89333333333335, 187.48
598, 504.2106276082817, 112.67058400000002, 1.2266666666666666, 154.78666666666666, 188.10666666666665
599, 503.94420809529595, 112.76413466666665, 1.8533333333333333, 154.54666666666665, 188.52
600, 503.67778858231026, 111.52715866666668, 0.9466666666666667, 153.16, 187.18666666666667
601, 503.41136906932456, 111.5811053333333, 1.08, 152.82666666666665, 189.02666666666667
602, 503.1449495563389, 111.257216, 1.04, 152.36, 188.69333333333333
603, 502.8785300433532, 111.72227200000002, 1.68, 152.28, 191.50666666666666
604, 502.6121105303675, 111.73687466666665, 1.6533333333333333, 152.26666666666668, 191.77333333333334
605, 502.3456910173818, 111.91731599999999, 2.04, 151.88, 194.33333333333334
606, 502.07927150439605, 111.2258986666667, 1.4133333333333333, 151.10666666666665, 193.89333333333335
607, 501.8128519914104, 111.11739199999998, 1.5466666666666666, 150.42666666666668, 196.09333333333333
608, 501.54643247842466, 110.66219333333329, 1.2666666666666666, 149.85333333333332, 195.78666666666666
609, 501.280012965439, 110.36880933333325, 1.3733333333333333, 148.96, 197.53333333333333
610, 501.0135934524533, 110.78434133333333, 1.92, 149.30666666666667, 197.96
611, 500.7471739394676, 109.57410266666669, 1.24, 147.65333333333334, 197.64
612, 500.4807544264819, 108.67604800000001, 0.72, 146.44, 197.37333333333333
613, 500.2143349134962, 108.68327866666662, 1.48, 145.57333333333332, 199.90666666666667
614, 499.9479154005105, 108.33544799999997, 1.2533333333333334, 145.01333333333332, 200.33333333333334
615, 499.68149588752476, 108.05067999999999, 1.2, 144.4, 201.13333333333333
616, 499.4150763745391, 107.45441599999995, 0.64, 143.76, 200.66666666666666
617, 499.1486568615534, 107.46222666666665, 1.3333333333333333, 143.02666666666667, 202.69333333333333
618, 498.88223734856774, 107.09496666666664, 1.0, 142.57333333333332, 202.68
619, 498.615817835582, 106.84741333333334, 1.4666666666666666, 141.53333333333333, 204.64
620, 498.34939832259636, 106.38705599999999, 1.04, 141.0, 204.46666666666667
621, 498.0829788096106, 106.04140666666665, 1.2666666666666666, 139.84, 206.81333333333333
622, 497.8165592966249, 105.5726493333333, 0.9733333333333334, 139.24, 206.56
623, 497.5501397836392, 105.73430800000003, 1.32, 138.72, 209.74666666666667
624, 497.28372027065353, 105.48648400000003, 1.16, 138.4, 209.64
625, 497.01730075766784, 105.44667866666668, 1.48, 137.85333333333332, 211.26666666666668
626, 496.7508812446821, 104.866872, 1.1466666666666667, 137.14666666666668, 210.69333333333333
627, 496.48446173169646, 104.74858133333333, 1.12, 136.82666666666665, 211.37333333333333
628, 496.2180422187107, 104.26238533333333, 0.8133333333333334, 136.24, 210.93333333333334
629, 495.9516227057251, 104.52631066666665, 1.6933333333333334, 135.66666666666666, 213.89333333333335
630, 495.6852031927393, 103.94527066666667, 1.2933333333333332, 134.98666666666668, 213.34666666666666
631, 495.41878367975363, 103.7314173333333, 1.16, 134.58666666666667, 213.88
632, 495.15236416676794, 103.74584, 1.3333333333333333, 134.53333333333333, 213.82666666666665
633, 494.88594465378225, 103.51653466666669, 1.4533333333333334, 133.86666666666667, 214.93333333333334
634, 494.61952514079655, 103.24576666666668, 1.2666666666666666, 133.56, 214.62666666666667
635, 494.35310562781086, 102.96157466666669, 1.32, 132.89333333333335, 215.42666666666668
636, 494.08668611482517, 102.33193333333337, 0.9333333333333333, 132.16, 214.69333333333333
637, 493.8202666018394, 102.67604800000001, 1.6533333333333333, 132.05333333333334, 216.37333333333333
638, 493.5538470888538, 101.65456000000002, 0.8, 130.96, 215.28
639, 493.28742757586804, 101.93607866666666, 1.6133333333333333, 130.62666666666667, 217.33333333333334
640, 493.0210080628824, 101.38932399999997, 1.16, 130.04, 216.74666666666667
641, 492.75458854989665, 101.13733999999997, 1.2666666666666666, 129.34666666666666, 217.82666666666665
642, 492.48816903691096, 101.380068, 1.4533333333333334, 129.61333333333334, 218.09333333333333
643, 492.22174952392527, 101.78608133333336, 1.9866666666666666, 129.81333333333333, 219.22666666666666
644, 491.9553300109396, 100.38846400000003, 0.96, 128.24, 217.76
645, 491.6889104979539, 100.37474399999999, 1.4933333333333334, 127.53333333333333, 219.88
646, 491.4224909849682, 100.0304133333333, 1.3333333333333333, 127.08, 219.61333333333334
647, 491.1560714719825, 99.32178, 1.4, 125.8, 219.81333333333333
648, 490.88965195899675, 98.696328, 0.9866666666666667, 125.06666666666666, 219.18666666666667
649, 490.6232324460111, 98.53967600000004, 1.3733333333333333, 124.25333333333333, 220.98666666666668
650, 490.35681293302537, 97.50498000000006, 0.7333333333333333, 123.01333333333334, 219.97333333333333
651, 490.09039342003973, 97.23482533333329, 1.2133333333333334, 121.84, 222.38666666666666
652, 489.823973907054, 96.86288666666661, 1.1333333333333333, 121.30666666666667, 222.08
653, 489.5575543940683, 96.05203999999996, 1.6, 119.32, 223.97333333333333
654, 489.2911348810826, 94.50594266666666, 0.5733333333333334, 117.50666666666666, 222.44
655, 489.0247153680969, 94.59053733333333, 1.6933333333333334, 116.56, 225.12
656, 488.7582958551112, 93.60240933333338, 1.1066666666666667, 115.33333333333333, 224.30666666666667
657, 488.4918763421255, 93.24263066666667, 1.6933333333333334, 113.98666666666666, 226.54666666666665
658, 488.22545682913983, 92.53552266666675, 1.1733333333333333, 113.18666666666667, 225.82666666666665
659, 487.9590373161541, 91.96324800000001, 1.2533333333333334, 112.09333333333333, 226.22666666666666
660, 487.69261780316845, 90.47461199999995, 0.68, 110.16, 224.62666666666667
661, 487.4261982901827, 90.04850266666665, 1.5066666666666666, 108.56, 226.96
662, 487.15977877719706, 88.62750800000005, 0.7866666666666666, 106.74666666666667, 225.72
663, 486.8933592642113, 87.78484133333332, 1.32, 104.66666666666667, 227.64
664, 486.6269397512256, 86.93707599999998, 0.9733333333333334, 103.45333333333333, 227.36
665, 486.3605202382399, 86.29765466666667, 1.5866666666666667, 101.64, 229.48
666, 486.09410072525424, 84.71734933333342, 0.64, 99.62666666666667, 228.46666666666667
667, 485.82768121226854, 84.3628986666667, 1.68, 98.13333333333334, 230.32
668, 485.5612616992828, 83.46345066666669, 1.0933333333333333, 97.02666666666667, 229.66666666666666
669, 485.29484218629716, 82.928904, 1.6266666666666667, 95.54666666666667, 231.2
670, 485.0284226733114, 82.08738533333334, 1.3466666666666667, 94.33333333333333, 230.8
671, 484.7620031603258, 80.57116000000002, 1.2, 91.68, 231.54666666666665
672, 484.49558364734, 79.2201293333333, 0.9733333333333334, 89.6, 231.0
673, 484.22916413435433, 78.142112, 1.68, 87.08, 232.66666666666666
674, 483.96274462136864, 76.28485599999993, 0.7733333333333333, 84.61333333333333, 231.45333333333335
675, 483.69632510838295, 74.6335106666667, 1.16, 81.53333333333333, 231.81333333333333
676, 483.42990559539726, 73.27661866666665, 0.7466666666666667, 79.44, 231.77333333333334
677, 483.16348608241157, 72.51142133333332, 1.6533333333333333, 77.32, 233.6
678, 482.8970665694259, 70.30334266666668, 0.84, 74.21333333333334, 232.36
679, 482.6306470564401, 69.67313066666667, 1.4933333333333334, 72.50666666666666, 233.90666666666667
680, 482.3642275434545, 68.17638933333335, 0.7733333333333333, 70.44, 233.30666666666667
681, 482.09780803046874, 66.9370186666667, 1.4133333333333333, 67.82666666666667, 234.21333333333334
682, 481.8313885174831, 65.08140266666666, 0.9066666666666666, 65.04, 233.61333333333334
683, 481.56496900449736, 64.02093333333336, 1.4666666666666666, 62.733333333333334, 234.72
684, 481.29854949151166, 62.61909600000001, 1.3066666666666666, 60.42666666666667, 234.72
685, 481.032129978526, 61.63226933333334, 1.5733333333333333, 58.4, 235.8
686, 480.7657104655403, 59.83540533333336, 1.28, 55.586666666666666, 235.29333333333332
687, 480.4992909525546, 58.290876000000004, 1.7733333333333334, 52.53333333333333, 236.17333333333335
688, 480.2328714395689, 56.346022666666684, 1.3733333333333333, 49.50666666666667, 235.74666666666667
689, 479.9664519265832, 54.52236133333336, 1.5866666666666667, 46.13333333333333, 236.56
690, 479.70003241359746, 52.50583999999999, 1.0666666666666667, 43.14666666666667, 235.61333333333334
691, 479.4336129006118, 51.63431599999996, 1.64, 41.08, 237.10666666666665
692, 479.16719338762607, 48.75734266666664, 1.1066666666666667, 36.8, 235.30666666666667
693, 478.90077387464044, 47.21414533333332, 1.6133333333333333, 33.68, 236.50666666666666
694, 478.6343543616547, 45.185935999999984, 1.3066666666666666, 30.546666666666667, 235.65333333333334
695, 478.367934848669, 43.61048933333333, 1.5066666666666666, 27.613333333333333, 236.41333333333333
696, 478.1015153356833, 40.907421333333325, 0.9866666666666667, 23.493333333333332, 235.28
697, 477.8350958226976, 39.29003466666665, 1.2533333333333334, 20.586666666666666, 235.36
698, 477.5686763097119, 36.67725866666668, 1.1466666666666667, 16.12, 235.72
699, 477.3022567967262, 34.984985333333356, 1.2133333333333334, 13.04, 236.56
700, 477.03583728374053, 31.56426, 0.8666666666666667, 7.826666666666667, 234.30666666666667
701, 476.7694177707548, 30.868775999999993, 1.5733333333333333, 5.8133333333333335, 236.72
702, 476.50299825776915, 28.80836, 0.8, 3.0, 235.16
703, 476.2365787447834, 28.344871999999995, 1.28, 1.72, 236.42666666666668
704, 475.97015923179777, 28.456454666666662, 1.5866666666666667, 1.64, 237.01333333333332
705, 475.703739718812, 28.587944000000007, 2.16, 1.44, 237.69333333333333
706, 475.4373202058263, 28.006226666666663, 1.4666666666666666, 0.96, 236.88
707, 475.17090069284063, 28.45113200000001, 2.1466666666666665, 1.2266666666666666, 237.62666666666667
708, 474.90448117985494, 28.122662666666667, 1.7733333333333334, 0.9866666666666667, 236.96
709, 474.63806166686925, 28.580240000000007, 2.2666666666666666, 1.3466666666666667, 237.82666666666665
710, 474.3716421538835, 28.494704000000002, 2.16, 1.32, 237.49333333333334
711, 474.10522264089786, 28.365882666666664, 1.9733333333333334, 1.2266666666666666, 237.33333333333334
712, 473.8388031279121, 28.670833333333338, 2.3333333333333335, 1.48, 237.76
713, 473.5723836149265, 28.551729333333327, 2.1733333333333333, 1.4, 237.54666666666665
714, 473.30596410194073, 28.000624000000002, 1.6266666666666667, 0.9466666666666667, 236.48
715, 473.0395445889551, 28.217793333333343, 1.8, 1.1066666666666667, 237.10666666666665
716, 472.77312507596935, 28.905652000000003, 2.546666666666667, 1.7066666666666668, 238.09333333333333
717, 472.50670556298365, 28.197109333333337, 1.7066666666666668, 1.1733333333333333, 236.82666666666665
718, 472.24028604999796, 27.96755333333334, 1.5333333333333334, 1.0, 236.16
719, 471.97386653701227, 28.383122666666665, 1.9733333333333334, 1.3466666666666667, 236.86666666666667
720, 471.7074470240266, 28.573197333333344, 2.16, 1.4666666666666666, 237.42666666666668
721, 471.44102751104083, 28.227426666666663, 1.7333333333333334, 1.1466666666666667, 237.16
722, 471.1746079980552, 28.206993333333326, 1.8, 1.1866666666666668, 236.6
723, 470.90818848506945, 28.79100266666667, 2.3733333333333335, 1.5866666666666667, 238.16
724, 470.6417689720838, 27.767118666666658, 1.2133333333333334, 0.8266666666666667, 236.13333333333333
725, 470.37534945909806, 28.42829066666666, 1.8933333333333333, 1.3866666666666667, 237.26666666666668
726, 470.10892994611237, 28.231290666666652, 1.76, 1.1733333333333333, 236.98666666666668
727, 469.8425104331267, 28.366682666666655, 1.84, 1.2933333333333332, 237.34666666666666
728, 469.576090920141, 27.988069333333346, 1.44, 0.9866666666666667, 236.65333333333334
729, 469.3096714071553, 28.537308, 2.12, 1.4, 237.56
730, 469.0432518941696, 28.125049333333322, 1.64, 1.1466666666666667, 236.50666666666666
731, 468.7768323811839, 28.22334266666666, 1.7733333333333334, 1.1866666666666668, 236.81333333333333
732, 468.51041286819816, 28.05524399999999, 1.56, 1.04, 236.65333333333334
733, 468.2439933552125, 28.26687733333334, 1.8933333333333333, 1.28, 236.4
734, 467.9775738422268, 27.857592000000004, 1.4133333333333333, 0.9333333333333333, 235.85333333333332
735, 467.71115432924114, 27.933682666666662, 1.5733333333333333, 0.9866666666666667, 235.82666666666665
736, 467.4447348162554, 28.26367733333333, 1.8933333333333333, 1.36, 235.96
737, 467.1783153032697, 28.122265333333345, 1.7466666666666666, 1.2533333333333334, 235.65333333333334
738, 466.911895790284, 27.96935066666667, 1.56, 1.1733333333333333, 235.21333333333334
739, 466.6454762772983, 28.489173333333323, 2.2666666666666666, 1.5333333333333334, 236.06666666666666
740, 466.3790567643126, 27.970258666666656, 1.68, 1.1733333333333333, 234.90666666666667
741, 466.11263725132693, 28.128808000000006, 2.0533333333333332, 1.2533333333333334, 234.90666666666667
742, 465.84621773834124, 28.045139999999993, 1.9333333333333333, 1.2133333333333334, 234.69333333333333
743, 465.5797982253555, 28.226964000000006, 2.2266666666666666, 1.3866666666666667, 234.62666666666667
744, 465.31337871236985, 27.949993333333325, 1.9333333333333333, 1.16, 234.13333333333333
745, 465.0469591993841, 27.656330666666666, 1.6266666666666667, 1.08, 232.77333333333334
746, 464.78053968639847, 27.91625466666667, 1.8533333333333333, 1.3866666666666667, 232.88
747, 464.5141201734127, 27.910778666666655, 1.9466666666666668, 1.48, 232.10666666666665
748, 464.24770066042703, 27.50971333333333, 1.5333333333333334, 1.16, 231.32
749, 463.98128114744134, 28.079314666666676, 2.1866666666666665, 1.72, 231.72
750, 463.71486163445564, 27.862001333333332, 1.9866666666666666, 1.5733333333333333, 231.09333333333333
751, 463.44844212146995, 27.819708, 2.12, 1.48, 230.85333333333332
752, 463.18202260848426, 27.097977333333336, 1.2933333333333332, 0.92, 229.57333333333332
753, 462.91560309549857, 27.517110666666657, 2.0933333333333333, 1.2266666666666666, 229.57333333333332
754, 462.6491835825128, 27.61979866666666, 2.28, 1.2133333333333334, 230.05333333333334
755, 462.3827640695272, 27.384554666666663, 2.0533333333333332, 1.1066666666666667, 229.13333333333333
756, 462.11634455654143, 27.283569333333325, 1.9066666666666667, 1.0533333333333332, 228.90666666666667
757, 461.8499250435558, 27.334226666666666, 1.8666666666666667, 1.16, 228.90666666666667
758, 461.58350553057005, 27.259579999999996, 1.8, 1.16, 228.42666666666668
759, 461.31708601758436, 27.52857999999999, 2.066666666666667, 1.3866666666666667, 228.92
760, 461.05066650459867, 27.482730666666665, 2.026666666666667, 1.36, 228.76
761, 460.784246991613, 27.19220933333332, 1.9066666666666667, 1.1333333333333333, 227.69333333333333
762, 460.5178274786273, 27.089643999999993, 1.8266666666666667, 1.0666666666666667, 227.34666666666666
763, 460.25140796564153, 27.50698266666667, 2.3066666666666666, 1.44, 227.82666666666665
764, 459.9849884526559, 27.20376266666667, 1.9733333333333334, 1.2666666666666666, 226.93333333333334
765, 459.71856893967015, 27.110129333333337, 1.9066666666666667, 1.1333333333333333, 226.97333333333333
766, 459.4521494266845, 27.231621333333326, 2.0533333333333332, 1.32, 226.69333333333333
767, 459.18572991369876, 26.73897866666666, 1.5466666666666666, 0.92, 225.76
768, 458.9193104007131, 27.436962666666666, 2.24, 1.5333333333333334, 226.90666666666667
769, 458.6528908877274, 26.85681066666667, 1.6266666666666667, 1.08, 225.76
770, 458.3864713747417, 26.82616133333334, 1.5866666666666667, 1.0533333333333332, 225.73333333333332
771, 458.120051861756, 27.554552000000005, 2.3466666666666667, 1.7466666666666666, 226.56
772, 457.8536323487703, 26.457082666666672, 1.1733333333333333, 0.8266666666666667, 224.74666666666667
773, 457.5872128357846, 27.18457600000001, 2.24, 1.44, 225.17333333333335
774, 457.32079332279886, 26.753131999999997, 1.7466666666666666, 1.1866666666666668, 223.98666666666668
775, 457.0543738098132, 27.071309333333335, 2.1066666666666665, 1.4133333333333333, 224.66666666666666
776, 456.7879542968275, 26.80878266666667, 1.9066666666666667, 1.2, 223.98666666666668
777, 456.52153478384184, 27.03988133333334, 2.12, 1.3866666666666667, 224.49333333333334
778, 456.2551152708561, 26.868969333333325, 1.9066666666666667, 1.2533333333333334, 224.24
779, 455.9886957578704, 26.933973333333334, 2.1333333333333333, 1.36, 223.66666666666666
780, 455.7222762448847, 26.38713999999999, 1.5333333333333334, 0.9333333333333333, 222.64
781, 455.455856731899, 26.517217333333324, 1.8266666666666667, 1.0133333333333334, 222.6
782, 455.1894372189133, 26.637022666666667, 1.9066666666666667, 1.2, 222.48
783, 454.92301770592763, 26.65871866666667, 2.013333333333333, 1.2266666666666666, 222.25333333333333
784, 454.65659819294194, 26.295222666666664, 1.64, 0.8933333333333333, 221.76
785, 454.3901786799562, 26.36874799999999, 1.72, 1.04, 221.44
786, 454.12375916697056, 26.711267999999986, 2.12, 1.28, 222.16
787, 453.8573396539848, 26.43545333333333, 1.8666666666666667, 1.1333333333333333, 221.16
788, 453.5909201409992, 26.153430666666665, 1.56, 0.9333333333333333, 220.52
789, 453.3245006280134, 27.178475999999996, 2.7066666666666666, 1.9066666666666667, 221.49333333333334
790, 453.05808111502773, 26.255510666666662, 1.6933333333333334, 1.1066666666666667, 220.17333333333335
791, 452.79166160204204, 26.326444, 1.8266666666666667, 1.1466666666666667, 220.24
792, 452.52524208905635, 26.33051199999999, 1.8133333333333332, 1.1733333333333333, 220.17333333333335
793, 452.25882257607066, 26.072364, 1.6933333333333334, 0.9733333333333334, 219.25333333333333
794, 451.99240306308496, 26.68002666666666, 2.4, 1.4933333333333334, 220.05333333333334
795, 451.7259835500993, 26.298855999999997, 2.1066666666666665, 1.3066666666666666, 218.44
796, 451.4595640371135, 26.250044000000003, 2.0933333333333333, 1.1733333333333333, 218.73333333333332
797, 451.1931445241279, 26.195080000000004, 2.0, 1.28, 217.94666666666666
798, 450.92672501114214, 26.065005333333342, 1.9466666666666668, 1.0933333333333333, 217.90666666666667
799, 450.6603054981565, 25.918441333333327, 1.72, 1.1066666666666667, 217.14666666666668
800, 450.39388598517075, 26.286829333333337, 2.1066666666666665, 1.4933333333333334, 217.37333333333333
801, 450.12746647218506, 26.02358400000001, 1.8933333333333333, 1.2933333333333332, 216.65333333333334
802, 449.86104695919937, 26.04838, 1.9333333333333333, 1.3333333333333333, 216.56
803, 449.5946274462137, 25.563298666666668, 1.4133333333333333, 0.9866666666666667, 215.45333333333335
804, 449.328207933228, 25.98540133333333, 1.8533333333333333, 1.36, 216.08
805, 449.06178842024224, 25.946751999999993, 2.08, 1.36, 215.14666666666668
806, 448.7953689072566, 25.75866666666667, 1.8666666666666667, 1.2, 214.88
807, 448.52894939427085, 25.90965866666667, 2.08, 1.4133333333333333, 214.54666666666665
808, 448.2625298812852, 26.06787333333334, 2.2, 1.5466666666666666, 214.93333333333334
809, 447.99611036829947, 25.805511999999986, 1.9466666666666668, 1.3866666666666667, 214.12
810, 447.72969085531383, 25.82868266666666, 1.9733333333333334, 1.3866666666666667, 214.25333333333333
811, 447.4632713423281, 25.891221333333327, 2.1866666666666665, 1.4933333333333334, 213.69333333333333
812, 447.1968518293424, 25.20915599999999, 1.5066666666666666, 0.8666666666666667, 212.72
813, 446.9304323163567, 25.042897333333332, 1.6933333333333334, 0.68, 211.73333333333332
814, 446.664012803371, 25.535546666666665, 2.2666666666666666, 1.16, 212.08
815, 446.3975932903853, 25.74119866666666, 2.546666666666667, 1.36, 212.12
816, 446.13117377739957, 25.11587066666666, 1.8266666666666667, 0.84, 211.2
817, 445.86475426441393, 25.562284, 2.36, 1.36, 211.04
818, 445.5983347514282, 24.850369333333326, 1.5066666666666666, 0.7733333333333333, 210.05333333333334
819, 445.33191523844255, 25.372684000000003, 2.0933333333333333, 1.3333333333333333, 210.21333333333334
820, 445.0654957254568, 25.333694666666663, 2.12, 1.2533333333333334, 210.21333333333334
821, 444.7990762124711, 25.270685333333333, 2.2133333333333334, 1.36, 208.86666666666667
822, 444.5326566994854, 24.954725333333332, 1.9466666666666668, 1.0533333333333332, 208.37333333333333
823, 444.2662371864997, 25.115018666666675, 2.08, 1.2533333333333334, 208.4
824, 443.99981767351403, 25.441356, 2.5733333333333333, 1.4933333333333334, 208.73333333333332
825, 443.73339816052834, 25.034481333333332, 2.12, 1.2666666666666666, 207.52
826, 443.46697864754265, 24.961864000000002, 2.16, 1.12, 207.53333333333333
827, 443.2005591345569, 24.94478533333334, 2.1466666666666665, 1.3333333333333333, 206.32
828, 442.93413962157126, 24.75768399999999, 1.96, 1.12, 206.26666666666668
829, 442.6677201085855, 25.109073333333335, 2.6, 1.5066666666666666, 205.68
830, 442.4013005955999, 24.573985333333333, 2.013333333333333, 1.0, 205.13333333333333
831, 442.13488108261413, 25.423011999999996, 2.9466666666666668, 1.9866666666666666, 205.05333333333334
832, 441.86846156962844, 24.30589733333333, 1.6933333333333334, 0.96, 203.82666666666665
833, 441.60204205664274, 24.536965333333324, 2.08, 1.2266666666666666, 203.46666666666667
834, 441.33562254365705, 24.84996933333333, 2.44, 1.5066666666666666, 203.82666666666665
835, 441.06920303067136, 24.559893333333328, 2.1333333333333333, 1.28, 203.25333333333333
836, 440.80278351768567, 24.46197066666666, 2.026666666666667, 1.24, 202.88
837, 440.5363640047, 24.64234133333333, 2.32, 1.5066666666666666, 202.32
838, 440.2699444917142, 24.673399999999994, 2.4, 1.48, 202.52
839, 440.0035249787286, 24.653579999999994, 2.466666666666667, 1.4666666666666666, 202.24
840, 439.73710546574284, 24.02821333333333, 1.7333333333333334, 1.0, 201.08
841, 439.4706859527572, 24.557371999999997, 2.4133333333333336, 1.5733333333333333, 200.98666666666668
842, 439.20426643977146, 23.996691999999996, 1.7466666666666666, 1.1466666666666667, 200.01333333333332
843, 438.93784692678577, 23.87702133333333, 1.7866666666666666, 1.0933333333333333, 199.13333333333333
844, 438.6714274138001, 24.510175999999998, 2.506666666666667, 1.6266666666666667, 200.05333333333334
845, 438.4050079008144, 23.990446666666664, 2.2, 1.2133333333333334, 198.42666666666668
846, 438.1385883878287, 23.671528000000002, 1.7866666666666666, 0.9866666666666667, 197.88
847, 437.872168874843, 23.961557333333335, 2.2933333333333334, 1.36, 197.17333333333335
848, 437.6057493618573, 23.408311999999995, 1.68, 0.88, 196.4
849, 437.33932984887156, 24.002936000000002, 2.3733333333333335, 1.4933333333333334, 196.64
850, 437.0729103358859, 23.703000000000003, 2.1333333333333333, 1.2133333333333334, 196.08
851, 436.8064908229002, 23.623628, 2.12, 1.16, 195.69333333333333
852, 436.54007130991454, 23.36605333333334, 1.8666666666666667, 1.0133333333333334, 194.85333333333332
853, 436.2736517969288, 23.944804000000005, 2.6266666666666665, 1.6666666666666667, 194.57333333333332
854, 436.0072322839431, 23.357560000000003, 2.0, 1.12, 193.88
855, 435.7408127709574, 23.242243999999996, 1.96, 1.12, 192.97333333333333
856, 435.4743932579717, 23.201740000000004, 1.9333333333333333, 1.1733333333333333, 192.41333333333333
857, 435.207973744986, 23.404297333333346, 2.2266666666666666, 1.4933333333333334, 191.77333333333334
858, 434.94155423200027, 22.782448000000002, 1.6533333333333333, 1.0133333333333334, 190.29333333333332
859, 434.67513471901464, 23.165406666666662, 2.066666666666667, 1.52, 189.96
860, 434.4087152060289, 22.784123999999995, 1.6933333333333334, 1.2133333333333334, 189.17333333333335
861, 434.14229569304325, 22.95998000000001, 2.066666666666667, 1.5066666666666666, 188.22666666666666
862, 433.8758761800575, 22.35942666666667, 1.4666666666666666, 0.96, 187.34666666666666
863, 433.60945666707187, 22.20267999999999, 1.6, 0.84, 186.24
864, 433.3430371540861, 22.260181333333335, 1.6533333333333333, 0.96, 185.98666666666668
865, 433.0766176411004, 22.43096266666666, 1.9733333333333334, 1.2666666666666666, 185.06666666666666
866, 432.81019812811473, 22.00888266666668, 1.5733333333333333, 0.9066666666666666, 184.26666666666668
867, 432.54377861512904, 22.069000000000003, 1.7333333333333334, 1.0933333333333333, 183.41333333333333
868, 432.27735910214335, 22.240901333333333, 1.92, 1.3066666666666666, 183.33333333333334
869, 432.0109395891576, 21.965073333333347, 1.9333333333333333, 1.12, 181.84
870, 431.74452007617197, 21.995728, 1.92, 1.28, 181.32
871, 431.4781005631862, 21.86550000000001, 1.9333333333333333, 1.2533333333333334, 180.28
872, 431.2116810502006, 21.325570666666668, 1.36, 0.8533333333333334, 179.10666666666665
873, 430.94526153721483, 21.571329333333335, 1.64, 1.2666666666666666, 178.4
874, 430.67884202422914, 21.612769333333343, 1.7733333333333334, 1.36, 177.93333333333334
875, 430.41242251124345, 21.754354666666668, 2.0533333333333332, 1.5466666666666666, 177.48
876, 430.14600299825776, 21.102248000000007, 1.3866666666666667, 1.1066666666666667, 175.77333333333334
877, 429.87958348527206, 21.440240000000003, 2.1333333333333333, 1.3333333333333333, 175.61333333333334
878, 429.6131639722864, 20.926013333333326, 1.6, 1.0266666666666666, 174.08
879, 429.3467444593007, 20.73317733333334, 1.56, 1.0266666666666666, 172.49333333333334
880, 429.08032494631493, 20.89908400000001, 1.96, 1.16, 172.21333333333334
881, 428.8139054333293, 21.01647066666666, 2.2266666666666666, 1.32, 171.72
882, 428.54748592034355, 20.91768666666666, 2.2, 1.2533333333333334, 171.26666666666668
883, 428.2810664073579, 20.976670666666667, 2.36, 1.3733333333333333, 170.74666666666667
884, 428.01464689437216, 20.121196, 1.5066666666666666, 0.7466666666666667, 168.70666666666668
885, 427.74822738138647, 21.04269466666667, 2.7866666666666666, 1.6, 169.04
886, 427.4818078684008, 20.454457333333334, 2.2266666666666666, 1.2533333333333334, 167.13333333333333
887, 427.2153883554151, 20.06666933333334, 1.84, 1.0666666666666667, 165.70666666666668
888, 426.9489688424294, 19.982593333333334, 1.8, 1.0266666666666666, 165.28
889, 426.6825493294437, 19.929686666666672, 1.8, 1.1333333333333333, 164.26666666666668
890, 426.416129816458, 19.551588000000002, 1.4533333333333334, 0.8133333333333334, 163.50666666666666
891, 426.14971030347226, 19.717316000000004, 1.64, 1.2, 162.48
892, 425.8832907904866, 19.92578133333333, 1.92, 1.3866666666666667, 162.61333333333334
893, 425.6168712775009, 19.917932, 2.28, 1.48, 161.12
894, 425.35045176451524, 19.204317333333332, 1.6266666666666667, 0.8533333333333334, 159.8
895, 425.0840322515295, 18.896590666666665, 1.56, 0.7333333333333333, 157.89333333333335
896, 424.8176127385438, 19.571760000000005, 2.4, 1.36, 158.38666666666666
897, 424.5511932255581, 19.37896133333333, 2.2533333333333334, 1.36, 157.08
898, 424.2847737125724, 18.902182666666672, 1.7733333333333334, 1.0666666666666667, 155.66666666666666
899, 424.0183541995867, 18.70714533333334, 1.6133333333333333, 1.08, 154.30666666666667
900, 423.751934686601, 18.896258666666686, 1.8133333333333332, 1.2666666666666666, 154.48
901, 423.48551517361534, 18.778056000000007, 2.1066666666666665, 1.2266666666666666, 152.88
902, 423.2190956606296, 18.43050266666666, 1.9066666666666667, 0.84, 152.34666666666666
903, 422.95267614764396, 18.27453866666667, 1.8133333333333332, 0.9066666666666666, 150.88
904, 422.6862566346582, 18.429636000000006, 1.9066666666666667, 1.1466666666666667, 150.76
905, 422.4198371216726, 18.84152266666667, 2.64, 1.5733333333333333, 150.25333333333333
906, 422.1534176086868, 17.641880000000004, 1.3333333333333333, 0.6533333333333333, 147.89333333333335
907, 421.88699809570113, 17.86937866666667, 1.8133333333333332, 0.9466666666666667, 147.12
908, 421.62057858271544, 18.332754666666673, 2.32, 1.4133333333333333, 147.45333333333335
909, 421.35415906972975, 17.847648000000007, 1.92, 1.28, 144.93333333333334
910, 421.08773955674405, 17.251351999999997, 1.4133333333333333, 0.7733333333333333, 143.64
911, 420.8213200437583, 17.55537733333333, 1.96, 1.2666666666666666, 142.33333333333334
912, 420.55490053077267, 18.08412666666667, 2.6, 1.8933333333333333, 142.06666666666666
913, 420.2884810177869, 16.95975333333333, 1.6666666666666667, 0.8933333333333333, 139.8
914, 420.0220615048013, 17.397456000000002, 2.24, 1.36, 139.73333333333332
915, 419.75564199181554, 17.381892, 2.28, 1.44, 139.08
916, 419.48922247882984, 16.95305866666667, 1.9466666666666668, 1.12, 137.84
917, 419.22280296584415, 16.872628000000006, 2.12, 1.12, 136.68
918, 418.95638345285846, 16.456136000000004, 1.7066666666666668, 0.7866666666666666, 135.82666666666665
919, 418.68996393987277, 16.87849466666667, 2.2533333333333334, 1.2666666666666666, 135.62666666666667
920, 418.4235444268871, 16.763504000000005, 2.16, 1.24, 135.0
921, 418.1571249139014, 16.59839733333333, 2.026666666666667, 1.2933333333333332, 133.62666666666667
922, 417.89070540091564, 16.177429333333333, 1.7066666666666668, 0.9333333333333333, 132.62666666666667
923, 417.62428588793, 15.910090666666669, 1.6266666666666667, 0.92, 130.56
924, 417.35786637494425, 16.297505333333337, 2.1466666666666665, 1.3333333333333333, 130.46666666666667
925, 417.0914468619586, 15.823773333333328, 1.7333333333333334, 1.12, 128.49333333333334
926, 416.82502734897287, 15.742289333333337, 1.64, 1.1866666666666668, 127.68
927, 416.5586078359872, 15.858224000000003, 2.026666666666667, 1.3866666666666667, 126.65333333333334
928, 416.2921883230015, 15.620741333333335, 1.7866666666666666, 1.2933333333333332, 125.68
929, 416.0257688100158, 15.319148000000002, 1.5866666666666667, 1.1066666666666667, 124.52
930, 415.7593492970301, 15.188072000000005, 1.4133333333333333, 1.0933333333333333, 123.89333333333333
931, 415.4929297840444, 15.847433333333335, 2.2, 1.9066666666666667, 123.42666666666666
932, 415.2265102710587, 14.687871999999997, 1.1466666666666667, 0.9466666666666667, 120.96
933, 414.96009075807297, 14.854068, 1.72, 1.0, 120.64
