Extraction [ img/s3/dil4.jpg ] effectuee 2026-05-21 17:17:07.075569
Calibration: -0.4054974679725289*x + 757.6124327252791 [largueur 2543 + 998]

pixel, longueur d'onde, intensite, r, g, b
0, 757.6124327252791, 14.380952307692311, 29.861538461538462, 6.138461538461539, 16.246153846153845
1, 757.2069352573066, 15.836370769230768, 32.13846153846154, 7.046153846153846, 18.369230769230768
2, 756.801437789334, 15.76253692307692, 32.16923076923077, 6.907692307692308, 18.353846153846153
3, 756.3959403213614, 16.134573846153845, 32.41538461538462, 7.338461538461538, 18.753846153846155
4, 755.9904428533889, 15.417921538461536, 31.70769230769231, 6.615384615384615, 18.046153846153846
5, 755.5849453854164, 16.45074615384615, 33.0, 7.507692307692308, 19.123076923076923
6, 755.1794479174439, 15.561206153846152, 32.09230769230769, 6.630769230769231, 18.215384615384615
7, 754.7739504494714, 16.247143076923074, 33.33846153846154, 7.015384615384615, 18.984615384615385
8, 754.3684529814989, 16.170227692307694, 33.261538461538464, 6.938461538461539, 18.907692307692308
9, 753.9629555135263, 16.77797230769231, 34.89230769230769, 7.0, 19.646153846153847
10, 753.5574580455537, 16.712766153846154, 34.8, 6.953846153846154, 19.553846153846155
11, 753.1519605775812, 17.341419999999996, 36.723076923076924, 6.923076923076923, 20.184615384615384
12, 752.7464631096087, 16.55320923076923, 35.90769230769231, 6.153846153846154, 19.369230769230768
13, 752.3409656416362, 17.45761384615385, 37.86153846153846, 6.430769230769231, 20.753846153846155
14, 751.9354681736637, 17.720121538461527, 38.16923076923077, 6.661538461538462, 21.06153846153846
15, 751.5299707056911, 17.438656923076916, 38.815384615384616, 5.876923076923077, 20.93846153846154
16, 751.1244732377186, 17.480944615384615, 39.16923076923077, 5.753846153846154, 21.015384615384615
17, 750.7189757697461, 18.718972307692297, 42.43076923076923, 5.861538461538461, 22.76923076923077
18, 750.3134783017736, 18.572586153846157, 42.44615384615385, 5.6461538461538465, 22.553846153846155
19, 749.907980833801, 18.28718769230769, 43.2, 4.8, 22.43076923076923
20, 749.5024833658285, 19.365164615384614, 44.353846153846156, 5.8307692307692305, 23.553846153846155
21, 749.0969858978559, 18.746532307692295, 44.36923076923077, 4.969230769230769, 22.523076923076925
22, 748.6914884298834, 19.191290769230772, 44.93846153846154, 5.338461538461538, 23.03076923076923
23, 748.2859909619109, 19.17548923076923, 45.723076923076924, 4.953846153846154, 22.815384615384616
24, 747.8804934939384, 19.60334769230769, 46.36923076923077, 5.246153846153846, 23.369230769230768
25, 747.4749960259659, 20.08238769230769, 47.66153846153846, 5.338461538461538, 23.70769230769231
26, 747.0694985579933, 19.405224615384622, 46.83076923076923, 4.769230769230769, 22.876923076923077
27, 746.6640010900207, 19.288900000000005, 47.76923076923077, 4.123076923076923, 22.723076923076924
28, 746.2585036220482, 19.433012307692312, 48.03076923076923, 4.184615384615385, 22.984615384615385
29, 745.8530061540757, 20.306986153846154, 49.676923076923075, 4.676923076923077, 23.8
30, 745.4475086861032, 20.115207692307695, 49.46153846153846, 4.507692307692308, 23.553846153846155
31, 745.0420112181307, 20.808778461538473, 50.676923076923075, 4.953846153846154, 24.153846153846153
32, 744.6365137501581, 20.543001538461535, 50.6, 4.6, 23.846153846153847
33, 744.2310162821856, 21.005266153846154, 52.87692307692308, 4.138461538461539, 24.307692307692307
34, 743.8255188142131, 21.193539999999995, 53.36923076923077, 4.184615384615385, 24.43076923076923
35, 743.4200213462406, 22.126650769230768, 55.33846153846154, 4.538461538461538, 25.630769230769232
36, 743.014523878268, 21.57288461538462, 54.69230769230769, 4.061538461538461, 24.923076923076923
37, 742.6090264102955, 21.845100000000002, 56.23076923076923, 3.753846153846154, 24.861538461538462
38, 742.2035289423229, 22.5627, 57.30769230769231, 4.230769230769231, 25.876923076923077
39, 741.7980314743504, 23.47770615384615, 59.4, 4.553846153846154, 26.753846153846155
40, 741.3925340063779, 22.063553846153848, 58.0, 3.1384615384615384, 25.307692307692307
41, 740.9870365384054, 23.433933846153845, 60.353846153846156, 3.9846153846153847, 26.8
42, 740.5815390704329, 22.78893538461539, 59.723076923076924, 3.3384615384615386, 26.123076923076923
43, 740.1760416024604, 23.746584615384602, 62.0, 3.646153846153846, 26.96923076923077
44, 739.7705441344877, 23.961426153846155, 62.353846153846156, 3.769230769230769, 27.29230769230769
45, 739.3650466665152, 23.340592307692305, 62.84615384615385, 2.646153846153846, 26.338461538461537
46, 738.9595491985427, 23.961841538461535, 63.58461538461538, 3.2, 27.0
47, 738.5540517305702, 24.73508, 65.2, 3.5692307692307694, 27.646153846153847
48, 738.1485542625977, 25.200155384615385, 66.75384615384615, 3.4, 28.523076923076925
49, 737.7430567946251, 25.736696923076934, 68.72307692307692, 3.123076923076923, 29.49230769230769
50, 737.3375593266526, 25.61399384615384, 68.98461538461538, 2.8615384615384616, 29.076923076923077
51, 736.9320618586801, 26.725732307692308, 71.75384615384615, 3.0615384615384613, 30.53846153846154
52, 736.5265643907076, 26.99566307692307, 72.6, 3.0307692307692307, 30.846153846153847
53, 736.121066922735, 27.13293846153845, 74.0, 2.5846153846153848, 30.676923076923078
54, 735.7155694547625, 27.6883676923077, 75.0923076923077, 2.8461538461538463, 31.338461538461537
55, 735.3100719867899, 28.306664615384612, 77.04615384615384, 2.8, 31.876923076923077
56, 734.9045745188174, 28.298915384615388, 77.0, 2.8461538461538463, 31.692307692307693
57, 734.4990770508449, 27.67286307692308, 77.36923076923077, 1.7230769230769232, 31.015384615384615
58, 734.0935795828724, 28.72429384615385, 78.9076923076923, 2.476923076923077, 32.323076923076925
59, 733.6880821148999, 29.631200000000003, 81.53846153846153, 2.5538461538461537, 32.98461538461538
60, 733.2825846469274, 29.48583538461538, 81.64615384615385, 2.3230769230769233, 32.61538461538461
61, 732.8770871789548, 30.098781538461544, 84.18461538461538, 2.0, 33.0
62, 732.4715897109822, 30.485590769230758, 85.16923076923077, 2.076923076923077, 33.41538461538462
63, 732.0660922430097, 31.74528923076923, 88.33846153846154, 2.4, 34.49230769230769
64, 731.6605947750372, 31.663813846153847, 89.4, 1.8461538461538463, 33.84615384615385
65, 731.2550973070647, 32.59118769230768, 92.12307692307692, 2.123076923076923, 33.41538461538462
66, 730.8495998390922, 32.46415538461538, 93.06153846153846, 1.5692307692307692, 32.69230769230769
67, 730.4441023711196, 33.24410923076925, 95.21538461538462, 1.7384615384615385, 33.01538461538462
68, 730.0386049031471, 34.260107692307685, 96.92307692307692, 2.3846153846153846, 34.12307692307692
69, 729.6331074351746, 34.27434769230768, 98.52307692307693, 1.7076923076923076, 33.53846153846154
70, 729.227609967202, 34.13498307692308, 99.0923076923077, 1.2461538461538462, 33.2
71, 728.8221124992295, 35.88296153846155, 102.84615384615384, 2.0615384615384613, 34.49230769230769
72, 728.416615031257, 35.89226153846154, 103.53846153846153, 1.7846153846153847, 34.184615384615384
73, 728.0111175632844, 36.99578923076923, 106.56923076923077, 2.0615384615384613, 34.49230769230769
74, 727.6056200953119, 37.11848307692306, 107.78461538461538, 1.6307692307692307, 34.6
75, 727.2001226273394, 38.62218307692307, 111.4, 2.169230769230769, 35.53846153846154
76, 726.7946251593669, 38.87856, 112.70769230769231, 1.8923076923076922, 35.784615384615385
77, 726.3891276913944, 39.84558153846156, 115.87692307692308, 1.8153846153846154, 36.353846153846156
78, 725.9836302234218, 39.69929538461538, 116.27692307692308, 1.4461538461538461, 35.92307692307692
79, 725.5781327554492, 41.48526307692306, 120.44615384615385, 1.9384615384615385, 38.12307692307692
80, 725.1726352874767, 41.73904615384616, 121.84615384615384, 1.8461538461538463, 37.15384615384615
81, 724.7671378195042, 43.428458461538455, 126.18461538461538, 2.246153846153846, 38.53846153846154
82, 724.3616403515317, 43.42634307692308, 127.49230769230769, 1.7230769230769232, 37.784615384615385
83, 723.9561428835592, 43.86677846153846, 129.2923076923077, 1.5538461538461539, 37.8
84, 723.5506454155866, 44.96983846153845, 131.6153846153846, 1.9692307692307693, 39.246153846153845
85, 723.1451479476141, 45.54322615384614, 133.73846153846154, 1.876923076923077, 39.184615384615384
86, 722.7396504796416, 46.375843076923054, 136.1846153846154, 1.8615384615384616, 40.15384615384615
87, 722.3341530116691, 47.18220153846154, 139.06153846153848, 1.6, 41.03076923076923
88, 721.9286555436966, 47.79130153846155, 140.98461538461538, 1.5538461538461539, 41.56923076923077
89, 721.523158075724, 48.55767692307693, 143.69230769230768, 1.4, 41.98461538461538
90, 721.1176606077514, 50.144795384615385, 146.66153846153847, 2.2153846153846155, 43.92307692307692
91, 720.7121631397789, 49.69175846153846, 147.8, 1.0461538461538462, 42.98461538461538
92, 720.3066656718064, 50.5289476923077, 149.6, 1.4153846153846155, 43.707692307692305
93, 719.9011682038339, 52.37360000000001, 153.53846153846155, 2.0923076923076924, 46.07692307692308
94, 719.4956707358614, 52.11633692307692, 154.01538461538462, 1.476923076923077, 45.738461538461536
95, 719.0901732678889, 52.9291846153846, 156.0, 1.7076923076923076, 46.47692307692308
96, 718.6846757999162, 53.382789230769234, 157.1846153846154, 1.7846153846153847, 46.95384615384615
97, 718.2791783319437, 54.11359999999999, 159.69230769230768, 1.5076923076923077, 48.215384615384615
98, 717.8736808639712, 54.829759999999986, 160.86153846153846, 2.0307692307692307, 48.738461538461536
99, 717.4681833959987, 55.42352, 162.64615384615385, 1.9692307692307693, 49.58461538461538
100, 717.0626859280262, 55.994640000000004, 163.90769230769232, 2.1384615384615384, 50.41538461538462
101, 716.6571884600537, 56.59212769230769, 165.95384615384614, 2.0307692307692307, 50.84615384615385
102, 716.2516909920811, 56.36195846153845, 165.95384615384614, 1.8, 50.01538461538462
103, 715.8461935241086, 56.82751692307693, 167.90769230769232, 1.5384615384615385, 50.323076923076925
104, 715.4406960561361, 56.75347538461539, 168.16923076923078, 1.353846153846154, 49.93846153846154
105, 715.0351985881636, 57.76014461538463, 170.55384615384617, 1.7230769230769232, 50.61538461538461
106, 714.629701120191, 58.37985692307694, 171.8923076923077, 1.9538461538461538, 51.353846153846156
107, 714.2242036522184, 58.329529230769225, 172.86153846153846, 1.5538461538461539, 50.43076923076923
108, 713.8187061842459, 58.29971692307692, 173.13846153846154, 1.4307692307692308, 50.07692307692308
109, 713.4132087162734, 58.634390769230784, 174.86153846153846, 1.1384615384615384, 50.0
110, 713.0077112483009, 59.61938615384614, 176.44615384615383, 1.8153846153846154, 51.0
111, 712.6022137803284, 59.9195676923077, 178.01538461538462, 1.476923076923077, 51.261538461538464
112, 712.1967163123559, 60.74943230769231, 179.52307692307693, 2.0153846153846153, 51.815384615384616
113, 711.7912188443833, 61.01865846153848, 181.26153846153846, 1.523076923076923, 52.15384615384615
114, 711.3857213764107, 61.49710769230767, 182.76923076923077, 1.5076923076923077, 52.47692307692308
115, 710.9802239084382, 62.51292615384615, 184.8923076923077, 2.0615384615384613, 52.96923076923077
116, 710.5747264404657, 62.26784923076926, 185.8153846153846, 1.2307692307692308, 52.676923076923075
117, 710.1692289724932, 63.58092923076924, 189.01538461538462, 1.676923076923077, 53.50769230769231
118, 709.7637315045207, 64.6302846153846, 191.46153846153845, 2.0307692307692307, 54.47692307692308
119, 709.3582340365481, 65.52465692307693, 194.5076923076923, 1.9076923076923078, 54.96923076923077
120, 708.9527365685756, 65.72753999999999, 195.98461538461538, 1.4923076923076923, 55.01538461538462
121, 708.5472391006031, 66.72591384615383, 199.16923076923078, 1.3384615384615384, 56.215384615384615
122, 708.1417416326306, 67.93939230769232, 202.23076923076923, 1.6615384615384616, 57.16923076923077
123, 707.736244164658, 69.42123230769232, 206.13846153846154, 1.8615384615384616, 58.89230769230769
124, 707.3307466966855, 70.5716153846154, 209.69230769230768, 1.7846153846153847, 60.06153846153846
125, 706.9252492287129, 71.33869692307692, 212.87692307692308, 1.2307692307692308, 61.292307692307695
126, 706.5197517607404, 73.06509999999999, 216.69230769230768, 1.8615384615384616, 63.184615384615384
127, 706.1142542927679, 74.06975384615384, 219.69230769230768, 1.8153846153846154, 64.36923076923077
128, 705.7087568247954, 75.50469230769232, 223.53846153846155, 2.0923076923076924, 65.44615384615385
129, 705.3032593568229, 77.36493538461536, 228.95384615384614, 2.169230769230769, 67.16923076923077
130, 704.8977618888503, 77.55432307692307, 231.53846153846155, 1.2923076923076924, 66.56923076923077
131, 704.4922644208777, 79.55707846153845, 236.13846153846154, 1.9076923076923078, 68.9076923076923
132, 704.0867669529052, 80.74526461538461, 239.35384615384615, 2.0615384615384613, 70.1076923076923
133, 703.6812694849327, 81.99782000000002, 243.1846153846154, 1.7846153846153847, 72.47692307692307
134, 703.2757720169602, 82.82154153846155, 245.2, 1.9076923076923078, 73.78461538461538
135, 702.8702745489877, 83.98936769230771, 247.7076923076923, 2.0615384615384613, 76.66153846153846
136, 702.4647770810151, 84.24619846153846, 248.63076923076923, 1.6615384615384616, 78.55384615384615
137, 702.0592796130426, 84.90533230769228, 250.2153846153846, 1.4307692307692308, 81.36923076923077
138, 701.6537821450701, 85.33953538461535, 250.8, 1.6307692307692307, 82.61538461538461
139, 701.2482846770976, 86.19778615384615, 251.83076923076922, 1.9076923076923078, 86.01538461538462
140, 700.842787209125, 87.38601846153847, 252.27692307692308, 3.4, 87.58461538461539
141, 700.4372897411525, 91.01532923076923, 253.7846153846154, 7.876923076923077, 92.41538461538461
142, 700.0317922731799, 93.57366307692305, 253.83076923076922, 11.676923076923076, 95.16923076923077
143, 699.6262948052074, 95.75435076923078, 254.4923076923077, 14.63076923076923, 97.35384615384615
144, 699.2207973372349, 97.72883538461537, 254.41538461538462, 17.923076923076923, 97.92307692307692
145, 698.8152998692624, 100.47467384615388, 254.4923076923077, 22.307692307692307, 99.23076923076923
146, 698.4098024012899, 101.92848153846153, 254.56923076923076, 24.661538461538463, 99.66153846153846
147, 698.0043049333174, 103.55450615384615, 254.7846153846154, 27.076923076923077, 100.92307692307692
148, 697.5988074653447, 104.28896153846154, 254.53846153846155, 28.49230769230769, 100.72307692307692
149, 697.1933099973722, 106.42459076923075, 254.55384615384617, 31.8, 102.38461538461539
150, 696.7878125293997, 106.88191538461538, 254.69230769230768, 32.53846153846154, 102.23076923076923
151, 696.3823150614272, 107.21427999999997, 254.58461538461538, 33.246153846153845, 101.78461538461538
152, 695.9768175934547, 107.55386923076925, 254.3846153846154, 33.93846153846154, 101.72307692307692
153, 695.5713201254821, 108.38397384615382, 254.56923076923076, 34.95384615384615, 103.29230769230769
154, 695.1658226575096, 107.4570430769231, 254.33846153846153, 33.8, 101.70769230769231
155, 694.7603251895371, 107.64151692307692, 254.36923076923077, 34.0, 102.21538461538462
156, 694.3548277215646, 107.41530153846158, 254.36923076923077, 33.69230769230769, 101.81538461538462
157, 693.949330253592, 106.91615230769229, 254.16923076923078, 33.12307692307692, 100.8923076923077
158, 693.5438327856195, 106.88498769230769, 254.43076923076924, 32.98461538461538, 100.64615384615385
159, 693.138335317647, 107.20482923076919, 254.63076923076923, 33.323076923076925, 101.18461538461538
160, 692.7328378496744, 105.9592630769231, 254.2923076923077, 31.723076923076924, 99.38461538461539
161, 692.3273403817019, 105.17167384615385, 254.33846153846153, 30.49230769230769, 98.6923076923077
162, 691.9218429137294, 104.55050153846156, 254.2153846153846, 29.646153846153847, 97.92307692307692
163, 691.5163454457569, 104.70110769230769, 254.6153846153846, 29.615384615384617, 98.35384615384615
164, 691.1108479777844, 104.35405538461545, 254.06153846153848, 29.46153846153846, 97.55384615384615
165, 690.7053505098118, 104.16552769230775, 254.26153846153846, 29.092307692307692, 97.27692307692308
166, 690.2998530418392, 104.18745538461539, 254.36923076923077, 29.107692307692307, 97.1076923076923
167, 689.8943555738667, 104.2387276923077, 254.56923076923076, 29.123076923076923, 96.95384615384616
168, 689.4888581058942, 102.88477076923077, 253.98461538461538, 27.53846153846154, 94.76923076923077
169, 689.0833606379217, 103.45389692307691, 254.26153846153846, 28.29230769230769, 95.15384615384616
170, 688.6778631699492, 103.56016461538462, 254.5076923076923, 28.46153846153846, 94.56923076923077
171, 688.2723657019766, 102.65134769230768, 254.36923076923077, 27.369230769230768, 92.58461538461539
172, 687.8668682340041, 102.4575615384615, 254.23076923076923, 27.276923076923076, 91.72307692307692
173, 687.4613707660316, 103.18964461538458, 254.63076923076923, 28.23076923076923, 92.18461538461538
174, 687.055873298059, 102.68537846153843, 254.2153846153846, 27.846153846153847, 90.83076923076923
175, 686.6503758300865, 102.12419999999997, 254.0, 27.2, 89.8
176, 686.2448783621139, 102.5694846153846, 254.23076923076923, 27.876923076923077, 89.61538461538461
177, 685.8393808941414, 103.10275846153846, 254.72307692307692, 28.615384615384617, 89.2
178, 685.4338834261689, 102.73256153846154, 254.07692307692307, 28.723076923076924, 87.0923076923077
179, 685.0283859581964, 102.87760461538458, 254.26153846153846, 28.953846153846154, 86.6923076923077
180, 684.6228884902239, 103.40891846153846, 254.5076923076923, 29.984615384615385, 85.4
181, 684.2173910222514, 103.44879692307696, 254.33846153846153, 30.353846153846153, 84.29230769230769
182, 683.8118935542789, 103.55814923076923, 254.35384615384615, 30.73846153846154, 83.23076923076923
183, 683.4063960863062, 103.56851384615386, 254.4, 30.846153846153847, 82.64615384615385
184, 683.0008986183337, 103.26066923076922, 254.23076923076923, 30.56923076923077, 81.81538461538462
185, 682.5954011503612, 103.6928676923077, 254.55384615384617, 31.123076923076923, 81.9076923076923
186, 682.1899036823887, 103.4907169230769, 254.06153846153848, 31.29230769230769, 80.55384615384615
187, 681.7844062144162, 103.75055999999998, 254.4, 31.753846153846155, 79.56923076923077
188, 681.3789087464436, 104.30479692307698, 254.1846153846154, 33.16923076923077, 77.70769230769231
189, 680.9734112784711, 104.75194000000002, 253.98461538461538, 34.30769230769231, 76.29230769230769
190, 680.5679138104986, 105.5396292307692, 254.16923076923078, 35.92307692307692, 74.4
191, 680.1624163425261, 108.13931230769235, 254.41538461538462, 39.87692307692308, 76.2
192, 679.7569188745535, 109.6187692307692, 254.76923076923077, 42.58461538461538, 74.3076923076923
193, 679.351421406581, 111.0793430769231, 254.56923076923076, 45.76923076923077, 71.24615384615385
194, 678.9459239386084, 112.66323538461539, 254.41538461538462, 49.0, 68.9076923076923
195, 678.5404264706359, 115.36504461538459, 254.63076923076923, 53.41538461538462, 69.3076923076923
196, 678.1349290026634, 118.38885999999998, 254.63076923076923, 58.58461538461538, 69.21538461538462
197, 677.7294315346909, 120.44836769230768, 254.63076923076923, 62.43076923076923, 67.47692307692307
198, 677.3239340667184, 122.46082615384616, 254.5076923076923, 66.29230769230769, 65.56923076923077
199, 676.9184365987458, 125.93796923076921, 254.92307692307693, 71.73846153846154, 66.93846153846154
200, 676.5129391307732, 127.6789230769231, 254.76923076923077, 74.92307692307692, 66.21538461538462
201, 676.1074416628007, 129.65850307692307, 254.66153846153847, 78.23076923076923, 66.83076923076923
202, 675.7019441948282, 131.86813846153845, 254.6153846153846, 81.81538461538462, 67.87692307692308
203, 675.2964467268557, 133.62832923076922, 254.7076923076923, 84.6923076923077, 68.26153846153846
204, 674.8909492588832, 135.09795230769228, 254.63076923076923, 87.27692307692308, 68.04615384615384
205, 674.4854517909107, 136.311443076923, 254.64615384615385, 89.36923076923077, 67.87692307692308
206, 674.0799543229381, 137.14927846153844, 254.75384615384615, 90.95384615384616, 66.78461538461538
207, 673.6744568549656, 137.81981076923068, 254.5076923076923, 92.32307692307693, 66.26153846153846
208, 673.2689593869931, 138.6738507692308, 254.56923076923076, 93.81538461538462, 65.9076923076923
209, 672.8634619190206, 140.49563692307697, 254.7076923076923, 96.61538461538461, 67.1076923076923
210, 672.457964451048, 140.8248323076923, 254.6, 97.44615384615385, 66.0
211, 672.0524669830754, 142.1214630769231, 254.75384615384615, 99.41538461538461, 66.83076923076923
212, 671.6469695151029, 143.07830307692305, 254.66153846153847, 101.2, 66.27692307692308
213, 671.2414720471304, 144.2138076923077, 254.69230769230768, 103.07692307692308, 66.49230769230769
214, 670.8359745791579, 144.5418692307693, 254.69230769230768, 103.9076923076923, 65.0923076923077
215, 670.4304771111854, 145.2258430769231, 254.8, 105.1076923076923, 64.63076923076923
216, 670.0249796432129, 145.64998615384616, 254.44615384615383, 106.15384615384616, 63.89230769230769
217, 669.6194821752403, 146.29302307692305, 254.69230769230768, 107.15384615384616, 63.738461538461536
218, 669.2139847072677, 147.22262615384614, 254.8153846153846, 108.70769230769231, 63.56923076923077
219, 668.8084872392952, 147.90055230769227, 254.7846153846154, 109.92307692307692, 63.33846153846154
220, 668.4029897713227, 148.23472923076918, 254.7076923076923, 110.81538461538462, 61.87692307692308
221, 667.9974923033502, 148.8240323076923, 254.75384615384615, 111.86153846153846, 61.53846153846154
222, 667.5919948353776, 148.97467692307694, 254.46153846153845, 112.55384615384615, 60.06153846153846
223, 667.1864973674051, 149.90197846153848, 254.6769230769231, 114.0, 60.184615384615384
224, 666.7809998994326, 150.6265061538461, 254.63076923076923, 115.33846153846154, 59.76923076923077
225, 666.3755024314601, 151.02315384615386, 254.76923076923077, 116.01538461538462, 59.4
226, 665.9700049634876, 151.09055230769232, 254.63076923076923, 116.43076923076923, 58.215384615384615
227, 665.564507495515, 151.34208769230776, 254.66153846153847, 116.86153846153846, 58.12307692307692
228, 665.1590100275425, 151.5048384615385, 254.53846153846155, 117.35384615384615, 57.33846153846154
229, 664.7535125595699, 151.93230307692312, 254.66153846153847, 118.15384615384616, 56.646153846153844
230, 664.3480150915974, 152.3477969230769, 254.8, 118.9076923076923, 56.04615384615385
231, 663.9425176236249, 153.08258, 254.8153846153846, 120.07692307692308, 56.43076923076923
232, 663.5370201556524, 152.5320953846154, 254.43076923076924, 119.63076923076923, 54.90769230769231
233, 663.1315226876799, 153.33801076923075, 254.66153846153847, 120.78461538461538, 55.43076923076923
234, 662.7260252197073, 153.21824923076923, 254.43076923076924, 120.8923076923077, 54.43076923076923
235, 662.3205277517347, 153.93, 254.76923076923077, 121.93846153846154, 54.4
236, 661.9150302837622, 153.58219538461535, 254.2, 121.9076923076923, 53.0
237, 661.5095328157897, 154.17060153846154, 254.44615384615383, 122.8923076923077, 52.44615384615385
238, 661.1040353478172, 155.2534153846154, 254.6153846153846, 124.6, 52.707692307692305
239, 660.6985378798447, 155.24585692307693, 254.5076923076923, 124.70769230769231, 52.36923076923077
240, 660.2930404118721, 155.94395846153844, 254.72307692307692, 125.87692307692308, 51.90769230769231
241, 659.8875429438996, 156.0947907692307, 254.7076923076923, 126.35384615384615, 50.815384615384616
242, 659.4820454759271, 157.05876000000006, 254.55384615384617, 128.09230769230768, 50.723076923076924
243, 659.0765480079546, 157.34848769230763, 254.8153846153846, 128.56923076923076, 50.12307692307692
244, 658.671050539982, 157.39076307692307, 254.52307692307693, 129.07692307692307, 48.646153846153844
245, 658.2655530720094, 158.26997076923075, 254.75384615384615, 130.41538461538462, 48.86153846153846
246, 657.8600556040369, 158.66844615384616, 254.6153846153846, 131.3230769230769, 48.04615384615385
247, 657.4545581360644, 159.01584461538465, 254.63076923076923, 132.09230769230768, 47.09230769230769
248, 657.0490606680919, 159.66217538461547, 254.55384615384617, 133.2923076923077, 46.784615384615385
249, 656.6435632001194, 160.73238153846154, 254.8, 134.96923076923076, 46.89230769230769
250, 656.2380657321469, 161.35631384615388, 254.7076923076923, 136.15384615384616, 46.50769230769231
251, 655.8325682641744, 161.99515999999997, 254.86153846153846, 137.2923076923077, 45.84615384615385
252, 655.4270707962017, 161.75048769230762, 254.2, 137.52307692307693, 44.246153846153845
253, 655.0215733282292, 162.49798615384617, 254.6, 138.66153846153847, 43.89230769230769
254, 654.6160758602567, 163.2829538461539, 254.46153846153845, 140.12307692307692, 43.61538461538461
255, 654.2105783922842, 164.35889384615382, 254.75384615384615, 141.73846153846154, 43.96923076923077
256, 653.8050809243117, 163.778296923077, 254.56923076923076, 141.36923076923077, 41.261538461538464
257, 653.3995834563391, 164.6904307692308, 254.6153846153846, 142.93846153846152, 41.06153846153846
258, 652.9940859883666, 165.6562046153847, 254.41538461538462, 144.76923076923077, 40.63076923076923
259, 652.5885885203941, 166.79211384615382, 254.7076923076923, 146.5076923076923, 40.87692307692308
260, 652.1830910524216, 167.14593230769228, 254.52307692307693, 147.35384615384615, 40.10769230769231
261, 651.777593584449, 167.46446153846145, 254.76923076923077, 147.93846153846152, 39.246153846153845
262, 651.3720961164765, 168.0914276923077, 254.4923076923077, 149.24615384615385, 38.738461538461536
263, 650.9665986485039, 167.93481538461543, 254.15384615384616, 149.4923076923077, 36.98461538461538
264, 650.5611011805314, 168.40953846153846, 254.30769230769232, 150.26153846153846, 36.784615384615385
265, 650.1556037125589, 169.07478153846156, 254.4923076923077, 151.27692307692308, 36.90769230769231
266, 649.7501062445864, 169.39467692307693, 254.30769230769232, 151.98461538461538, 36.55384615384615
267, 649.3446087766139, 170.59384615384616, 254.6153846153846, 153.76923076923077, 37.07692307692308
268, 648.9391113086413, 170.50622615384614, 254.2, 154.06153846153848, 35.89230769230769
269, 648.5336138406687, 171.42940615384612, 254.24615384615385, 155.66153846153847, 35.63076923076923
270, 648.1281163726962, 172.38119076923076, 254.4, 157.15384615384616, 35.89230769230769
271, 647.7226189047237, 172.56446923076922, 254.07692307692307, 157.83076923076922, 34.86153846153846
272, 647.3171214367512, 172.9428430769231, 254.03076923076924, 158.6153846153846, 34.261538461538464
273, 646.9116239687787, 173.9190215384615, 254.09230769230768, 160.27692307692308, 34.10769230769231
274, 646.5061265008062, 174.0227969230768, 253.87692307692308, 160.6769230769231, 33.52307692307692
275, 646.1006290328336, 174.6954153846153, 254.30769230769232, 161.6153846153846, 33.46153846153846
276, 645.6951315648611, 175.4842169230769, 254.2923076923077, 162.8923076923077, 33.84615384615385
277, 645.2896340968886, 175.9476353846154, 254.1076923076923, 163.8923076923077, 33.246153846153845
278, 644.884136628916, 177.03428923076916, 254.33846153846153, 165.56923076923076, 33.53846153846154
279, 644.4786391609435, 178.01342923076925, 254.01538461538462, 167.46153846153845, 33.23076923076923
280, 644.0731416929709, 178.18779384615382, 253.90769230769232, 167.95384615384614, 32.50769230769231
281, 643.6676442249984, 179.34935230769233, 254.01538461538462, 169.90769230769232, 32.353846153846156
282, 643.2621467570259, 179.48458307692312, 253.86153846153846, 170.35384615384615, 31.646153846153847
283, 642.8566492890534, 180.89992307692313, 254.15384615384616, 172.53846153846155, 32.04615384615385
284, 642.4511518210809, 181.04821384615394, 253.86153846153846, 173.09230769230768, 31.26153846153846
285, 642.0456543531084, 181.80943076923072, 253.69230769230768, 174.52307692307693, 31.015384615384615
286, 641.6401568851358, 181.91552769230762, 253.4923076923077, 174.8923076923077, 30.56923076923077
287, 641.2346594171632, 183.08847692307694, 253.69230769230768, 176.6153846153846, 31.46153846153846
288, 640.8291619491907, 182.7193599999999, 253.3230769230769, 176.35384615384615, 30.53846153846154
289, 640.4236644812182, 183.08320000000003, 253.3846153846154, 176.96923076923076, 30.4
290, 640.0181670132457, 183.3484107692308, 252.96923076923076, 177.69230769230768, 30.092307692307692
291, 639.6126695452731, 183.84285384615384, 253.15384615384616, 178.46153846153845, 29.984615384615385
292, 639.2071720773006, 184.68574307692302, 253.03076923076924, 179.86153846153846, 30.49230769230769
293, 638.8016746093281, 185.71934307692314, 252.87692307692308, 181.56923076923076, 31.16923076923077
294, 638.3961771413556, 185.50239846153843, 252.63076923076923, 181.4923076923077, 30.307692307692307
295, 637.990679673383, 186.49634615384613, 252.84615384615384, 182.93846153846152, 31.015384615384615
296, 637.5851822054105, 187.12117230769235, 252.8923076923077, 183.90769230769232, 31.384615384615383
297, 637.179684737438, 187.09943846153843, 252.3846153846154, 184.23076923076923, 30.861538461538462
298, 636.7741872694654, 187.7912292307692, 252.3230769230769, 185.46153846153845, 30.753846153846155
299, 636.3686898014929, 188.7519061538462, 252.63076923076923, 186.93846153846152, 30.76923076923077
300, 635.9631923335204, 188.71671999999995, 251.87692307692308, 187.6, 29.03076923076923
301, 635.5576948655479, 189.1821538461538, 251.07692307692307, 189.01538461538462, 27.923076923076923
302, 635.1521973975754, 190.1307738461538, 251.03076923076924, 190.84615384615384, 26.93846153846154
303, 634.7466999296028, 190.26503384615387, 250.73846153846154, 191.4, 26.03076923076923
304, 634.3412024616302, 190.72699538461535, 250.2, 192.86153846153846, 23.96923076923077
305, 633.9357049936577, 191.50171846153847, 249.73846153846154, 194.86153846153846, 21.676923076923078
306, 633.5302075256852, 191.3819015384616, 248.98461538461538, 195.6, 18.8
307, 633.1247100577127, 192.06649076923077, 248.7846153846154, 196.98461538461538, 18.2
308, 632.7192125897402, 192.4268123076923, 248.33846153846153, 198.16923076923078, 16.43076923076923
309, 632.3137151217677, 192.3373738461538, 247.1846153846154, 199.06153846153848, 14.076923076923077
310, 631.9082176537951, 193.4926153846154, 246.92307692307693, 201.46153846153845, 12.538461538461538
311, 631.5027201858226, 193.3583061538461, 246.01538461538462, 202.09230769230768, 10.492307692307692
312, 631.0972227178501, 192.9417461538461, 244.3846153846154, 202.75384615384615, 7.707692307692308
313, 630.6917252498775, 193.69564153846142, 244.2, 204.23076923076923, 7.2
314, 630.286227781905, 193.21113230769234, 241.90769230769232, 204.8923076923077, 5.553846153846154
315, 629.8807303139324, 194.0107861538461, 241.06153846153848, 206.66153846153847, 5.676923076923077
316, 629.4752328459599, 194.21806000000007, 239.24615384615385, 208.06153846153848, 5.046153846153846
317, 629.0697353779874, 194.14501692307692, 236.90769230769232, 209.1846153846154, 4.753846153846154
318, 628.6642379100149, 193.4277369230769, 234.16923076923078, 209.56923076923076, 3.6615384615384614
319, 628.2587404420424, 194.65771076923087, 233.96923076923076, 211.56923076923076, 4.676923076923077
320, 627.8532429740699, 194.0749815384616, 230.8, 212.27692307692308, 4.230769230769231
321, 627.4477455060972, 194.04948153846166, 228.26153846153846, 213.52307692307693, 4.246153846153846
322, 627.0422480381247, 193.95128923076925, 225.72307692307692, 214.72307692307692, 3.8615384615384616
323, 626.6367505701522, 194.34766461538456, 224.8923076923077, 215.8153846153846, 3.8923076923076922
324, 626.2312531021797, 194.07848307692305, 221.93846153846152, 217.04615384615386, 2.9384615384615387
325, 625.8257556342072, 193.99413538461536, 219.26153846153846, 218.4, 2.246153846153846
326, 625.4202581662346, 194.54652000000002, 217.1076923076923, 220.56923076923076, 1.5692307692307692
327, 625.0147606982621, 195.5970584615384, 215.72307692307692, 222.93846153846152, 2.2153846153846155
328, 624.6092632302896, 195.74867230769226, 213.12307692307692, 224.64615384615385, 1.5692307692307692
329, 624.2037657623171, 197.69811538461536, 212.84615384615384, 227.8153846153846, 3.076923076923077
330, 623.7982682943446, 196.6192676923076, 209.01538461538462, 228.2, 1.676923076923077
331, 623.392770826372, 197.7362707692308, 207.90769230769232, 230.53846153846155, 2.3384615384615386
332, 622.9872733583995, 198.33918153846153, 205.41538461538462, 232.86153846153846, 2.2
333, 622.5817758904269, 198.8702246153846, 203.75384615384615, 234.5076923076923, 2.7384615384615385
334, 622.1762784224544, 198.83014923076922, 200.96923076923076, 235.92307692307693, 2.4
335, 621.7707809544819, 198.63324000000003, 199.2923076923077, 236.4923076923077, 2.1384615384615384
336, 621.3652834865094, 198.690203076923, 196.73846153846154, 237.90769230769232, 2.046153846153846
337, 620.9597860185368, 198.03299384615383, 193.44615384615383, 238.46153846153845, 2.0615384615384613
338, 620.5542885505643, 197.36161076923082, 189.27692307692308, 239.56923076923076, 1.4
339, 620.1487910825917, 197.41889076923076, 186.01538461538462, 241.16923076923078, 2.2153846153846155
340, 619.7432936146192, 196.76802769230767, 181.56923076923076, 242.36923076923077, 1.9846153846153847
341, 619.3377961466467, 195.71048769230765, 176.66153846153847, 243.03076923076924, 2.169230769230769
342, 618.9322986786742, 195.35098461538468, 173.07692307692307, 244.26153846153846, 2.076923076923077
343, 618.5268012107017, 194.21539692307692, 168.95384615384614, 244.3846153846154, 2.292307692307692
344, 618.1213037427291, 193.27766615384616, 165.03076923076924, 244.8923076923077, 1.7384615384615385
345, 617.7158062747566, 193.48294615384617, 162.3846153846154, 246.33846153846153, 3.0307692307692307
346, 617.3103088067841, 191.1090292307692, 156.01538461538462, 245.8153846153846, 1.6
347, 616.9048113388116, 190.64315999999997, 151.93846153846152, 246.96923076923076, 2.2615384615384615
348, 616.499313870839, 188.8000076923077, 145.30769230769232, 247.2923076923077, 1.8153846153846154
349, 616.0938164028664, 187.9829676923077, 139.7076923076923, 248.58461538461538, 2.6769230769230767
350, 615.6883189348939, 185.70261846153846, 132.27692307692308, 248.7076923076923, 1.523076923076923
351, 615.2828214669214, 184.50968153846145, 126.87692307692308, 249.33846153846153, 1.9692307692307693
352, 614.8773239989489, 182.31095538461537, 119.67692307692307, 249.27692307692308, 1.876923076923077
353, 614.4718265309764, 180.25776, 111.78461538461538, 249.83076923076922, 1.7076923076923076
354, 614.0663290630039, 177.6682861538461, 103.29230769230769, 249.8153846153846, 1.3384615384615384
355, 613.6608315950314, 175.75868769230766, 96.35384615384615, 250.09230769230768, 1.353846153846154
356, 613.2553341270587, 174.27047230769227, 89.27692307692308, 251.07692307692307, 1.7846153846153847
357, 612.8498366590862, 171.78683384615383, 81.2, 251.01538461538462, 1.4923076923076923
358, 612.4443391911137, 169.48518461538458, 73.38461538461539, 251.07692307692307, 1.476923076923077
359, 612.0388417231412, 167.68348153846156, 66.87692307692308, 251.26153846153846, 1.7846153846153847
360, 611.6333442551686, 165.74645384615386, 59.46153846153846, 251.7076923076923, 1.9384615384615385
361, 611.2278467871961, 163.9827461538461, 52.69230769230769, 252.12307692307692, 2.076923076923077
362, 610.8223493192236, 161.0449307692308, 43.61538461538461, 251.8, 1.7692307692307692
363, 610.4168518512511, 158.2657138461538, 35.01538461538462, 251.4923076923077, 1.523076923076923
364, 610.0113543832786, 155.59080923076928, 26.369230769230768, 251.3230769230769, 1.6
365, 609.605856915306, 153.47757846153843, 18.83076923076923, 251.6153846153846, 1.323076923076923
366, 609.2003594473335, 151.66452461538458, 12.446153846153846, 251.75384615384615, 1.4461538461538461
367, 608.794861979361, 150.04847692307695, 7.230769230769231, 251.69230769230768, 1.2615384615384615
368, 608.3893645113884, 148.88921230769228, 3.4153846153846152, 251.6153846153846, 1.4923076923076923
369, 607.9838670434159, 149.21565999999999, 2.3230769230769233, 252.6769230769231, 1.7538461538461538
370, 607.5783695754434, 149.09967538461538, 1.7076923076923076, 252.75384615384615, 1.9538461538461538
371, 607.1728721074709, 149.28943846153842, 1.9230769230769231, 252.90769230769232, 2.2615384615384615
372, 606.7673746394983, 149.00934461538463, 1.323076923076923, 252.86153846153846, 1.6153846153846154
373, 606.3618771715257, 149.4745569230769, 1.9692307692307693, 253.1846153846154, 2.3384615384615386
374, 605.9563797035532, 149.33897692307696, 1.6153846153846154, 253.1846153846154, 2.076923076923077
375, 605.5508822355807, 150.07482615384615, 2.353846153846154, 253.87692307692308, 3.0307692307692307
376, 605.1453847676082, 149.45908000000003, 1.5076923076923077, 253.47692307692307, 1.9076923076923078
377, 604.7398872996357, 149.76309076923079, 2.169230769230769, 253.53846153846155, 2.523076923076923
378, 604.3343898316632, 149.5722138461539, 1.5538461538461539, 253.64615384615385, 1.9076923076923078
379, 603.9288923636906, 149.81838923076924, 1.9538461538461538, 253.76923076923077, 2.3846153846153846
380, 603.5233948957181, 149.6841615384615, 1.6153846153846154, 253.7846153846154, 2.0153846153846153
381, 603.1178974277456, 149.85885538461542, 1.9076923076923078, 253.96923076923076, 1.8307692307692307
382, 602.712399959773, 149.5550323076924, 1.523076923076923, 253.69230769230768, 1.6
383, 602.3069024918004, 149.88149076923085, 2.0153846153846153, 253.92307692307693, 1.9846153846153847
384, 601.9014050238279, 149.90116461538466, 1.8923076923076922, 254.04615384615386, 1.8461538461538463
385, 601.4959075558554, 149.83479230769225, 1.9230769230769231, 253.83076923076922, 2.292307692307692
386, 601.0904100878829, 149.67541384615387, 1.8615384615384616, 253.58461538461538, 2.3230769230769233
387, 600.6849126199104, 149.77449230769224, 2.0, 253.6769230769231, 2.353846153846154
388, 600.2794151519379, 149.5556676923077, 1.9384615384615385, 253.33846153846153, 2.3384615384615386
389, 599.8739176839654, 149.59925692307695, 1.7384615384615385, 253.53846153846155, 2.2153846153846155
390, 599.4684202159929, 149.87859384615388, 1.9076923076923078, 253.8923076923077, 2.4
391, 599.0629227480202, 149.91862615384616, 1.8923076923076922, 253.93846153846152, 2.5538461538461537
392, 598.6574252800477, 149.51281230769231, 1.5692307692307692, 253.4923076923077, 2.1384615384615384
393, 598.2519278120752, 149.77577076923083, 1.676923076923077, 253.86153846153846, 2.2615384615384615
394, 597.8464303441027, 149.32414000000006, 1.3692307692307693, 253.33846153846153, 1.8
395, 597.4409328761301, 149.92898461538462, 2.0, 253.8923076923077, 2.6
396, 597.0354354081576, 149.53985846153847, 1.4153846153846155, 253.66153846153847, 1.9076923076923078
397, 596.6299379401851, 149.91658769230767, 2.123076923076923, 253.7846153846154, 2.723076923076923
398, 596.2244404722126, 149.48124153846155, 1.4307692307692308, 253.55384615384617, 1.9076923076923078
399, 595.81894300424, 149.90497384615387, 2.1076923076923078, 253.7846153846154, 2.6615384615384614
400, 595.4134455362675, 149.63435999999996, 1.7846153846153847, 253.55384615384617, 2.3230769230769233
401, 595.007948068295, 149.44286615384624, 1.3384615384615384, 253.53846153846155, 1.8923076923076922
402, 594.6024506003224, 149.56557538461536, 1.6307692307692307, 253.55384615384617, 2.123076923076923
403, 594.1969531323499, 149.90298307692308, 2.0153846153846153, 253.84615384615384, 2.5692307692307694
404, 593.7914556643774, 149.33608615384622, 1.4461538461538461, 253.30769230769232, 1.8615384615384616
405, 593.3859581964049, 149.49411230769235, 1.4923076923076923, 253.53846153846155, 1.9384615384615385
406, 592.9804607284323, 149.541256923077, 1.5846153846153845, 253.55384615384617, 2.0307692307692307
407, 592.5749632604598, 149.38574307692312, 1.4923076923076923, 253.35384615384615, 1.9384615384615385
408, 592.1694657924872, 149.25635076923083, 1.2615384615384615, 253.30769230769232, 1.646153846153846
409, 591.7639683245147, 150.01851076923083, 2.276923076923077, 253.87692307692308, 2.7384615384615385
410, 591.3584708565422, 149.34037846153848, 1.4461538461538461, 253.35384615384615, 1.6615384615384616
411, 590.9529733885697, 149.65344153846155, 1.7384615384615385, 253.63076923076923, 2.2153846153846155
412, 590.5474759205972, 149.50361692307692, 1.676923076923077, 253.43076923076924, 2.0923076923076924
413, 590.1419784526247, 149.96716923076931, 2.1538461538461537, 253.84615384615384, 2.769230769230769
414, 589.7364809846521, 149.6519, 1.9230769230769231, 253.4923076923077, 2.4307692307692306
415, 589.3309835166796, 149.55621230769236, 1.5692307692307692, 253.56923076923076, 2.123076923076923
416, 588.9254860487071, 149.56012307692308, 1.6923076923076923, 253.4923076923077, 2.230769230769231
417, 588.5199885807345, 150.07328769230773, 2.2, 254.01538461538462, 2.707692307692308
418, 588.1144911127619, 149.50634615384615, 1.6153846153846154, 253.53846153846155, 1.7230769230769232
419, 587.7089936447894, 149.74908615384618, 1.6, 253.95384615384614, 1.7538461538461538
420, 587.3034961768169, 149.76570153846157, 1.7538461538461538, 253.87692307692308, 1.8923076923076922
421, 586.8979987088444, 149.75801846153848, 1.9692307692307693, 253.66153846153847, 2.3692307692307693
422, 586.4925012408719, 149.3689615384616, 1.3076923076923077, 253.44615384615383, 1.8
423, 586.0870037728994, 149.34714923076928, 1.2769230769230768, 253.3230769230769, 2.3230769230769233
424, 585.6815063049269, 149.8473353846154, 1.876923076923077, 253.52307692307693, 4.107692307692307
425, 585.2760088369542, 150.03500000000005, 2.1538461538461537, 253.4, 5.661538461538462
426, 584.8705113689817, 149.84119538461545, 1.5846153846153845, 253.24615384615385, 6.246153846153846
427, 584.4650139010092, 150.3718784615385, 2.1384615384615384, 253.36923076923077, 8.815384615384616
428, 584.0595164330367, 150.43612461538473, 1.9846153846153847, 253.35384615384615, 9.861538461538462
429, 583.6540189650642, 150.69071538461543, 2.230769230769231, 253.16923076923078, 12.4
430, 583.2485214970916, 150.9083430769231, 1.9538461538461538, 253.5076923076923, 13.292307692307693
431, 582.8430240291191, 150.89683692307688, 1.9384615384615385, 253.30769230769232, 14.261538461538462
432, 582.4375265611466, 151.6656046153846, 2.5692307692307694, 253.6, 17.846153846153847
433, 582.0320290931741, 152.33674153846152, 2.5846153846153848, 253.7076923076923, 23.138461538461538
434, 581.6265316252016, 152.46960461538458, 2.5692307692307694, 253.23076923076923, 26.8
435, 581.221034157229, 152.62314615384614, 2.076923076923077, 253.27692307692308, 29.2
436, 580.8155366892565, 153.5653723076923, 2.5846153846153848, 253.96923076923076, 32.56923076923077
437, 580.4100392212839, 153.87795076923075, 2.4923076923076923, 253.86153846153846, 36.10769230769231
438, 580.0045417533114, 153.1050507692308, 2.2615384615384615, 252.27692307692308, 38.09230769230769
439, 579.5990442853389, 153.8024938461539, 1.9846153846153847, 252.98461538461538, 41.292307692307695
440, 579.1935468173664, 154.78364153846152, 2.9692307692307693, 253.46153846153845, 44.86153846153846
441, 578.7880493493938, 154.56436923076922, 1.6923076923076923, 253.52307692307693, 45.96923076923077
442, 578.3825518814213, 154.2553246153846, 1.523076923076923, 252.96923076923076, 46.55384615384615
443, 577.9770544134487, 154.84498000000005, 1.8923076923076922, 253.30769230769232, 49.01538461538462
444, 577.5715569454762, 155.16431230769226, 2.2615384615384615, 253.3230769230769, 50.76923076923077
445, 577.1660594775037, 155.18349384615374, 2.1384615384615384, 253.1076923076923, 52.36923076923077
446, 576.7605620095312, 154.6551292307693, 2.0923076923076924, 252.13846153846154, 52.84615384615385
447, 576.3550645415587, 155.60468615384616, 2.2153846153846155, 253.2153846153846, 55.30769230769231
448, 575.9495670735861, 156.29181538461538, 2.923076923076923, 253.64615384615385, 57.261538461538464
449, 575.5440696056136, 156.25658000000007, 2.5076923076923077, 253.6153846153846, 58.2
450, 575.1385721376411, 155.88206307692312, 2.4461538461538463, 252.7846153846154, 59.353846153846156
451, 574.7330746696686, 156.28847076923077, 2.3692307692307693, 253.07692307692307, 61.61538461538461
452, 574.327577201696, 156.09165076923068, 1.9538461538461538, 252.72307692307692, 62.8
453, 573.9220797337234, 156.75535384615378, 2.6153846153846154, 253.0, 65.46153846153847
454, 573.5165822657509, 156.7103969230769, 2.646153846153846, 252.6, 67.04615384615384
455, 573.1110847977784, 156.92448461538459, 2.3846153846153846, 252.76923076923077, 68.73846153846154
456, 572.7055873298059, 156.73039384615385, 1.9076923076923078, 252.52307692307693, 69.55384615384615
457, 572.3000898618334, 157.83929692307694, 2.723076923076923, 253.27692307692308, 73.26153846153846
458, 571.8945923938609, 157.94063076923075, 2.769230769230769, 253.06153846153848, 75.13846153846154
459, 571.4890949258884, 157.39174307692306, 1.646153846153846, 252.3846153846154, 76.75384615384615
460, 571.0835974579157, 157.86903999999996, 1.7538461538461538, 252.56923076923076, 79.70769230769231
461, 570.6780999899432, 158.75262615384614, 2.5076923076923077, 253.01538461538462, 83.18461538461538
462, 570.2726025219707, 158.59989692307698, 2.2615384615384615, 252.69230769230768, 84.15384615384616
463, 569.8671050539982, 158.46193230769228, 2.0615384615384613, 252.3230769230769, 85.36923076923077
464, 569.4616075860256, 158.64378769230763, 1.8153846153846154, 252.4923076923077, 86.73846153846154
465, 569.0561101180531, 159.06792615384614, 2.4307692307692306, 252.3846153846154, 89.4
466, 568.6506126500806, 158.9794999999999, 1.9230769230769231, 252.2923076923077, 90.43076923076923
467, 568.2451151821081, 159.62189076923076, 2.7846153846153845, 252.33846153846153, 93.56923076923077
468, 567.8396177141356, 160.09372615384618, 3.2, 252.56923076923076, 95.43076923076923
469, 567.434120246163, 160.38827846153845, 2.753846153846154, 252.87692307692308, 97.6
470, 567.0286227781905, 159.98064153846155, 2.046153846153846, 252.27692307692308, 98.96923076923076
471, 566.6231253102179, 159.9418646153846, 2.123076923076923, 251.73846153846154, 101.2
472, 566.2176278422454, 160.44721230769238, 2.3384615384615386, 252.09230769230768, 103.24615384615385
473, 565.8121303742729, 160.9862107692308, 2.2, 252.6, 105.72307692307692
474, 565.4066329063004, 161.02317230769225, 1.9692307692307693, 252.53846153846155, 106.96923076923076
475, 565.0011354383279, 161.4267138461538, 2.246153846153846, 252.63076923076923, 109.3076923076923
476, 564.5956379703553, 161.15258000000009, 2.046153846153846, 252.09230769230768, 110.2
477, 564.1901405023827, 161.34056461538464, 1.8923076923076922, 252.03076923076924, 112.56923076923077
478, 563.7846430344102, 161.47229230769238, 1.6923076923076923, 252.15384615384616, 113.61538461538461
479, 563.3791455664377, 161.7939892307693, 1.9538461538461538, 252.13846153846154, 115.83076923076923
480, 562.9736480984652, 161.48260000000008, 1.3846153846153846, 251.87692307692308, 115.93846153846154
481, 562.5681506304927, 161.32620307692304, 1.6615384615384616, 251.3230769230769, 116.6923076923077
482, 562.1626531625202, 162.06434153846146, 2.4307692307692306, 251.8153846153846, 118.61538461538461
483, 561.7571556945476, 161.74659538461535, 2.046153846153846, 251.33846153846153, 119.29230769230769
484, 561.3516582265751, 161.9460692307692, 2.076923076923077, 251.4923076923077, 120.16923076923077
485, 560.9461607586026, 162.0315938461539, 2.2153846153846155, 251.2, 122.06153846153846
486, 560.54066329063, 162.17787692307692, 2.1538461538461537, 251.2923076923077, 123.03076923076924
487, 560.1351658226574, 162.5710153846154, 2.3076923076923075, 251.4923076923077, 125.04615384615384
488, 559.7296683546849, 162.85616769230768, 2.476923076923077, 251.56923076923076, 126.70769230769231
489, 559.3241708867124, 163.03669230769222, 2.4615384615384617, 251.52307692307693, 128.56923076923076
490, 558.9186734187399, 163.02456461538458, 2.2, 251.3846153846154, 129.86153846153846
491, 558.5131759507674, 163.02809538461537, 2.123076923076923, 250.98461538461538, 132.15384615384616
492, 558.1076784827949, 163.35951692307688, 2.2153846153846155, 251.2153846153846, 133.63076923076923
493, 557.7021810148224, 163.33875538461544, 2.1384615384615384, 250.83076923076922, 135.63076923076923
494, 557.2966835468497, 163.75828000000004, 2.4307692307692306, 251.07692307692307, 137.27692307692308
495, 556.8911860788772, 164.01654923076927, 2.5076923076923077, 251.09230769230768, 139.26153846153846
496, 556.4856886109047, 163.7015953846155, 2.046153846153846, 250.58461538461538, 140.3230769230769
497, 556.0801911429322, 163.87362923076924, 1.8615384615384616, 250.53846153846155, 142.55384615384617
498, 555.6746936749597, 163.62838615384618, 1.676923076923077, 249.98461538461538, 143.73846153846154
499, 555.2691962069871, 163.9593123076923, 1.9538461538461538, 250.13846153846154, 145.12307692307692
500, 554.8636987390146, 163.89798307692308, 1.8615384615384616, 249.90769230769232, 146.01538461538462
501, 554.4582012710421, 164.59098769230778, 2.7384615384615385, 250.1846153846154, 148.36923076923077
502, 554.0527038030696, 164.19877230769234, 1.9692307692307693, 249.92307692307693, 148.2923076923077
503, 553.647206335097, 164.27626923076917, 2.230769230769231, 249.6769230769231, 149.55384615384617
504, 553.2417088671245, 164.67572769230765, 2.876923076923077, 249.84615384615384, 150.4923076923077
505, 552.836211399152, 164.20516923076923, 2.1538461538461537, 249.3230769230769, 150.95384615384614
506, 552.4307139311794, 163.95427230769224, 1.5846153846153845, 249.2153846153846, 150.8
507, 552.0252164632069, 164.06922, 1.9538461538461538, 248.96923076923076, 152.1076923076923
508, 551.6197189952344, 164.6242338461538, 2.4307692307692306, 249.4, 153.5076923076923
509, 551.2142215272619, 164.54516615384614, 2.1846153846153844, 249.07692307692307, 155.12307692307692
510, 550.8087240592893, 164.19187076923066, 1.7538461538461538, 248.66153846153847, 155.2923076923077
511, 550.4032265913168, 164.95178769230768, 2.4307692307692306, 249.16923076923078, 157.56923076923076
512, 549.9977291233442, 164.70595846153844, 2.2615384615384615, 248.72307692307692, 158.15384615384616
513, 549.5922316553717, 164.98181230769228, 2.4923076923076923, 248.6153846153846, 160.52307692307693
514, 549.1867341873992, 164.73700153846153, 2.1384615384615384, 248.27692307692308, 161.04615384615386
515, 548.7812367194267, 165.16135384615384, 2.4615384615384617, 248.36923076923077, 163.44615384615383
516, 548.3757392514542, 164.43756307692306, 1.6, 247.66153846153847, 163.0
517, 547.9702417834817, 164.97566153846154, 2.0, 247.83076923076922, 165.8
518, 547.5647443155091, 164.8038353846154, 2.1076923076923078, 247.3846153846154, 166.30769230769232
519, 547.1592468475366, 165.06679692307688, 2.0307692307692307, 247.4923076923077, 168.26153846153846
520, 546.753749379564, 164.70706000000004, 1.5538461538461539, 247.2, 167.86153846153846
521, 546.3482519115915, 165.24786923076923, 1.9230769230769231, 247.55384615384617, 169.8153846153846
522, 545.9427544436189, 165.36865538461535, 1.9076923076923078, 247.7076923076923, 170.12307692307692
523, 545.5372569756464, 165.55439692307692, 2.4923076923076923, 247.3230769230769, 172.2
524, 545.1317595076739, 164.63456307692311, 1.6, 246.35384615384615, 171.46153846153845
525, 544.7262620397014, 165.09915999999998, 2.0923076923076924, 246.35384615384615, 174.24615384615385
526, 544.3207645717289, 165.2911892307692, 1.9538461538461538, 246.56923076923076, 175.1846153846154
527, 543.9152671037564, 165.59390153846158, 2.3692307692307693, 246.44615384615383, 177.3846153846154
528, 543.5097696357839, 164.84820615384612, 1.7846153846153847, 245.46153846153845, 177.44615384615383
529, 543.1042721678112, 165.1479784615384, 2.2153846153846155, 245.30769230769232, 179.73846153846154
530, 542.6987746998387, 165.4101907692307, 2.4, 245.41538461538462, 181.0
531, 542.2932772318662, 164.97940769230766, 2.076923076923077, 244.73846153846154, 181.55384615384617
532, 541.8877797638937, 165.01275230769227, 2.3230769230769233, 244.53846153846155, 182.23076923076923
533, 541.4822822959211, 165.3414, 2.4615384615384617, 244.72307692307692, 183.8
534, 541.0767848279486, 165.4733646153846, 2.353846153846154, 244.7846153846154, 184.92307692307693
535, 540.6712873599761, 165.28550461538453, 2.4923076923076923, 244.09230769230768, 186.47692307692307
536, 540.2657898920036, 164.97762000000006, 2.2615384615384615, 243.55384615384617, 187.15384615384616
537, 539.8602924240311, 164.95568, 2.276923076923077, 243.23076923076923, 188.58461538461538
538, 539.4547949560585, 164.9559523076923, 2.169230769230769, 243.07692307692307, 189.66153846153847
539, 539.049297488086, 164.6180769230769, 2.3076923076923075, 242.12307692307692, 191.24615384615385
540, 538.6438000201135, 164.2577692307692, 2.1538461538461537, 241.58461538461538, 191.26153846153846
541, 538.2383025521409, 164.51572923076918, 2.5538461538461537, 241.36923076923077, 193.58461538461538
542, 537.8328050841684, 164.19699384615382, 2.0615384615384613, 241.07692307692307, 193.58461538461538
543, 537.4273076161959, 164.24310769230763, 2.4615384615384617, 240.6769230769231, 195.0
544, 537.0218101482234, 164.0185415384615, 2.276923076923077, 240.30769230769232, 195.41538461538462
545, 536.6163126802508, 164.3110123076923, 2.8, 240.06153846153848, 197.87692307692308
546, 536.2108152122782, 162.99657384615378, 1.9538461538461538, 238.3846153846154, 197.2
547, 535.8053177443057, 162.82229692307698, 1.9538461538461538, 237.83076923076922, 198.52307692307693
548, 535.3998202763332, 162.59720923076918, 1.9076923076923078, 237.36923076923077, 199.04615384615386
549, 534.9943228083607, 162.10884307692308, 1.7230769230769232, 236.33846153846153, 200.55384615384617
550, 534.5888253403882, 161.88903999999997, 2.0615384615384613, 235.6153846153846, 201.46153846153845
551, 534.1833278724157, 162.13370461538466, 2.646153846153846, 235.2923076923077, 203.73846153846154
552, 533.7778304044431, 161.07105692307684, 1.8923076923076922, 233.90769230769232, 203.52307692307693
553, 533.3723329364706, 160.62545692307685, 2.046153846153846, 232.84615384615384, 204.6769230769231
554, 532.9668354684981, 159.89865692307686, 1.8923076923076922, 231.69230769230768, 204.64615384615385
555, 532.5613380005256, 160.75890615384614, 3.0923076923076924, 232.0, 207.46153846153845
556, 532.1558405325529, 159.8327615384615, 2.5384615384615383, 230.69230769230768, 207.52307692307693
557, 531.7503430645804, 158.11444461538463, 1.7076923076923076, 228.2, 207.46153846153845
558, 531.3448455966079, 157.6323523076923, 1.2461538461538462, 227.66153846153847, 207.2153846153846
559, 530.9393481286354, 157.95770923076924, 1.9846153846153847, 227.52307692307693, 208.84615384615384
560, 530.5338506606629, 157.52368307692308, 1.9384615384615385, 226.73846153846154, 209.2
561, 530.1283531926904, 158.01700923076928, 2.830769230769231, 226.55384615384617, 212.13846153846154
562, 529.7228557247179, 156.80551230769234, 1.9538461538461538, 225.07692307692307, 211.41538461538462
563, 529.3173582567454, 156.15723692307688, 2.0923076923076924, 223.8153846153846, 211.86153846153846
564, 528.9118607887727, 156.48611076923066, 2.4307692307692306, 224.1076923076923, 212.35384615384615
565, 528.5063633208002, 156.00123692307687, 2.5538461538461537, 223.03076923076924, 213.3230769230769
566, 528.1008658528277, 154.77372000000003, 1.7230769230769232, 221.55384615384617, 212.33846153846153
567, 527.6953683848552, 154.14145846153846, 1.876923076923077, 220.13846153846154, 213.6769230769231
568, 527.2898709168826, 154.05424923076916, 1.8153846153846154, 219.90769230769232, 214.26153846153846
569, 526.8843734489101, 154.06262153846154, 2.4, 219.2, 216.44615384615383
570, 526.4788759809376, 153.83037846153843, 2.3692307692307693, 218.76923076923077, 216.7076923076923
571, 526.0733785129651, 152.98704307692307, 2.0307692307692307, 217.30769230769232, 217.72307692307692
572, 525.6678810449926, 152.64565230769227, 1.9384615384615385, 216.8, 217.58461538461538
573, 525.26238357702, 153.0297646153847, 2.5076923076923077, 216.8, 219.46153846153845
574, 524.8568861090475, 152.87768769230772, 2.353846153846154, 216.64615384615385, 219.3230769230769
575, 524.4513886410749, 152.9102446153846, 2.3230769230769233, 216.52307692307693, 220.3230769230769
576, 524.0458911731024, 152.08010307692305, 1.7384615384615385, 215.52307692307693, 219.72307692307692
577, 523.6403937051299, 151.3777553846153, 1.676923076923077, 214.1846153846154, 220.6153846153846
578, 523.2348962371574, 151.08907538461537, 1.5538461538461539, 213.7076923076923, 220.86153846153846
579, 522.8293987691849, 151.21926769230768, 2.0923076923076924, 213.44615384615383, 221.93846153846152
580, 522.4239013012123, 150.63634769230774, 1.9076923076923078, 212.63076923076923, 221.5076923076923
581, 522.0184038332397, 149.31251846153845, 1.4307692307692308, 210.6153846153846, 221.52307692307693
582, 521.6129063652672, 149.33628923076918, 1.5692307692307692, 210.5076923076923, 221.92307692307693
583, 521.2074088972947, 149.99840769230764, 2.5384615384615383, 210.64615384615385, 224.47692307692307
584, 520.8019114293222, 148.8917492307692, 1.8923076923076922, 209.2153846153846, 223.83076923076922
585, 520.3964139613497, 148.37864461538462, 2.3230769230769233, 207.87692307692308, 225.09230769230768
586, 519.9909164933772, 147.95483230769236, 1.9846153846153847, 207.26153846153846, 225.43076923076924
587, 519.5854190254046, 146.88871384615385, 1.7846153846153847, 205.3230769230769, 226.58461538461538
588, 519.1799215574321, 145.75375538461537, 1.523076923076923, 203.6153846153846, 226.1076923076923
589, 518.7744240894596, 146.63597230769233, 2.4307692307692306, 204.06153846153848, 229.16923076923078
590, 518.368926621487, 145.32679692307693, 1.7230769230769232, 202.3230769230769, 228.4923076923077
591, 517.9634291535144, 145.81247538461542, 2.476923076923077, 202.36923076923077, 230.53846153846155
592, 517.5579316855419, 144.29080769230768, 1.6153846153846154, 200.43076923076924, 229.43076923076924
593, 517.1524342175694, 144.27481230769232, 2.3384615384615386, 199.56923076923076, 231.83076923076922
594, 516.7469367495969, 143.3659769230769, 1.7692307692307692, 198.41538461538462, 231.2923076923077
595, 516.3414392816244, 142.80960000000005, 1.5384615384615385, 197.6, 231.2153846153846
596, 515.9359418136519, 142.28086461538464, 1.353846153846154, 196.87692307692308, 230.7846153846154
597, 515.5304443456794, 143.0062046153846, 2.2615384615384615, 197.27692307692308, 232.7076923076923
598, 515.1249468777067, 142.62783538461537, 2.1076923076923078, 196.7076923076923, 232.72307692307692
599, 514.7194494097342, 141.96438615384614, 2.1384615384615384, 195.41538461538462, 233.47692307692307
600, 514.3139519417617, 140.7961, 1.4615384615384615, 193.8923076923077, 232.84615384615384
601, 513.9084544737892, 140.35737384615382, 2.1076923076923078, 192.52307692307693, 234.35384615384615
602, 513.5029570058167, 139.6660523076923, 1.9384615384615385, 191.35384615384615, 234.75384615384615
603, 513.0974595378441, 139.18852000000004, 2.1846153846153844, 190.09230769230768, 236.41538461538462
604, 512.6919620698716, 138.21784, 1.6, 188.76923076923077, 236.24615384615385
605, 512.2864646018991, 137.2728507692308, 1.8, 186.92307692307693, 236.93846153846152
606, 511.88096713392656, 136.86599692307686, 2.0307692307692307, 186.16923076923078, 236.64615384615385
607, 511.47546966595405, 136.14070615384608, 1.7076923076923076, 184.98461538461538, 237.23076923076923
608, 511.0699721979815, 135.40817538461536, 1.7846153846153847, 183.76923076923077, 236.86153846153846
609, 510.664474730009, 135.77054923076918, 2.046153846153846, 183.87692307692308, 238.8
610, 510.2589772620364, 134.47294153846155, 1.8153846153846154, 181.86153846153846, 238.4
611, 509.8534797940639, 135.28454, 2.753846153846154, 182.46153846153845, 239.96923076923076
612, 509.4479823260914, 133.4485030769231, 1.7384615384615385, 180.1076923076923, 238.64615384615385
613, 509.0424848581189, 133.1984353846154, 2.4153846153846152, 179.1846153846154, 239.43076923076924
614, 508.6369873901463, 131.51933538461543, 1.5692307692307692, 177.0, 238.16923076923078
615, 508.2314899221738, 131.0817276923077, 1.8, 175.98461538461538, 238.95384615384614
616, 507.82599245420124, 130.5637030769231, 1.8923076923076922, 175.04615384615386, 239.0
617, 507.42049498622873, 129.93616461538466, 1.7384615384615385, 173.95384615384614, 239.52307692307693
618, 507.0149975182562, 129.4298030769231, 1.6615384615384616, 173.16923076923078, 239.3230769230769
619, 506.6095000502837, 129.35205384615384, 2.3846153846153846, 172.4923076923077, 240.23076923076923
620, 506.20400258231115, 128.36865384615382, 2.076923076923077, 171.12307692307692, 239.46153846153845
621, 505.7985051143386, 127.47488923076924, 2.1846153846153844, 169.47692307692307, 239.8153846153846
622, 505.3930076463661, 126.41457538461538, 1.9384615384615385, 167.96923076923076, 238.92307692307693
623, 504.98751017839356, 125.53319076923077, 2.0923076923076924, 166.44615384615383, 238.63076923076923
624, 504.58201271042105, 123.55208923076921, 1.2615384615384615, 163.66153846153847, 237.76923076923077
625, 504.17651524244854, 124.13277384615378, 3.0307692307692307, 163.30769230769232, 240.04615384615386
626, 503.771017774476, 122.89752615384616, 2.7384615384615385, 161.4, 239.8
627, 503.3655203065034, 120.82964615384613, 2.1538461538461537, 158.26153846153846, 239.35384615384615
628, 502.9600228385309, 119.00199846153848, 1.4, 155.72307692307692, 238.36923076923077
629, 502.5545253705584, 118.33563230769231, 1.8307692307692307, 154.13846153846154, 239.55384615384617
630, 502.1490279025859, 117.81585384615386, 1.9230769230769231, 153.2, 239.58461538461538
631, 501.7435304346133, 116.69319230769231, 1.7692307692307692, 151.35384615384615, 239.64615384615385
632, 501.3380329666408, 116.68128615384616, 1.9076923076923078, 151.1076923076923, 240.44615384615383
633, 500.9325354986683, 116.79446615384616, 2.723076923076923, 150.75384615384615, 241.12307692307692
634, 500.52703803069573, 115.55493384615382, 1.8923076923076922, 149.2923076923077, 239.95384615384614
635, 500.1215405627232, 114.63270307692304, 1.7384615384615385, 147.7846153846154, 240.03076923076924
636, 499.7160430947507, 113.59006923076919, 1.6153846153846154, 146.1846153846154, 239.44615384615383
637, 499.31054562677815, 113.23701538461538, 2.3076923076923075, 145.12307692307692, 240.0
638, 498.90504815880564, 112.22082615384616, 1.8923076923076922, 143.6153846153846, 239.93846153846152
639, 498.4995506908331, 110.81363999999998, 1.9076923076923078, 141.24615384615385, 239.75384615384615
640, 498.09405322286057, 109.45175384615382, 1.8461538461538463, 139.07692307692307, 239.13846153846154
641, 497.68855575488806, 108.64737538461532, 2.246153846153846, 137.44615384615383, 239.43076923076924
642, 497.2830582869155, 106.51403384615385, 1.5076923076923077, 134.4, 238.33846153846153
643, 496.877560818943, 106.44801846153844, 2.123076923076923, 133.83076923076922, 239.07692307692307
644, 496.4720633509705, 105.44814615384614, 1.9230769230769231, 132.3846153846154, 238.27692307692308
645, 496.0665658829979, 103.74889230769229, 1.6923076923076923, 129.64615384615385, 238.07692307692307
646, 495.6610684150254, 104.2284892307693, 2.646153846153846, 129.73846153846154, 239.30769230769232
647, 495.2555709470529, 102.48554769230769, 2.3692307692307693, 126.8923076923077, 239.4
648, 494.8500734790803, 100.08415692307689, 1.353846153846154, 123.67692307692307, 237.55384615384617
649, 494.4445760111078, 99.60122769230772, 2.0307692307692307, 122.26153846153846, 238.83076923076922
650, 494.0390785431353, 99.00995692307694, 1.6615384615384616, 121.41538461538461, 238.96923076923076
651, 493.63358107516274, 98.11879846153847, 2.169230769230769, 119.49230769230769, 239.72307692307692
652, 493.22808360719023, 97.2555169230769, 2.0615384615384613, 118.06153846153846, 239.8
653, 492.8225861392177, 96.19360923076925, 2.523076923076923, 115.98461538461538, 239.96923076923076
654, 492.41708867124515, 94.45707692307695, 1.5384615384615385, 113.78461538461538, 238.64615384615385
655, 492.01159120327264, 94.12002461538465, 2.2153846153846155, 112.8, 238.98461538461538
656, 491.60609373530013, 92.24316769230768, 1.5538461538461539, 110.07692307692308, 238.27692307692308
657, 491.20059626732757, 92.11937846153847, 2.3692307692307693, 109.0923076923077, 240.12307692307692
658, 490.79509879935506, 90.13197076923082, 1.676923076923077, 106.18461538461538, 239.47692307692307
659, 490.38960133138255, 88.83960307692308, 1.8153846153846154, 103.96923076923076, 239.1846153846154
660, 489.98410386341, 88.00370153846156, 1.7538461538461538, 102.61538461538461, 238.98461538461538
661, 489.5786063954375, 86.60320307692308, 2.123076923076923, 100.0923076923077, 238.72307692307692
662, 489.1731089274649, 84.99790153846153, 1.6, 97.6, 238.84615384615384
663, 488.7676114594924, 83.99925538461535, 2.2153846153846155, 95.50769230769231, 239.24615384615385
664, 488.3621139915199, 82.88456153846154, 2.230769230769231, 93.63076923076923, 239.09230769230768
665, 487.9566165235473, 81.11907692307688, 2.1538461538461537, 90.58461538461539, 239.4923076923077
666, 487.5511190555748, 80.14837846153848, 2.2153846153846155, 88.93846153846154, 239.2923076923077
667, 487.1456215876023, 78.11882461538464, 1.9076923076923078, 85.66153846153846, 239.16923076923078
668, 486.74012411962974, 75.79498, 0.9692307692307692, 82.35384615384615, 238.27692307692308
669, 486.33462665165723, 74.76782461538457, 2.0615384615384613, 80.0, 238.52307692307693
670, 485.9291291836847, 73.06437846153845, 1.6, 77.46153846153847, 237.86153846153846
671, 485.52363171571216, 72.12999230769228, 2.076923076923077, 75.6, 238.0
672, 485.11813424773965, 71.40347384615386, 2.0307692307692307, 74.32307692307693, 238.3230769230769
673, 484.71263677976714, 69.68824615384618, 2.0, 71.46153846153847, 238.09230769230768
674, 484.3071393117946, 68.30646923076925, 1.4615384615384615, 69.49230769230769, 237.52307692307693
675, 483.90164184382206, 67.79657538461538, 2.0923076923076924, 68.23076923076923, 237.8923076923077
676, 483.49614437584955, 65.89466769230769, 1.476923076923077, 65.49230769230769, 236.92307692307693
677, 483.090646907877, 65.97271538461541, 2.5384615384615383, 64.83076923076923, 238.23076923076923
678, 482.6851494399045, 63.61838769230772, 1.8153846153846154, 61.30769230769231, 237.6153846153846
679, 482.27965197193197, 62.166635384615404, 1.9538461538461538, 58.69230769230769, 237.98461538461538
680, 481.8741545039594, 60.256281538461515, 1.8, 55.49230769230769, 238.1076923076923
681, 481.4686570359869, 59.22805230769231, 2.707692307692308, 53.12307692307692, 238.90769230769232
682, 481.0631595680144, 55.689844615384615, 1.8615384615384616, 47.738461538461536, 237.8153846153846
683, 480.6576621000418, 53.39949999999999, 2.076923076923077, 43.44615384615385, 239.26153846153846
684, 480.2521646320693, 50.3156676923077, 1.7846153846153847, 38.33846153846154, 239.27692307692308
685, 479.8466671640968, 47.932084615384625, 2.230769230769231, 33.89230769230769, 240.09230769230768
686, 479.44116969612423, 44.88833230769232, 1.6, 29.046153846153846, 240.0
687, 479.0356722281517, 43.10041846153847, 1.6615384615384616, 25.753846153846155, 241.1076923076923
688, 478.63017476017916, 39.912867692307714, 1.476923076923077, 20.49230769230769, 240.72307692307692
689, 478.22467729220665, 36.07915384615385, 1.5384615384615385, 13.953846153846154, 240.6
690, 477.81917982423414, 34.51485076923076, 1.3384615384615384, 11.184615384615384, 241.66153846153847
691, 477.4136823562616, 33.96534923076922, 2.353846153846154, 9.6, 242.33846153846153
692, 477.00818488828907, 31.822453846153838, 1.6153846153846154, 6.507692307692308, 241.4
693, 476.60268742031656, 31.14881230769232, 2.1846153846153844, 4.846153846153846, 242.55384615384617
694, 476.197189952344, 29.31267384615385, 1.2615384615384615, 2.3076923076923075, 241.93846153846152
695, 475.7916924843715, 29.269484615384613, 1.9230769230769231, 1.7538461538461538, 242.6769230769231
696, 475.386195016399, 29.56367692307693, 2.3076923076923075, 1.876923076923077, 243.6153846153846
697, 474.9806975484264, 29.085424615384603, 1.9076923076923078, 1.3076923076923077, 243.4
698, 474.5752000804539, 29.350044615384597, 2.3230769230769233, 1.523076923076923, 243.52307692307693
699, 474.1697026124814, 29.352835384615375, 2.1076923076923078, 1.5538461538461539, 243.95384615384614
700, 473.7642051445088, 29.403155384615385, 2.1384615384615384, 1.6, 244.07692307692307
701, 473.3587076765363, 29.79782769230768, 2.4923076923076923, 1.9846153846153847, 244.63076923076923
702, 472.9532102085638, 29.347329230769226, 1.9384615384615385, 1.523076923076923, 244.5076923076923
703, 472.54771274059124, 29.41663692307692, 2.0923076923076924, 1.5538461538461539, 244.55384615384617
704, 472.1422152726187, 29.85554615384615, 2.5384615384615383, 2.0923076923076924, 244.46153846153845
705, 471.7367178046462, 29.288686153846157, 1.9076923076923078, 1.4, 244.7076923076923
706, 471.33122033667365, 29.542136923076914, 2.169230769230769, 1.6, 245.2153846153846
707, 470.92572286870114, 29.40204923076923, 1.9692307692307693, 1.4153846153846155, 245.46153846153845
708, 470.52022540072863, 29.571506153846137, 2.169230769230769, 1.676923076923077, 245.07692307692307
709, 470.11472793275607, 30.226810769230763, 2.8153846153846156, 2.246153846153846, 246.2
710, 469.70923046478356, 29.558872307692297, 2.2, 1.6307692307692307, 245.12307692307692
711, 469.30373299681105, 29.527198461538458, 2.0153846153846153, 1.5692307692307692, 245.64615384615385
712, 468.8982355288385, 30.288884615384607, 2.8461538461538463, 2.2615384615384615, 246.58461538461538
713, 468.492738060866, 29.697381538461528, 2.1846153846153844, 1.6923076923076923, 246.06153846153848
714, 468.0872405928934, 30.094523076923064, 2.6153846153846154, 2.1076923076923078, 246.27692307692308
715, 467.6817431249209, 30.305472307692295, 2.8153846153846156, 2.230769230769231, 246.96923076923076
716, 467.2762456569484, 29.46292769230769, 1.8, 1.3692307692307693, 246.6769230769231
717, 466.8707481889758, 29.66859692307691, 2.0307692307692307, 1.5692307692307692, 246.84615384615384
718, 466.4652507210033, 30.558189230769223, 3.0307692307692307, 2.476923076923077, 247.35384615384615
719, 466.0597532530308, 29.389258461538464, 1.7230769230769232, 1.2769230769230768, 246.7076923076923
720, 465.65425578505824, 29.86656153846152, 2.230769230769231, 1.7538461538461538, 247.1076923076923
721, 465.24875831708573, 30.145204615384614, 2.5692307692307694, 1.876923076923077, 248.03076923076924
722, 464.8432608491132, 29.682716923076928, 2.0615384615384613, 1.4461538461538461, 247.52307692307693
723, 464.43776338114066, 30.450946153846143, 2.8461538461538463, 2.2, 248.3230769230769
724, 464.03226591316815, 30.31953999999998, 2.753846153846154, 2.076923076923077, 248.04615384615386
725, 463.62676844519564, 29.6514523076923, 1.9384615384615385, 1.4615384615384615, 247.4923076923077
726, 463.22127097722307, 30.084736923076907, 2.476923076923077, 1.8, 248.13846153846154
727, 462.81577350925056, 30.041686153846147, 2.3692307692307693, 1.676923076923077, 248.6769230769231
728, 462.41027604127805, 30.336407692307684, 2.6923076923076925, 1.9846153846153847, 248.83076923076922
729, 462.0047785733055, 30.3610569230769, 2.6615384615384614, 2.0153846153846153, 248.96923076923076
730, 461.599281105333, 29.994139999999987, 2.292307692307692, 1.676923076923077, 248.46153846153845
731, 461.19378363736047, 29.851181538461525, 2.0307692307692307, 1.476923076923077, 248.92307692307693
732, 460.7882861693879, 30.228769230769217, 2.4615384615384617, 1.876923076923077, 249.04615384615386
733, 460.3827887014154, 30.091787692307683, 2.276923076923077, 1.7076923076923076, 249.2
734, 459.9772912334429, 30.09721538461538, 2.3076923076923075, 1.6923076923076923, 249.24615384615385
735, 459.5717937654703, 30.41187384615383, 2.646153846153846, 2.076923076923077, 249.13846153846154
736, 459.1662962974978, 30.79068461538461, 3.0, 2.353846153846154, 250.1076923076923
737, 458.76079882952524, 29.87487999999998, 1.9692307692307693, 1.476923076923077, 249.2923076923077
738, 458.35530136155273, 30.001121538461536, 2.169230769230769, 1.5692307692307692, 249.4
739, 457.9498038935802, 30.026459999999993, 2.169230769230769, 1.6153846153846154, 249.3846153846154
740, 457.54430642560766, 30.57721538461538, 2.769230769230769, 2.1076923076923078, 250.1076923076923
741, 457.13880895763515, 30.31072, 2.3384615384615386, 1.8461538461538463, 250.24615384615385
742, 456.73331148966264, 30.358413846153837, 2.476923076923077, 1.9076923076923078, 249.98461538461538
743, 456.3278140216901, 30.395812307692296, 2.4923076923076923, 1.876923076923077, 250.43076923076924
744, 455.92231655371756, 30.158967692307673, 2.169230769230769, 1.5692307692307692, 250.7846153846154
745, 455.51681908574506, 30.930896923076897, 3.0307692307692307, 2.3230769230769233, 251.41538461538462
746, 455.1113216177725, 29.69214307692307, 1.646153846153846, 1.1538461538461537, 250.2
747, 454.7058241498, 30.575943076923068, 2.5692307692307694, 1.9384615384615385, 251.4923076923077
748, 454.30032668182747, 30.557358461538445, 2.5692307692307694, 1.876923076923077, 251.64615384615385
749, 453.8948292138549, 29.891949230769228, 1.7384615384615385, 1.2769230769230768, 251.07692307692307
750, 453.4893317458824, 29.644301538461534, 1.4461538461538461, 1.0307692307692307, 250.93846153846152
751, 453.0838342779099, 30.769167692307683, 2.6307692307692307, 2.2153846153846155, 251.6
752, 452.6783368099373, 30.467946153846142, 2.230769230769231, 1.8461538461538463, 251.90769230769232
753, 452.2728393419648, 30.272067692307687, 2.0923076923076924, 1.6307692307692307, 251.66153846153847
754, 451.8673418739923, 30.23878923076921, 2.1076923076923078, 1.5692307692307692, 251.64615384615385
755, 451.46184440601974, 30.542699999999993, 2.3846153846153846, 1.7846153846153847, 252.47692307692307
756, 451.0563469380472, 30.333076923076916, 2.1538461538461537, 1.6615384615384616, 251.87692307692308
757, 450.6508494700747, 29.99760769230769, 1.7692307692307692, 1.2769230769230768, 251.92307692307693
758, 450.24535200210215, 30.798836923076916, 2.707692307692308, 2.0923076923076924, 252.2923076923077
759, 449.83985453412964, 30.62578307692307, 2.476923076923077, 1.9538461538461538, 252.09230769230768
760, 449.43435706615713, 29.77747999999998, 1.5076923076923077, 1.0769230769230769, 251.7076923076923
761, 449.02885959818457, 30.544741538461533, 2.4307692307692306, 1.8153846153846154, 252.2153846153846
762, 448.62336213021206, 30.5814323076923, 2.4461538461538463, 1.8461538461538463, 252.33846153846153
763, 448.2178646622395, 30.032187692307694, 1.8153846153846154, 1.2615384615384615, 252.1846153846154
764, 447.812367194267, 30.2454723076923, 2.046153846153846, 1.6, 251.7076923076923
765, 447.4068697262945, 30.607127692307678, 2.4153846153846152, 1.9384615384615385, 252.16923076923078
766, 447.0013722583219, 30.11626615384614, 1.9538461538461538, 1.4, 251.84615384615384
767, 446.5958747903494, 30.634953846153824, 2.4615384615384617, 1.9384615384615385, 252.2923076923077
768, 446.1903773223769, 30.46687538461537, 2.3230769230769233, 1.7076923076923076, 252.36923076923077
769, 445.7848798544043, 30.356993846153824, 2.2153846153846155, 1.676923076923077, 251.84615384615384
770, 445.3793823864318, 30.2148723076923, 2.046153846153846, 1.5538461538461539, 251.6769230769231
771, 444.9738849184593, 30.631421538461527, 2.5538461538461537, 1.8615384615384616, 252.41538461538462
772, 444.56838745048674, 30.157319999999988, 2.0307692307692307, 1.4307692307692308, 251.84615384615384
773, 444.16288998251423, 30.087253846153846, 1.9230769230769231, 1.3692307692307693, 251.83076923076922
774, 443.7573925145417, 30.372664615384604, 2.276923076923077, 1.7230769230769232, 251.58461538461538
775, 443.35189504656915, 30.98793692307691, 2.9384615384615387, 2.246153846153846, 252.55384615384617
776, 442.94639757859665, 30.59402307692305, 2.5384615384615383, 1.8923076923076922, 251.96923076923076
777, 442.54090011062414, 30.47319076923076, 2.4, 1.8615384615384616, 251.43076923076924
778, 442.13540264265157, 30.672743076923073, 2.5692307692307694, 2.0615384615384613, 251.7076923076923
779, 441.72990517467906, 30.649752307692285, 2.6307692307692307, 2.0, 251.66153846153847
780, 441.32440770670655, 30.27533999999999, 2.1384615384615384, 1.6307692307692307, 251.56923076923076
781, 440.918910238734, 30.64225846153844, 2.646153846153846, 1.9076923076923078, 252.03076923076924
782, 440.5134127707615, 29.7301523076923, 1.5538461538461539, 1.0923076923076922, 251.09230769230768
783, 440.10791530278897, 30.233292307692285, 2.1538461538461537, 1.5692307692307692, 251.47692307692307
784, 439.7024178348164, 30.85126923076922, 2.8461538461538463, 2.123076923076923, 252.23076923076923
785, 439.2969203668439, 30.226276923076913, 2.1538461538461537, 1.5692307692307692, 251.41538461538462
786, 438.8914228988714, 30.03133076923075, 2.076923076923077, 1.4615384615384615, 250.46153846153845
787, 438.4859254308988, 30.23922461538461, 2.2153846153846155, 1.6615384615384616, 250.8923076923077
788, 438.0804279629263, 30.4044523076923, 2.4, 1.7384615384615385, 251.46153846153845
789, 437.67493049495374, 30.43100307692306, 2.4307692307692306, 1.8307692307692307, 251.13846153846154
790, 437.26943302698123, 30.615441538461518, 2.6615384615384614, 2.123076923076923, 250.64615384615385
791, 436.8639355590087, 30.392489230769225, 2.4923076923076923, 1.7846153846153847, 250.87692307692308
792, 436.45843809103616, 30.262198461538446, 2.3230769230769233, 1.7384615384615385, 250.41538461538462
793, 436.05294062306365, 29.768115384615374, 1.7692307692307692, 1.2923076923076924, 249.83076923076922
794, 435.64744315509114, 30.059539999999988, 2.1384615384615384, 1.523076923076923, 250.23076923076923
795, 435.2419456871186, 30.2833923076923, 2.3846153846153846, 1.8, 250.12307692307692
796, 434.83644821914606, 30.265592307692298, 2.3846153846153846, 1.7846153846153847, 250.04615384615386
797, 434.43095075117355, 30.215819999999983, 2.2615384615384615, 1.8461538461538463, 249.6153846153846
798, 434.025453283201, 29.374270769230765, 1.2923076923076924, 0.9538461538461539, 249.36923076923077
799, 433.6199558152285, 30.339338461538443, 2.4615384615384617, 1.9846153846153847, 249.46153846153845
800, 433.21445834725597, 30.034284615384614, 2.076923076923077, 1.7384615384615385, 249.06153846153848
801, 432.8089608792834, 29.59419846153844, 1.8615384615384616, 1.2, 248.53846153846155
802, 432.4034634113109, 29.772284615384596, 2.076923076923077, 1.4923076923076923, 248.03076923076924
803, 431.9979659433384, 30.387538461538444, 2.769230769230769, 2.0923076923076924, 248.52307692307693
804, 431.5924684753658, 30.063403076923063, 2.4307692307692306, 1.7692307692307692, 248.23076923076923
805, 431.1869710073933, 29.896115384615378, 2.230769230769231, 1.7384615384615385, 247.44615384615383
806, 430.7814735394208, 30.189938461538443, 2.6153846153846154, 2.046153846153846, 247.43076923076924
807, 430.37597607144824, 29.947623076923065, 2.3846153846153846, 1.7538461538461538, 247.41538461538462
808, 429.9704786034757, 29.658101538461533, 2.2153846153846155, 1.523076923076923, 246.5076923076923
809, 429.5649811355032, 29.62879076923075, 2.246153846153846, 1.6307692307692307, 245.6153846153846
810, 429.15948366753065, 29.737116923076915, 2.3692307692307693, 1.8153846153846154, 245.2923076923077
811, 428.75398619955814, 29.459113846153834, 2.246153846153846, 1.5538461538461539, 244.52307692307693
812, 428.3484887315856, 29.574735384615376, 2.3384615384615386, 1.676923076923077, 244.66153846153847
813, 427.94299126361307, 29.926039999999986, 2.6769230769230767, 2.1538461538461537, 244.4
814, 427.53749379564056, 29.656778461538455, 2.3692307692307693, 1.9384615384615385, 243.95384615384614
815, 427.131996327668, 29.003489230769226, 1.7230769230769232, 1.3846153846153846, 242.76923076923077
816, 426.7264988596955, 29.413483076923075, 2.246153846153846, 1.8615384615384616, 242.53846153846155
817, 426.321001391723, 29.66708153846154, 2.5692307692307694, 2.123076923076923, 242.56923076923076
818, 425.9155039237504, 29.216764615384616, 2.2, 1.8307692307692307, 241.09230769230768
819, 425.5100064557779, 29.221581538461546, 2.3384615384615386, 1.8461538461538463, 240.69230769230768
820, 425.1045089878054, 28.817744615384598, 1.9384615384615385, 1.6307692307692307, 239.30769230769232
821, 424.6990115198328, 28.81475230769229, 2.3230769230769233, 1.7076923076923076, 237.87692307692308
822, 424.2935140518603, 28.618146153846155, 2.076923076923077, 1.6923076923076923, 236.87692307692308
823, 423.8880165838878, 29.67874307692307, 3.646153846153846, 2.753846153846154, 236.6
824, 423.48251911591524, 28.061090769230756, 2.0153846153846153, 1.3692307692307693, 233.8153846153846
825, 423.07702164794273, 27.704189230769217, 1.8, 1.1846153846153846, 232.2
826, 422.6715241799702, 27.29657230769232, 1.5076923076923077, 1.123076923076923, 229.7076923076923
827, 422.26602671199765, 27.611523076923074, 2.3076923076923075, 1.353846153846154, 229.1846153846154
828, 421.86052924402514, 27.43090923076923, 2.292307692307692, 1.523076923076923, 226.76923076923077
829, 421.45503177605264, 26.681709230769233, 1.8307692307692307, 0.9538461538461539, 224.33846153846153
830, 421.04953430808007, 26.678172307692304, 1.9692307692307693, 1.2, 222.6769230769231
831, 420.64403684010756, 27.17802153846154, 2.5538461538461537, 1.7538461538461538, 222.6769230769231
832, 420.23853937213505, 26.112203076923077, 1.5076923076923077, 1.0923076923076922, 219.47692307692307
833, 419.8330419041625, 26.170367692307693, 2.0153846153846153, 1.2615384615384615, 217.7846153846154
834, 419.42754443619, 26.21511076923077, 2.276923076923077, 1.4615384615384615, 216.46153846153845
835, 419.02204696821747, 26.068635384615384, 2.2615384615384615, 1.3692307692307693, 215.69230769230768
836, 418.6165495002449, 25.954501538461535, 2.2153846153846155, 1.5538461538461539, 213.86153846153846
837, 418.2110520322724, 25.647284615384617, 2.230769230769231, 1.3692307692307693, 212.07692307692307
838, 417.8055545642998, 25.44796307692308, 2.0615384615384613, 1.4923076923076923, 210.13846153846154
839, 417.4000570963273, 25.525290769230764, 2.476923076923077, 1.523076923076923, 209.56923076923076
840, 416.9945596283548, 25.202267692307693, 2.246153846153846, 1.5384615384615385, 207.26153846153846
841, 416.58906216038224, 24.685166153846144, 2.0307692307692307, 1.2153846153846153, 204.95384615384614
842, 416.18356469240973, 24.590701538461534, 2.0615384615384613, 1.3076923076923077, 203.56923076923076
843, 415.7780672244372, 24.964747692307686, 2.830769230769231, 1.7384615384615385, 202.6153846153846
844, 415.37256975646466, 24.73899692307692, 2.646153846153846, 1.8153846153846154, 200.72307692307692
845, 414.96707228849215, 23.663224615384618, 1.7538461538461538, 1.0615384615384615, 197.5076923076923
846, 414.56157482051964, 24.038619999999998, 2.2615384615384615, 1.6307692307692307, 196.53846153846155
847, 414.1560773525471, 23.885339999999992, 2.292307692307692, 1.4615384615384615, 195.98461538461538
848, 413.75057988457456, 23.68881846153847, 2.123076923076923, 1.646153846153846, 193.75384615384615
849, 413.34508241660205, 23.26081846153846, 2.4307692307692306, 1.1846153846153846, 191.56923076923076
850, 412.9395849486295, 23.25304, 2.523076923076923, 1.476923076923077, 189.75384615384615
851, 412.534087480657, 22.707292307692303, 2.0, 1.0615384615384615, 188.47692307692307
852, 412.12859001268447, 22.791883076923074, 2.246153846153846, 1.4, 186.83076923076922
853, 411.7230925447119, 22.832218461538456, 2.4307692307692306, 1.6615384615384616, 185.35384615384615
854, 411.3175950767394, 22.00989538461539, 1.6615384615384616, 1.1692307692307693, 182.69230769230768
855, 410.9120976087669, 22.562938461538465, 2.6153846153846154, 1.6615384615384616, 182.5076923076923
856, 410.5066001407943, 22.45311692307692, 2.6769230769230767, 1.7538461538461538, 180.90769230769232
857, 410.1011026728218, 21.57096461538461, 1.8923076923076922, 1.1076923076923078, 178.55384615384617
858, 409.6956052048493, 21.559366153846156, 2.0307692307692307, 1.2923076923076924, 177.13846153846154
859, 409.29010773687673, 21.519132307692313, 2.2153846153846155, 1.353846153846154, 175.98461538461538
860, 408.8846102689042, 20.969063076923078, 1.8307692307692307, 1.1384615384615384, 173.27692307692308
861, 408.4791128009317, 20.965081538461543, 2.1076923076923078, 1.4, 171.16923076923078
862, 408.07361533295915, 20.72148000000001, 1.9692307692307693, 1.3692307692307693, 169.55384615384617
863, 407.66811786498664, 20.086433846153845, 1.5076923076923077, 1.0153846153846153, 167.01538461538462
864, 407.2626203970141, 20.69366615384616, 2.2615384615384615, 1.8153846153846154, 166.24615384615385
865, 406.85712292904157, 20.28495692307693, 2.4307692307692306, 1.4153846153846155, 164.27692307692308
866, 406.45162546106906, 20.241736923076925, 2.476923076923077, 1.5692307692307692, 162.98461538461538
867, 406.0461279930965, 19.269230769230777, 1.5384615384615385, 0.8923076923076924, 160.4
868, 405.640630525124, 18.985813846153853, 1.4, 0.8923076923076924, 158.27692307692308
869, 405.2351330571515, 20.217230769230767, 3.076923076923077, 2.0615384615384613, 158.66153846153847
870, 404.8296355891789, 19.311264615384616, 2.276923076923077, 1.523076923076923, 155.58461538461538
871, 404.4241381212064, 18.492127692307694, 1.8, 1.0307692307692307, 152.1846153846154
872, 404.0186406532339, 18.31994461538462, 1.7846153846153847, 1.0769230769230769, 150.47692307692307
873, 403.6131431852613, 18.63319846153846, 2.476923076923077, 1.5538461538461539, 148.95384615384614
874, 403.2076457172888, 17.723775384615386, 1.6307692307692307, 1.1076923076923078, 145.4923076923077
875, 402.8021482493163, 17.683996923076926, 2.0307692307692307, 1.123076923076923, 144.01538461538462
876, 402.39665078134374, 17.499830769230773, 2.0, 1.353846153846154, 141.2923076923077
877, 401.9911533133712, 17.14059076923077, 1.9384615384615385, 1.2153846153846153, 139.01538461538462
878, 401.5856558453987, 17.174835384615385, 2.1076923076923078, 1.4923076923076923, 137.44615384615383
879, 401.18015837742615, 17.151955384615384, 2.292307692307692, 1.646153846153846, 135.96923076923076
880, 400.77466090945364, 16.239943076923083, 1.4923076923076923, 1.0615384615384615, 133.07692307692307
881, 400.36916344148113, 16.753435384615383, 2.723076923076923, 1.476923076923077, 132.2153846153846
882, 399.96366597350857, 16.483769230769234, 2.6153846153846154, 1.5384615384615385, 129.8153846153846
883, 399.55816850553606, 16.366784615384613, 2.6153846153846154, 1.5692307692307692, 128.63076923076923
884, 399.15267103756355, 15.621567692307687, 1.8615384615384616, 1.2153846153846153, 125.8923076923077
885, 398.747173569591, 15.394327692307693, 1.9538461538461538, 1.1846153846153846, 123.81538461538462
886, 398.3416761016185, 15.591058461538466, 2.3384615384615386, 1.6615384615384616, 122.07692307692308
887, 397.9361786336459, 15.801290769230771, 2.7846153846153845, 1.9538461538461538, 121.24615384615385
888, 397.5306811656734, 14.45158769230769, 1.5076923076923077, 1.0307692307692307, 117.50769230769231
889, 397.1251836977009, 14.80891692307692, 2.2153846153846155, 1.353846153846154, 117.12307692307692
890, 396.7196862297283, 14.512776923076922, 2.076923076923077, 1.4307692307692308, 114.49230769230769
891, 396.3141887617558, 14.359198461538464, 2.169230769230769, 1.4, 113.06153846153846
892, 395.9086912937833, 14.079838461538467, 2.076923076923077, 1.4461538461538461, 110.61538461538461
893, 395.50319382581074, 13.729980000000008, 2.046153846153846, 1.2153846153846153, 108.81538461538462
894, 395.09769635783823, 13.277233846153848, 1.6615384615384616, 1.1538461538461537, 106.16923076923077
895, 394.6921988898657, 13.612738461538463, 2.3076923076923075, 1.5846153846153845, 105.2
896, 394.28670142189316, 13.086680000000003, 1.8153846153846154, 1.476923076923077, 102.43076923076923
897, 393.88120395392065, 12.69975846153846, 2.1076923076923078, 1.123076923076923, 100.0923076923077
898, 393.47570648594814, 12.366543076923076, 1.8, 1.1692307692307693, 97.73846153846154
899, 393.07020901797557, 12.23432307692308, 1.8461538461538463, 1.2461538461538462, 96.06153846153846
900, 392.66471155000306, 12.241649230769232, 2.123076923076923, 1.5538461538461539, 93.81538461538462
901, 392.25921408203055, 11.37425230769231, 1.6307692307692307, 0.9692307692307692, 90.50769230769231
902, 391.853716614058, 11.36102153846154, 1.7846153846153847, 1.2, 88.8
903, 391.4482191460855, 11.578607692307687, 2.230769230769231, 1.6153846153846154, 87.4
904, 391.04272167811297, 10.554392307692309, 1.3076923076923077, 1.0307692307692307, 83.84615384615384
905, 390.6372242101404, 11.422347692307694, 2.523076923076923, 1.8307692307692307, 84.15384615384616
906, 390.2317267421679, 10.557741538461537, 1.8153846153846154, 1.2769230769230768, 81.27692307692308
907, 389.8262292741954, 10.635286153846154, 2.2153846153846155, 1.3846153846153846, 80.35384615384615
908, 389.4207318062228, 10.45997846153846, 2.2153846153846155, 1.4923076923076923, 78.26153846153846
909, 389.0152343382503, 10.469338461538458, 2.4615384615384617, 1.7384615384615385, 76.43076923076923
910, 388.6097368702778, 9.98520923076923, 2.2153846153846155, 1.523076923076923, 73.93846153846154
911, 388.20423940230523, 10.054429230769236, 2.476923076923077, 1.6153846153846154, 73.38461538461539
912, 387.7987419343327, 9.370012307692308, 1.876923076923077, 1.3076923076923077, 70.53846153846153
913, 387.39324446636016, 9.40268923076923, 2.1846153846153844, 1.4307692307692308, 69.38461538461539
914, 386.98774699838765, 9.401115384615387, 2.230769230769231, 1.6615384615384616, 68.06153846153846
915, 386.58224953041514, 8.774333846153846, 1.7384615384615385, 1.2, 66.23076923076923
916, 386.1767520624426, 8.898006153846156, 1.9384615384615385, 1.5538461538461539, 64.96923076923076
917, 385.77125459447007, 8.799889230769233, 2.1846153846153844, 1.4615384615384615, 63.93846153846154
918, 385.36575712649756, 8.47499076923077, 1.9384615384615385, 1.4307692307692308, 61.89230769230769
919, 384.960259658525, 7.947723076923077, 1.6923076923076923, 1.1538461538461537, 59.33846153846154
920, 384.5547621905525, 7.541790769230769, 1.476923076923077, 1.0769230769230769, 56.738461538461536
921, 384.14926472257997, 8.093173846153844, 2.2615384615384615, 1.6615384615384616, 56.50769230769231
922, 383.7437672546074, 7.41920923076923, 1.6, 1.4, 53.676923076923075
923, 383.3382697866349, 7.981807692307692, 2.6923076923076925, 1.876923076923077, 53.292307692307695
924, 382.9327723186624, 7.1456969230769225, 1.9538461538461538, 1.476923076923077, 49.95384615384615
925, 382.5272748506898, 7.56318, 2.6615384615384614, 1.8307692307692307, 49.93846153846154
926, 382.1217773827173, 6.60295076923077, 1.7230769230769232, 1.1538461538461537, 47.46153846153846
927, 381.7162799147448, 6.840510769230769, 2.123076923076923, 1.4923076923076923, 46.753846153846155
928, 381.31078244677224, 6.992856923076924, 2.353846153846154, 1.7538461538461538, 46.13846153846154
929, 380.9052849787997, 6.350430769230769, 1.8461538461538463, 1.2615384615384615, 44.36923076923077
930, 380.4997875108272, 6.3522430769230755, 1.876923076923077, 1.4461538461538461, 43.353846153846156
931, 380.09429004285465, 6.521038461538464, 2.230769230769231, 1.646153846153846, 42.87692307692308
932, 379.68879257488214, 6.467070769230771, 2.2153846153846155, 1.6307692307692307, 42.52307692307692
933, 379.28329510690963, 5.924526153846154, 1.8153846153846154, 1.2, 41.03076923076923
934, 378.87779763893707, 5.7585907692307705, 1.6307692307692307, 1.1846153846153846, 40.13846153846154
935, 378.47230017096456, 5.852793846153848, 2.0615384615384613, 1.2153846153846153, 39.676923076923075
936, 378.06680270299205, 6.348044615384616, 2.6307692307692307, 1.7692307692307692, 39.676923076923075
937, 377.6613052350195, 5.824601538461537, 2.292307692307692, 1.2769230769230768, 38.50769230769231
938, 377.255807767047, 5.711096923076923, 2.1076923076923078, 1.353846153846154, 37.6
939, 376.8503102990744, 5.664650769230769, 2.2615384615384615, 1.3846153846153846, 36.63076923076923
940, 376.4448128311019, 5.799387692307693, 2.4307692307692306, 1.6923076923076923, 35.784615384615385
941, 376.0393153631294, 5.700106153846153, 2.3230769230769233, 1.7692307692307692, 34.8
942, 375.6338178951568, 5.465267692307691, 2.246153846153846, 1.5846153846153845, 33.89230769230769
943, 375.2283204271843, 5.5666061538461555, 2.5538461538461537, 1.7230769230769232, 33.261538461538464
944, 374.8228229592118, 5.167418461538461, 2.123076923076923, 1.6, 31.523076923076925
945, 374.41732549123924, 5.397304615384614, 2.953846153846154, 1.7538461538461538, 30.56923076923077
946, 374.01182802326673, 4.712835384615385, 2.2615384615384615, 1.4153846153846155, 28.123076923076923
947, 373.6063305552942, 4.563516923076923, 2.3692307692307693, 1.2615384615384615, 27.323076923076922
948, 373.20083308732166, 4.4793123076923065, 2.2615384615384615, 1.4, 26.153846153846153
949, 372.79533561934915, 4.796867692307693, 2.707692307692308, 1.8153846153846154, 25.630769230769232
950, 372.38983815137664, 4.256413846153847, 2.169230769230769, 1.5692307692307692, 23.56923076923077
951, 371.98434068340407, 4.332083076923077, 2.5538461538461537, 1.6307692307692307, 22.907692307692308
952, 371.57884321543156, 4.162004615384615, 2.5692307692307694, 1.5692307692307692, 21.692307692307693
953, 371.17334574745905, 4.392806153846154, 3.169230769230769, 1.7076923076923076, 21.43076923076923
954, 370.7678482794865, 3.769383076923079, 2.476923076923077, 1.2461538461538462, 20.153846153846153
955, 370.362350811514, 3.8028615384615394, 2.6153846153846154, 1.4, 19.29230769230769
956, 369.95685334354147, 3.8883107692307703, 2.7384615384615385, 1.476923076923077, 19.323076923076922
957, 369.5513558755689, 4.173255384615383, 2.9846153846153847, 2.046153846153846, 18.246153846153845
958, 369.1458584075964, 3.9606215384615377, 2.707692307692308, 1.9384615384615385, 17.661538461538463
959, 368.7403609396239, 4.305575384615384, 3.169230769230769, 2.353846153846154, 17.338461538461537
960, 368.3348634716513, 3.263747692307691, 2.0615384615384613, 1.4, 16.015384615384615
961, 367.9293660036788, 3.5694800000000004, 2.5846153846153848, 1.8307692307692307, 15.107692307692307
962, 367.52386853570624, 3.770193846153848, 2.830769230769231, 1.9846153846153847, 15.430769230769231
963, 367.11837106773373, 3.919024615384618, 2.9846153846153847, 2.1538461538461537, 15.461538461538462
964, 366.7128735997612, 3.0872015384615383, 1.9846153846153847, 1.4461538461538461, 14.430769230769231
965, 366.30737613178866, 3.5769046153846156, 2.646153846153846, 1.9076923076923078, 14.615384615384615
966, 365.90187866381615, 3.2402307692307697, 2.3076923076923075, 1.5692307692307692, 14.292307692307693
967, 365.49638119584364, 3.325855384615384, 2.6769230769230767, 1.6615384615384616, 13.6
968, 365.0908837278711, 3.1034061538461537, 2.4, 1.4923076923076923, 13.246153846153845
969, 364.68538625989856, 3.5928769230769237, 2.769230769230769, 2.230769230769231, 12.76923076923077
970, 364.27988879192606, 3.8155876923076923, 3.046153846153846, 2.4153846153846152, 13.046153846153846
971, 363.8743913239535, 3.59977846153846, 2.830769230769231, 2.276923076923077, 12.430769230769231
972, 363.468893855981, 3.4523953846153845, 2.6615384615384614, 2.1538461538461537, 12.215384615384615
973, 363.06339638800847, 2.9906553846153847, 2.830769230769231, 1.523076923076923, 10.96923076923077
974, 362.6578989200359, 3.081958461538461, 2.876923076923077, 1.646153846153846, 11.015384615384615
975, 362.2524014520634, 3.238799999999998, 3.076923076923077, 1.7846153846153847, 11.153846153846153
976, 361.8469039840909, 3.4080138461538465, 3.246153846153846, 1.9538461538461538, 11.323076923076924
977, 361.4414065161183, 3.1125723076923073, 2.8923076923076922, 1.9384615384615385, 9.738461538461538
978, 361.0359090481458, 2.9895076923076926, 2.769230769230769, 1.8153846153846154, 9.615384615384615
979, 360.6304115801733, 2.871826153846154, 2.6615384615384614, 1.7384615384615385, 9.261538461538462
980, 360.22491411220074, 3.210253846153847, 3.0, 2.076923076923077, 9.6
981, 359.8194166442282, 2.5531692307692317, 2.3076923076923075, 1.4923076923076923, 8.661538461538461
982, 359.4139191762557, 2.6889384615384624, 2.4615384615384617, 1.6153846153846154, 8.815384615384616
983, 359.00842170828315, 3.3651307692307704, 3.1538461538461537, 2.292307692307692, 9.446153846153846
984, 358.60292424031064, 3.5189615384615394, 3.3076923076923075, 2.4461538461538463, 9.6
985, 358.19742677233813, 3.4343676923076942, 3.246153846153846, 2.3692307692307693, 9.415384615384616
986, 357.79192930436557, 2.880576923076924, 2.6923076923076925, 1.8153846153846154, 8.861538461538462
987, 357.38643183639306, 2.5495476923076916, 2.3692307692307693, 1.5384615384615385, 8.23076923076923
988, 356.9809343684205, 3.0943076923076918, 2.923076923076923, 2.076923076923077, 8.784615384615385
989, 356.575436900448, 3.0538738461538464, 2.953846153846154, 2.046153846153846, 8.507692307692308
990, 356.1699394324755, 2.788687692307692, 2.6615384615384614, 1.8, 8.215384615384615
991, 355.7644419645029, 3.2251030769230757, 3.123076923076923, 2.230769230769231, 8.615384615384615
992, 355.3589444965304, 3.071272307692308, 2.9692307692307693, 2.076923076923077, 8.461538461538462
993, 354.9534470285579, 2.89499076923077, 2.707692307692308, 1.876923076923077, 8.63076923076923
994, 354.5479495605853, 3.162855384615385, 2.9846153846153847, 2.1384615384615384, 8.907692307692308
995, 354.1424520926128, 3.214693846153847, 3.0615384615384613, 2.1846153846153844, 8.923076923076923
996, 353.7369546246403, 2.4064307692307683, 2.1538461538461537, 1.4461538461538461, 8.015384615384615
997, 353.33145715666774, 3.6644769230769234, 3.5384615384615383, 2.6153846153846154, 9.4
