Extraction [ img/s4/seq3/mys3.jpg ] effectuee 2026-05-28 17:44:50.882411
Calibration: -0.2664195129856975*x + 663.5294963737288 [largueur 2619 + 934]

pixel, longueur d'onde, intensite, r, g, b
0, 663.5294963737288, 85.86395699999998, 169.93, 44.38, 79.13
1, 663.263076860743, 86.885164, 171.66, 44.93, 80.72
2, 662.9966573477574, 86.532426, 171.34, 44.56, 80.37
3, 662.7302378347716, 86.490548, 171.72, 44.2, 80.86
4, 662.463818321786, 87.42979200000003, 172.78, 45.07, 81.84
5, 662.1973988088002, 88.35912900000001, 175.11, 45.09, 83.78
6, 661.9309792958146, 87.636366, 174.44, 44.33, 83.11
7, 661.6645597828289, 88.81922100000003, 176.09, 45.2, 84.68
8, 661.3981402698432, 89.82509899999997, 177.11, 46.2, 85.68
9, 661.1317207568575, 90.42373299999997, 178.87, 46.11, 86.78
10, 660.8653012438718, 89.65103700000007, 178.13, 45.32, 86.01
11, 660.5988817308861, 90.80523200000002, 180.38, 45.69, 88.33
12, 660.3324622179003, 91.06243300000004, 180.67, 45.93, 88.59
13, 660.0660427049147, 91.91416100000001, 182.49, 46.06, 90.62
14, 659.799623191929, 92.314121, 182.89, 46.46, 91.02
15, 659.5332036789433, 92.79371899999998, 184.81, 46.01, 92.51
16, 659.2667841659576, 93.120805, 185.15, 46.33, 92.84
17, 659.0003646529719, 93.47905799999998, 186.42, 46.08, 93.94
18, 658.7339451399862, 93.76511600000002, 186.74, 46.35, 94.22
19, 658.4675256270006, 94.10799400000002, 187.66, 46.32, 94.97
20, 658.2011061140148, 93.97990200000004, 187.58, 46.16, 94.88
21, 657.9346866010292, 94.597138, 189.12, 46.07, 96.72
22, 657.6682670880434, 94.537406, 189.14, 45.96, 96.71
23, 657.4018475750577, 95.13801100000002, 190.69, 45.99, 97.76
24, 657.135428062072, 95.19800500000001, 190.75, 46.05, 97.82
25, 656.8690085490863, 96.37224599999995, 192.84, 46.59, 99.86
26, 656.6025890361007, 96.79530099999994, 193.29, 47.0, 100.28
27, 656.3361695231149, 97.16595599999997, 194.84, 46.58, 101.63
28, 656.0697500101293, 97.00629599999996, 194.74, 46.39, 101.47
29, 655.8033304971435, 97.85779699999999, 197.03, 46.29, 103.45
30, 655.5369109841579, 97.44691399999998, 196.66, 45.86, 103.03
31, 655.2704914711721, 97.842269, 198.31, 45.47, 104.18
32, 655.0040719581864, 97.65940599999996, 198.14, 45.28, 104.0
33, 654.7376524452008, 97.73537799999997, 199.12, 44.79, 104.62
34, 654.471232932215, 97.285423, 198.67, 44.34, 104.17
35, 654.2048134192294, 96.94352900000004, 198.71, 43.71, 104.31
36, 653.9383939062436, 97.08980099999995, 198.99, 43.77, 104.55
37, 653.671974393258, 97.87819900000001, 201.61, 43.41, 106.45
38, 653.4055548802722, 97.93469599999999, 201.84, 43.36, 106.6
39, 653.1391353672866, 97.39251700000001, 201.83, 42.49, 106.35
40, 652.8727158543008, 97.422514, 201.86, 42.52, 106.38
41, 652.6062963413152, 97.738155, 203.05, 42.31, 107.11
42, 652.3398768283295, 97.71815700000003, 203.03, 42.29, 107.09
43, 652.0734573153437, 98.18233499999998, 204.65, 42.05, 108.15
44, 651.8070378023581, 97.90236300000002, 204.37, 41.77, 107.87
45, 651.5406182893723, 98.15215699999997, 205.93, 41.24, 108.7
46, 651.2741987763867, 97.67220499999998, 205.45, 40.76, 108.22
47, 651.007779263401, 98.00586999999997, 207.0, 40.31, 109.4
48, 650.7413597504153, 97.93131699999999, 206.93, 40.24, 109.29
49, 650.4749402374296, 97.92384999999999, 208.0, 39.63, 109.56
50, 650.2085207244439, 97.82108699999999, 207.93, 39.51, 109.46
51, 649.9421012114582, 97.82803499999996, 208.35, 39.24, 109.81
52, 649.6756816984725, 97.78184600000004, 208.34, 39.18, 109.74
53, 649.4092621854868, 98.17603800000002, 210.52, 38.59, 110.52
54, 649.142842672501, 98.14533299999995, 210.57, 38.52, 110.48
55, 648.8764231595154, 98.47069399999998, 211.26, 38.62, 111.01
56, 648.6100036465297, 98.07073399999999, 210.86, 38.22, 110.61
57, 648.343584133544, 98.19539399999998, 211.76, 37.91, 110.94
58, 648.0771646205583, 98.03541000000003, 211.6, 37.75, 110.78
59, 647.8107451075726, 97.46051299999999, 212.17, 36.56, 110.37
60, 647.5443255945869, 98.07056000000006, 212.8, 37.16, 110.98
61, 647.2779060816013, 97.86471500000003, 213.85, 36.23, 111.21
62, 647.0114865686155, 97.33509199999997, 213.38, 35.67, 110.68
63, 646.7450670556299, 97.76584199999999, 215.08, 35.41, 111.34
64, 646.4786475426441, 97.78420700000002, 215.13, 35.41, 111.37
65, 646.2122280296584, 97.87638899999997, 216.21, 34.92, 111.87
66, 645.9458085166727, 97.69309499999991, 216.05, 34.73, 111.66
67, 645.679389003687, 98.29935399999995, 217.16, 35.05, 112.42
68, 645.4129694907014, 98.10361199999997, 217.08, 34.8, 112.2
69, 645.1465499777156, 98.649762, 219.38, 34.4, 113.02
70, 644.88013046473, 97.911578, 218.72, 33.63, 112.24
71, 644.6137109517442, 98.28012500000001, 219.25, 33.92, 112.59
72, 644.3472914387586, 98.03672900000004, 219.01, 33.68, 112.32
73, 644.0808719257728, 98.50112599999994, 220.14, 33.82, 112.71
74, 643.8144524127872, 97.950211, 219.59, 33.28, 112.1
75, 643.5480328998015, 98.69447499999997, 221.25, 33.59, 112.68
76, 643.2816133868157, 98.036991, 220.59, 32.94, 111.99
77, 643.0151938738301, 98.63756599999999, 222.04, 33.05, 112.89
78, 642.7487743608443, 98.46476400000002, 221.86, 32.89, 112.67
79, 642.4823548478587, 98.46125999999998, 222.9, 32.37, 112.59
80, 642.2159353348729, 98.02147399999998, 222.46, 31.94, 112.1
81, 641.9495158218873, 98.50240000000004, 223.3, 32.25, 112.52
82, 641.6830963089016, 98.514849, 223.31, 32.27, 112.5
83, 641.4166767959159, 98.57324599999994, 224.04, 31.99, 112.54
84, 641.1502572829302, 98.42336900000002, 223.91, 31.83, 112.39
85, 640.8838377699444, 99.37395599999996, 225.44, 32.48, 113.37
86, 640.6174182569588, 98.48828199999998, 224.58, 31.58, 112.49
87, 640.350998743973, 99.42198100000002, 225.79, 32.37, 113.44
88, 640.0845792309874, 99.83193999999999, 226.2, 32.78, 113.85
89, 639.8181597180017, 99.79002299999996, 226.37, 32.69, 113.5
90, 639.551740205016, 99.82001999999994, 226.4, 32.72, 113.53
91, 639.2853206920303, 99.92385699999997, 227.23, 32.55, 113.14
92, 639.0189011790446, 99.947445, 227.25, 32.58, 113.14
93, 638.7524816660589, 100.31239799999999, 228.12, 32.85, 112.67
94, 638.4860621530732, 100.23599599999997, 228.04, 32.78, 112.57
95, 638.2196426400875, 100.72950599999999, 229.44, 32.97, 112.25
96, 637.9532231271018, 100.86738199999998, 229.58, 33.12, 112.32
97, 637.6868036141161, 101.36800500000003, 230.55, 33.51, 112.16
98, 637.4203841011304, 101.21932999999994, 230.4, 33.37, 111.97
99, 637.1539645881447, 101.55199500000002, 230.65, 33.79, 112.07
100, 636.887545075159, 102.14414700000002, 231.33, 34.47, 111.98
101, 636.6211255621733, 103.217618, 233.52, 35.17, 112.05
102, 636.3547060491876, 102.853223, 233.17, 34.91, 111.11
103, 636.088286536202, 103.74936800000003, 234.72, 35.56, 111.56
104, 635.8218670232162, 103.663676, 234.64, 35.48, 111.43
105, 635.5554475102306, 104.68320199999995, 236.48, 36.21, 111.79
106, 635.2890279972448, 104.308095, 236.15, 35.84, 111.27
107, 635.0226084842591, 104.99605500000003, 237.75, 36.24, 111.05
108, 634.7561889712734, 104.49840199999996, 237.28, 35.75, 110.44
109, 634.4897694582877, 105.070381, 238.99, 35.91, 110.15
110, 634.2233499453021, 104.75851800000002, 238.72, 35.59, 109.77
111, 633.9569304323163, 104.90537900000001, 240.11, 35.28, 109.01
112, 633.6905109193307, 104.67340000000004, 239.9, 35.05, 108.71
113, 633.4240914063449, 104.93933600000003, 240.94, 35.09, 108.11
114, 633.1576718933593, 104.68447800000006, 240.72, 34.83, 107.79
115, 632.8912523803735, 104.90392100000003, 241.29, 34.9, 107.86
116, 632.6248328673878, 104.92865100000003, 241.49, 34.85, 107.81
117, 632.3584133544022, 106.442142, 244.68, 35.67, 108.5
118, 632.0919938414164, 105.76455500000002, 244.25, 34.89, 107.7
119, 631.8255743284308, 105.97449399999996, 244.96, 34.89, 107.68
120, 631.559154815445, 106.01330499999993, 245.05, 34.92, 107.63
121, 631.2927353024594, 106.36379100000002, 246.39, 34.86, 107.5
122, 631.0263157894736, 106.92254999999997, 247.0, 35.41, 107.97
123, 630.759896276488, 107.08012700000005, 248.03, 35.22, 107.63
124, 630.4934767635023, 107.10345400000006, 248.06, 35.26, 107.55
125, 630.2270572505166, 107.59278600000009, 249.14, 35.6, 107.26
126, 629.9606377375309, 107.00965900000003, 248.81, 34.93, 106.46
127, 629.6942182245452, 107.67590500000006, 249.65, 35.68, 106.24
128, 629.4277987115595, 108.18253999999999, 250.0, 36.26, 106.78
129, 629.1613791985737, 108.67339200000002, 250.58, 36.83, 106.63
130, 628.8949596855881, 108.85614900000002, 250.91, 36.95, 106.75
131, 628.6285401726024, 109.12874400000003, 250.96, 37.42, 106.59
132, 628.3621206596167, 109.02725199999998, 251.08, 37.32, 105.9
133, 628.095701146631, 109.614736, 251.74, 38.01, 105.77
134, 627.8292816336453, 110.578866, 252.44, 39.23, 106.11
135, 627.5628621206596, 110.52911300000004, 252.47, 39.33, 105.08
136, 627.296442607674, 110.72099099999997, 252.49, 39.67, 104.96
137, 627.0300230946882, 111.54479099999992, 253.39, 40.72, 104.42
138, 626.7636035817025, 111.66703599999995, 253.64, 40.9, 103.91
139, 626.4971840687168, 112.00638300000004, 253.77, 41.61, 102.89
140, 626.2307645557311, 112.50368600000002, 254.04, 42.31, 102.94
141, 625.9643450427454, 112.97643900000004, 254.21, 43.19, 102.11
142, 625.6979255297597, 113.23321000000006, 254.2, 43.65, 102.02
143, 625.431506016774, 113.74383200000003, 254.38, 44.57, 101.29
144, 625.1650865037883, 113.98085599999993, 254.54, 44.97, 100.89
145, 624.8986669908027, 114.34323400000007, 254.56, 45.75, 100.0
146, 624.6322474778169, 114.196396, 254.44, 45.66, 99.49
147, 624.3658279648313, 114.632998, 254.42, 46.48, 99.15
148, 624.0994084518455, 114.69691499999993, 254.55, 46.68, 98.34
149, 623.8329889388598, 115.22348099999995, 254.79, 47.55, 97.85
150, 623.5665694258741, 115.00231200000007, 254.78, 47.39, 96.76
151, 623.3001499128884, 115.53833599999996, 254.84, 48.36, 96.31
152, 623.0337303999028, 115.31471699999992, 254.83, 48.19, 95.25
153, 622.767310886917, 115.97066599999998, 254.94, 49.3, 95.0
154, 622.5008913739314, 115.74865000000005, 254.8, 49.23, 93.78
155, 622.2344718609456, 116.63038600000003, 254.84, 50.77, 93.48
156, 621.96805234796, 116.73215499999996, 254.95, 51.0, 92.9
157, 621.7016328349742, 117.59891700000004, 254.93, 52.58, 92.42
158, 621.4352133219886, 117.452486, 254.84, 52.59, 91.32
159, 621.1687938090029, 118.23860600000002, 254.84, 53.97, 91.11
160, 620.9023742960171, 118.68162299999999, 254.97, 54.81, 90.33
161, 620.6359547830315, 119.61479900000002, 254.91, 56.44, 90.28
162, 620.3695352700457, 119.47405700000003, 254.93, 56.46, 88.89
163, 620.1031157570601, 119.860868, 254.92, 57.26, 88.19
164, 619.8366962440743, 120.04336899999998, 254.91, 57.71, 87.5
165, 619.5702767310887, 120.92078499999988, 254.95, 59.13, 87.78
166, 619.303857218103, 121.13089499999985, 254.95, 59.62, 87.1
167, 619.0374377051173, 121.62443999999996, 255.0, 60.48, 86.87
168, 618.7710181921316, 121.58711399999991, 254.96, 60.53, 86.39
169, 618.5045986791458, 122.05675199999996, 254.98, 61.45, 85.72
170, 618.2381791661602, 121.8792759999999, 254.94, 61.37, 84.68
171, 617.9717596531744, 122.22241099999998, 254.99, 62.1, 83.8
172, 617.7053401401888, 122.33973599999999, 254.94, 62.37, 83.57
173, 617.4389206272031, 123.13323499999987, 254.95, 63.74, 83.45
174, 617.1725011142174, 123.10279499999992, 254.95, 63.76, 83.08
175, 616.9060816012317, 123.49102300000004, 254.87, 64.6, 82.37
176, 616.639662088246, 123.65116400000001, 254.96, 64.86, 82.2
177, 616.3732425752603, 124.1161000000001, 254.9, 65.77, 81.75
178, 616.1068230622747, 124.48689300000005, 254.97, 66.3, 82.09
179, 615.8404035492889, 125.11654200000004, 254.98, 67.42, 81.82
180, 615.5739840363033, 125.23673199999999, 254.98, 67.65, 81.69
181, 615.3075645233175, 126.1961, 255.0, 69.28, 81.66
182, 615.0411450103318, 126.31319300000003, 254.97, 69.52, 81.53
183, 614.7747254973461, 127.03444400000004, 254.96, 70.68, 81.91
184, 614.5083059843604, 127.57135000000005, 255.0, 71.45, 82.55
185, 614.2418864713748, 127.96953200000009, 254.98, 72.29, 81.77
186, 613.975466958389, 127.78154300000004, 254.97, 72.07, 81.28
187, 613.7090474454034, 128.34620600000005, 254.84, 73.17, 80.91
188, 613.4426279324176, 128.95817499999998, 254.95, 74.04, 81.51
189, 613.176208419432, 129.79768099999993, 254.99, 75.51, 81.2
190, 612.9097889064462, 129.971285, 254.95, 75.83, 81.18
191, 612.6433693934605, 130.52354999999997, 254.9, 76.94, 80.44
192, 612.3769498804749, 130.92807100000002, 254.99, 77.56, 80.56
193, 612.1105303674891, 131.61454599999993, 254.94, 78.92, 79.71
194, 611.8441108545035, 131.87629199999998, 254.98, 79.33, 79.79
195, 611.5776913415177, 132.33679299999991, 254.97, 80.24, 79.17
196, 611.3112718285321, 132.8511519999999, 254.98, 81.15, 78.97
197, 611.0448523155463, 133.684651, 254.99, 82.66, 78.48
198, 610.7784328025607, 133.929011, 254.99, 83.22, 77.74
199, 610.512013289575, 134.68410200000008, 254.98, 84.56, 77.49
200, 610.2455937765892, 135.42971600000007, 254.94, 85.87, 77.39
201, 609.9791742636036, 136.446412, 254.98, 87.57, 77.45
202, 609.7127547506178, 137.07597000000004, 255.0, 88.71, 77.05
203, 609.4463352376322, 137.77711600000004, 254.94, 90.17, 75.84
204, 609.1799157246464, 138.23224800000003, 254.92, 90.94, 75.92
205, 608.9134962116608, 139.58429299999997, 254.97, 93.28, 75.6
206, 608.647076698675, 139.69300799999996, 254.92, 93.58, 75.14
207, 608.3806571856894, 140.929576, 254.94, 95.69, 75.07
208, 608.1142376727037, 141.48861499999998, 254.95, 96.68, 74.85
209, 607.847818159718, 142.469092, 254.98, 98.37, 74.67
210, 607.5813986467323, 143.060022, 254.98, 99.4, 74.55
211, 607.3149791337466, 144.20573699999997, 254.93, 101.42, 74.33
212, 607.0485596207609, 144.66415300000006, 254.97, 102.2, 74.23
213, 606.7821401077751, 145.76124199999992, 254.98, 104.06, 74.25
214, 606.5157205947895, 146.37358299999994, 254.97, 105.05, 74.55
215, 606.2493010818038, 147.38407299999997, 254.97, 106.82, 74.3
216, 605.9828815688181, 147.975944, 254.96, 107.88, 74.06
217, 605.7164620558324, 149.35582099999993, 254.99, 110.13, 74.5
218, 605.4500425428467, 149.75748099999993, 254.99, 110.89, 74.11
219, 605.183623029861, 150.66823100000013, 254.99, 112.56, 73.5
220, 604.9172035168754, 151.33375400000008, 254.96, 113.61, 74.01
221, 604.6507840038896, 152.19444299999998, 254.97, 115.11, 73.81
222, 604.3843644909039, 152.690126, 254.94, 115.96, 73.86
223, 604.1179449779182, 153.60931999999994, 254.9, 117.69, 73.12
224, 603.8515254649325, 154.307942, 254.98, 118.82, 73.22
225, 603.5851059519468, 155.374926, 254.94, 120.66, 73.21
226, 603.3186864389611, 156.24286999999993, 255.0, 122.11, 73.2
227, 603.0522669259755, 156.99939499999994, 254.95, 123.5, 72.81
228, 602.7858474129897, 157.45832500000003, 254.95, 124.41, 72.15
229, 602.5194279000041, 159.3365129999999, 254.97, 127.38, 73.28
230, 602.2530083870183, 159.79999099999995, 254.99, 128.34, 72.35
231, 601.9865888740327, 160.90443699999992, 254.93, 130.12, 73.03
232, 601.7201693610469, 161.609244, 254.96, 131.42, 72.44
233, 601.4537498480612, 163.1087510000001, 254.99, 133.8, 73.26
234, 601.1873303350756, 163.47533599999994, 254.94, 134.65, 72.23
235, 600.9209108220898, 164.85888200000005, 254.98, 136.94, 72.47
236, 600.6544913091042, 165.395506, 254.94, 137.96, 72.03
237, 600.3880717961184, 166.269034, 254.96, 139.57, 71.35
238, 600.1216522831328, 166.83234299999995, 254.97, 140.61, 70.91
239, 599.855232770147, 167.97600599999998, 254.94, 142.56, 70.98
240, 599.5888132571614, 168.56011699999988, 254.93, 143.7, 70.26
241, 599.3223937441757, 169.39065599999998, 254.94, 145.17, 69.95
242, 599.05597423119, 170.2128749999999, 254.95, 146.62, 69.67
243, 598.7895547182043, 170.92310399999994, 254.96, 147.92, 69.18
244, 598.5231352052185, 171.511895, 254.95, 149.0, 68.81
245, 598.2567156922329, 172.54865500000017, 254.95, 150.84, 68.43
246, 597.9902961792471, 172.86644400000012, 254.96, 151.52, 67.69
247, 597.7238766662615, 173.63392200000007, 254.98, 152.86, 67.47
248, 597.4574571532758, 174.32907700000015, 254.93, 154.06, 67.52
249, 597.1910376402901, 175.2885240000001, 254.96, 155.72, 67.31
250, 596.9246181273044, 175.7014639999999, 254.96, 156.54, 66.71
251, 596.6581986143187, 176.53915399999997, 254.96, 158.07, 66.18
252, 596.391779101333, 177.02786499999993, 254.95, 159.03, 65.55
253, 596.1253595883472, 177.99472399999996, 254.96, 160.74, 65.2
254, 595.8589400753616, 178.2440799999999, 255.0, 161.36, 64.09
255, 595.5925205623759, 178.91411399999987, 254.96, 162.65, 63.43
256, 595.3261010493902, 179.50542999999993, 255.0, 163.67, 63.26
257, 595.0596815364045, 180.4190729999999, 254.97, 165.3, 62.96
258, 594.7932620234188, 180.434503, 254.97, 165.47, 62.22
259, 594.5268425104331, 180.94646200000005, 254.98, 166.44, 61.69
260, 594.2604229974474, 181.099584, 254.96, 166.88, 60.82
261, 593.9940034844617, 181.86678800000013, 254.92, 168.32, 60.24
262, 593.7275839714761, 181.80811400000005, 254.96, 168.39, 59.26
263, 593.4611644584903, 182.8003720000001, 254.98, 170.01, 59.57
264, 593.1947449455047, 183.1378100000001, 255.0, 170.53, 59.8
265, 592.9283254325189, 183.46868199999994, 254.98, 171.3, 58.79
266, 592.6619059195332, 183.858875, 254.95, 171.98, 58.79
267, 592.3954864065475, 184.70180099999993, 254.99, 173.45, 58.51
268, 592.1290668935618, 185.09698999999992, 255.0, 174.19, 58.14
269, 591.8626473805762, 186.05888600000006, 254.94, 175.9, 57.93
270, 591.5962278675904, 186.266853, 254.97, 176.34, 57.41
271, 591.3298083546048, 187.154906, 254.94, 177.94, 57.04
272, 591.063388841619, 187.24782699999997, 254.93, 178.15, 56.8
273, 590.7969693286334, 188.1457049999999, 254.95, 179.65, 56.9
274, 590.5305498156476, 188.20588499999997, 254.95, 179.77, 56.81
275, 590.2641303026619, 188.520738, 254.92, 180.31, 56.87
276, 589.9977107896763, 189.06850900000006, 254.91, 181.19, 57.17
277, 589.7312912766905, 189.55367600000002, 254.94, 182.11, 56.61
278, 589.4648717637049, 189.65340800000004, 254.92, 182.36, 56.25
279, 589.1984522507191, 190.03121499999997, 254.95, 183.0, 56.19
280, 588.9320327377335, 190.51874400000005, 254.96, 183.74, 56.63
281, 588.6656132247477, 190.94131400000003, 254.96, 184.59, 55.96
282, 588.3991937117621, 191.146872, 254.98, 184.93, 55.96
283, 588.1327741987764, 192.14806300000006, 254.97, 186.53, 56.53
284, 587.8663546857906, 192.263353, 254.97, 186.74, 56.46
285, 587.599935172805, 193.12064600000008, 254.94, 188.14, 56.85
286, 587.3335156598193, 193.32044200000007, 254.98, 188.46, 56.85
287, 587.0670961468336, 193.92987300000001, 254.97, 189.48, 56.97
288, 586.8006766338478, 194.16607399999998, 254.96, 189.87, 57.06
289, 586.5342571208622, 194.62747400000012, 254.96, 190.59, 57.4
290, 586.2678376078765, 194.72786500000007, 254.95, 190.77, 57.38
291, 586.0014180948908, 195.08873699999995, 254.93, 191.36, 57.56
292, 585.7349985819051, 195.13572999999994, 254.9, 191.5, 57.33
293, 585.4685790689194, 195.91778699999995, 254.93, 192.65, 58.19
294, 585.2021595559337, 195.80621599999984, 254.94, 192.55, 57.7
295, 584.935740042948, 196.148563, 254.97, 193.25, 57.02
296, 584.6693205299623, 195.98202299999994, 254.97, 193.11, 56.28
297, 584.4029010169766, 196.58039400000004, 254.96, 194.15, 56.2
298, 584.1364815039909, 196.47651300000004, 254.97, 194.1, 55.52
299, 583.8700619910052, 196.7503130000001, 254.87, 194.73, 54.94
300, 583.6036424780195, 197.11346600000005, 254.94, 195.28, 55.11
301, 583.3372229650338, 197.2844430000001, 254.97, 195.69, 54.42
302, 583.0708034520482, 197.07958600000006, 254.94, 195.5, 53.68
303, 582.8043839390624, 197.4024280000001, 254.92, 196.2, 52.96
304, 582.5379644260768, 197.63456699999995, 254.93, 196.67, 52.55
305, 582.271544913091, 197.9579939999999, 254.96, 197.33, 51.91
306, 582.0051254001053, 198.2010729999999, 254.97, 197.84, 51.39
307, 581.7387058871196, 198.46350300000003, 254.97, 198.39, 50.86
308, 581.4722863741339, 198.51403299999996, 254.97, 198.68, 49.81
309, 581.2058668611483, 199.00634599999995, 254.94, 199.6, 49.47
310, 580.9394473481625, 198.8926739999999, 254.96, 199.67, 48.06
311, 580.6730278351769, 199.15410499999987, 254.95, 200.27, 47.29
312, 580.4066083221911, 199.32868799999994, 254.92, 200.74, 46.48
313, 580.1401888092055, 199.5712780000001, 254.92, 201.33, 45.57
314, 579.8737692962197, 199.84262600000002, 254.94, 202.12, 43.83
315, 579.6073497832341, 200.1919370000001, 254.93, 202.86, 43.11
316, 579.3409302702484, 200.1621200000001, 254.9, 203.31, 40.61
317, 579.0745107572627, 200.37351100000004, 254.89, 203.85, 39.71
318, 578.808091244277, 200.565562, 254.68, 204.69, 37.62
319, 578.5416717312912, 200.745819, 254.51, 205.34, 36.3
320, 578.2752522183056, 200.55449700000008, 253.23, 206.13, 33.91
321, 578.0088327053198, 200.231807, 251.83, 206.6, 32.33
322, 577.7424131923342, 199.428841, 249.49, 206.88, 29.98
323, 577.4759936793484, 198.61585799999995, 247.42, 206.92, 28.07
324, 577.2095741663628, 197.58118100000004, 243.99, 207.37, 25.67
325, 576.9431546533771, 196.81415799999996, 239.92, 208.53, 23.64
326, 576.6767351403914, 196.13778100000007, 237.09, 209.18, 21.78
327, 576.4103156274057, 195.94350199999997, 236.18, 209.46, 21.02
328, 576.1438961144199, 195.28341800000007, 233.12, 210.15, 19.7
329, 575.8774766014343, 194.40622799999983, 230.92, 210.04, 18.34
330, 575.6110570884485, 193.92588199999994, 228.08, 210.93, 16.99
331, 575.3446375754629, 193.72333999999998, 227.1, 211.15, 16.65
332, 575.0782180624772, 192.71560399999987, 224.06, 211.29, 15.06
333, 574.8117985494915, 192.28377599999996, 222.74, 211.31, 14.63
334, 574.5453790365058, 191.24855599999998, 220.14, 211.15, 13.19
335, 574.2789595235201, 190.99627, 219.3, 211.28, 12.51
336, 574.0125400105344, 190.57020500000002, 217.25, 211.8, 11.47
337, 573.7461204975486, 190.00433000000012, 216.0, 211.69, 10.35
338, 573.479700984563, 189.3572979999999, 213.52, 212.07, 9.22
339, 573.2132814715774, 189.017777, 212.53, 212.12, 8.58
340, 572.9468619585916, 188.06532599999994, 209.94, 212.16, 6.81
341, 572.6804424456059, 187.821614, 208.76, 212.67, 5.14
342, 572.4140229326202, 187.2026290000001, 206.51, 213.07, 3.55
343, 572.1476034196345, 187.37222300000002, 205.97, 213.63, 3.57
344, 571.8811839066489, 186.64025, 203.1, 214.06, 2.46
345, 571.6147643936631, 185.596461, 201.29, 213.32, 1.86
346, 571.3483448806775, 184.46752699999993, 197.83, 213.38, 0.72
347, 571.0819253676917, 184.1481420000001, 196.68, 213.27, 1.5
348, 570.8155058547061, 183.2006770000001, 192.93, 213.68, 0.91
349, 570.5490863417203, 183.24560100000002, 192.19, 213.91, 2.06
350, 570.2826668287346, 182.46021899999997, 188.71, 214.48, 1.36
351, 570.016247315749, 181.67355700000005, 186.93, 213.92, 2.01
352, 569.7498278027632, 180.40703199999996, 182.88, 213.98, 1.21
353, 569.4834082897776, 179.64733300000012, 180.77, 213.7, 1.52
354, 569.2169887767918, 178.606766, 177.14, 213.9, 0.88
355, 568.9505692638062, 177.99499300000002, 176.07, 213.29, 1.46
356, 568.6841497508204, 176.95996800000003, 172.42, 213.43, 1.23
357, 568.4177302378348, 176.15191100000004, 169.09, 213.65, 1.74
358, 568.151310724849, 174.60406799999998, 164.52, 213.48, 1.02
359, 567.8848912118633, 173.03314299999994, 161.17, 212.43, 1.43
360, 567.6184716988777, 171.5247229999999, 156.97, 212.03, 1.27
361, 567.3520521858919, 170.24954800000003, 152.82, 211.73, 2.51
362, 567.0856326729063, 169.13856499999991, 149.15, 211.71, 2.49
363, 566.8192131599205, 168.09669399999996, 146.16, 211.31, 3.25
364, 566.5527936469349, 166.68797600000002, 142.24, 210.98, 2.87
365, 566.2863741339492, 165.46313299999994, 140.07, 210.01, 2.81
366, 566.0199546209635, 164.30223600000002, 136.54, 209.89, 2.5
367, 565.7535351079778, 163.3516689999999, 134.31, 209.21, 3.51
368, 565.4871155949921, 162.152977, 130.33, 209.28, 3.07
369, 565.2206960820064, 161.116833, 127.57, 208.66, 4.41
370, 564.9542765690207, 159.27817699999997, 123.43, 207.83, 3.41
371, 564.687857056035, 157.448963, 120.37, 206.27, 3.42
372, 564.4214375430493, 155.86611400000007, 116.46, 205.58, 3.34
373, 564.1550180300636, 155.193789, 114.01, 205.42, 4.69
374, 563.8885985170779, 153.015049, 109.41, 204.14, 4.23
375, 563.6221790040922, 151.158947, 106.73, 202.23, 4.81
376, 563.3557594911065, 150.19878799999992, 103.42, 202.07, 5.89
377, 563.0893399781208, 148.75492899999995, 100.41, 200.84, 7.45
378, 562.8229204651351, 146.98264099999997, 96.29, 199.74, 8.37
379, 562.5565009521495, 146.25615699999997, 94.43, 199.03, 10.53
380, 562.2900814391637, 144.77484600000003, 90.84, 198.15, 11.48
381, 562.023661926178, 142.89978399999998, 87.96, 196.16, 12.83
382, 561.7572424131923, 142.08248099999994, 85.69, 195.64, 14.29
383, 561.4908229002066, 142.219265, 84.75, 195.67, 17.8
384, 561.224403387221, 140.94220800000002, 82.12, 194.62, 18.9
385, 560.9579838742352, 139.924707, 80.23, 193.48, 20.8
386, 560.6915643612496, 137.406271, 76.89, 190.97, 20.39
387, 560.4251448482638, 136.74838600000004, 75.34, 190.32, 22.03
388, 560.1587253352782, 135.71387200000007, 73.78, 189.15, 23.07
389, 559.8923058222924, 134.82407200000006, 71.88, 188.12, 25.55
390, 559.6258863093067, 133.97375, 70.7, 187.08, 26.54
391, 559.359466796321, 133.82005100000003, 70.29, 186.79, 27.76
392, 559.0930472833353, 133.32386399999993, 69.76, 186.1, 28.35
393, 558.8266277703497, 132.44807, 68.4, 185.05, 29.64
394, 558.5602082573639, 131.93160699999996, 67.83, 184.34, 30.26
395, 558.2937887443783, 130.965885, 66.45, 183.18, 31.38
396, 558.0273692313925, 130.065319, 65.51, 182.14, 31.3
397, 557.7609497184069, 129.259707, 64.43, 181.1, 32.42
398, 557.4945302054211, 128.653904, 63.76, 180.38, 32.57
399, 557.2281106924355, 126.88877099999996, 61.89, 178.23, 33.06
400, 556.9616911794498, 124.55309199999996, 59.58, 175.67, 31.81
401, 556.6952716664641, 125.14455099999999, 59.99, 175.96, 34.43
402, 556.4288521534784, 125.49792699999995, 60.33, 176.15, 35.66
403, 556.1624326404926, 124.88852499999996, 59.65, 175.26, 36.68
404, 555.896013127507, 123.88633599999996, 58.64, 174.1, 36.51
405, 555.6295936145212, 123.24639799999996, 58.32, 172.93, 37.76
406, 555.3631741015356, 122.700805, 57.75, 172.25, 37.97
407, 555.0967545885499, 123.04298800000001, 58.12, 172.26, 39.95
408, 554.8303350755642, 122.774395, 57.85, 171.87, 40.31
409, 554.5639155625785, 121.48813800000002, 56.62, 170.14, 41.16
410, 554.2974960495928, 120.46845099999997, 55.59, 169.04, 40.58
411, 554.0310765366071, 120.64374199999993, 55.68, 168.85, 42.86
412, 553.7646570236213, 120.00665399999997, 55.06, 168.16, 42.45
413, 553.4982375106357, 119.25893199999999, 54.18, 167.21, 43.09
414, 553.23181799765, 118.71004799999999, 53.62, 166.63, 42.73
415, 552.9653984846643, 118.18412400000005, 52.66, 165.85, 44.65
416, 552.6989789716786, 117.20321399999997, 51.66, 164.76, 44.28
417, 552.4325594586929, 116.25322399999999, 50.66, 163.41, 45.52
418, 552.1661399457072, 116.18464399999993, 50.56, 163.28, 45.85
419, 551.8997204327216, 115.338942, 49.58, 162.08, 47.18
420, 551.6333009197358, 114.29390699999998, 48.33, 161.01, 46.8
421, 551.36688140675, 114.18788500000001, 47.55, 160.91, 48.43
422, 551.1004618937644, 113.59961599999998, 46.74, 160.33, 48.38
423, 550.8340423807788, 113.60529000000002, 46.7, 160.16, 49.41
424, 550.567622867793, 112.93507899999999, 46.01, 159.49, 48.79
425, 550.3012033548073, 112.12707999999999, 44.6, 158.68, 49.57
426, 550.0347838418216, 111.16541799999997, 43.62, 157.7, 48.75
427, 549.7683643288359, 111.83600999999999, 44.0, 158.21, 51.01
428, 549.5019448158503, 111.39640599999993, 43.54, 157.74, 50.78
429, 549.2355253028645, 111.63406599999999, 42.84, 158.21, 52.28
430, 548.9691057898789, 110.81185100000002, 41.99, 157.38, 51.57
431, 548.7026862768931, 110.629504, 40.96, 157.32, 52.98
432, 548.4362667639075, 110.12927599999999, 40.44, 156.82, 52.53
433, 548.1698472509217, 109.98959400000004, 39.36, 156.93, 53.57
434, 547.903427737936, 110.109951, 39.49, 157.03, 53.77
435, 547.6370082249504, 110.94945499999994, 39.85, 157.97, 55.35
436, 547.3705887119646, 110.200482, 38.98, 157.24, 54.82
437, 547.104169198979, 109.697016, 37.74, 156.87, 55.56
438, 546.8377496859932, 108.36261500000005, 36.15, 155.62, 54.46
439, 546.5713301730076, 108.54367799999999, 35.52, 156.09, 55.28
440, 546.3049106600218, 109.06499299999997, 35.57, 156.84, 55.86
441, 546.0384911470362, 109.23536099999997, 34.99, 157.21, 56.97
442, 545.7720716340505, 108.32475400000001, 33.56, 156.55, 56.13
443, 545.5056521210647, 108.78234499999996, 32.95, 157.31, 57.83
444, 545.2392326080791, 108.57436500000001, 32.45, 157.22, 57.78
445, 544.9728130950933, 108.37431600000005, 31.34, 157.19, 59.09
446, 544.7063935821077, 108.18677899999999, 30.61, 157.25, 59.05
447, 544.439974069122, 108.689638, 30.32, 157.93, 60.72
448, 544.1735545561363, 109.00558799999997, 29.42, 158.81, 61.32
449, 543.9071350431506, 108.79776400000003, 28.46, 158.77, 62.22
450, 543.6407155301649, 109.00402199999996, 27.68, 159.47, 62.47
451, 543.3742960171792, 109.1135629999999, 26.67, 160.0, 63.35
452, 543.1078765041935, 108.212394, 24.76, 159.55, 62.77
453, 542.8414569912078, 108.455913, 24.27, 159.69, 65.47
454, 542.5750374782222, 108.423808, 22.92, 160.28, 65.69
455, 542.3086179652364, 108.23374399999994, 21.66, 160.39, 66.76
456, 542.0421984522507, 108.03337800000001, 19.52, 161.15, 66.7
457, 541.775778939265, 108.853616, 19.34, 162.27, 68.6
458, 541.5093594262793, 108.53395100000006, 16.79, 163.02, 68.62
459, 541.2429399132936, 108.30256, 15.5, 162.97, 70.23
460, 540.9765204003079, 108.28371199999998, 13.38, 163.93, 70.68
461, 540.7101008873223, 108.62272599999997, 12.44, 164.59, 72.72
462, 540.4436813743365, 107.95564099999997, 9.89, 164.82, 72.37
463, 540.1772618613509, 108.29701700000001, 9.23, 165.39, 74.16
464, 539.9108423483651, 108.81322000000004, 7.7, 166.93, 74.77
465, 539.6444228353794, 109.12785299999996, 6.97, 167.56, 76.2
466, 539.3780033223937, 108.26940899999995, 4.81, 167.38, 75.26
467, 539.111583809408, 108.40062999999996, 4.1, 167.8, 76.11
468, 538.8451642964224, 108.961612, 3.68, 168.82, 76.88
469, 538.5787447834366, 109.73808199999996, 3.48, 169.93, 78.5
470, 538.312325270451, 109.23008499999997, 2.55, 169.61, 78.13
471, 538.0459057574652, 109.57929899999999, 2.11, 170.26, 79.0
472, 537.7794862444796, 110.447097, 2.53, 171.34, 79.95
473, 537.5130667314938, 111.10501500000004, 2.35, 172.3, 81.25
474, 537.2466472185081, 111.13429899999994, 2.01, 172.49, 81.42
475, 536.9802277055225, 111.72863200000002, 1.68, 173.42, 82.71
476, 536.7138081925368, 111.66530800000004, 1.52, 173.38, 82.78
477, 536.4473886795511, 112.25242800000004, 1.22, 174.23, 84.34
478, 536.1809691665653, 112.93354399999998, 1.76, 174.96, 85.14
479, 535.9145496535797, 114.00165199999994, 1.88, 176.4, 86.78
480, 535.6481301405939, 113.82752199999993, 1.58, 176.26, 86.76
481, 535.3817106276083, 114.23643899999999, 1.51, 176.8, 87.75
482, 535.1152911146226, 114.56440199999997, 1.68, 177.21, 88.07
483, 534.8488716016368, 114.96646600000004, 1.54, 177.84, 88.72
484, 534.5824520886512, 115.05562199999999, 1.48, 177.97, 88.99
485, 534.3160325756655, 115.82428199999997, 1.68, 178.83, 90.78
486, 534.0496130626798, 115.86718700000002, 1.63, 178.88, 91.03
487, 533.783193549694, 116.53986899999998, 1.61, 179.84, 92.04
488, 533.5167740367084, 117.08204800000001, 2.02, 180.45, 92.58
489, 533.2503545237226, 117.48620100000004, 1.89, 180.96, 93.84
490, 532.983935010737, 117.92630899999999, 2.21, 181.44, 94.39
491, 532.7175154977513, 118.33834599999999, 1.64, 182.17, 95.74
492, 532.4510959847656, 118.21741600000004, 1.44, 182.06, 95.77
493, 532.1846764717799, 119.18401500000003, 1.35, 183.3, 98.1
494, 531.9182569587942, 119.02253399999998, 1.16, 183.11, 98.16
495, 531.6518374458085, 119.50353300000005, 1.17, 183.6, 99.83
496, 531.3854179328227, 119.75125299999999, 1.07, 183.97, 100.36
497, 531.1189984198371, 120.66024000000003, 1.5, 184.95, 102.16
498, 530.8525789068515, 120.946171, 1.59, 185.3, 102.63
499, 530.5861593938657, 121.608655, 1.95, 186.02, 103.79
500, 530.31973988088, 121.59877600000006, 1.94, 185.95, 104.09
501, 530.0533203678943, 121.224618, 1.32, 185.37, 105.42
502, 529.7869008549086, 120.98308500000002, 1.25, 185.0, 105.39
503, 529.520481341923, 122.22963099999996, 1.79, 186.4, 107.7
504, 529.2540618289372, 122.81080199999998, 2.18, 187.04, 108.48
505, 528.9876423159515, 123.21542900000003, 1.81, 187.64, 109.91
506, 528.7212228029658, 122.89576800000005, 1.52, 187.28, 109.72
507, 528.4548032899802, 124.20305600000009, 1.94, 188.73, 112.62
508, 528.1883837769944, 124.18594999999998, 1.8, 188.71, 112.94
509, 527.9219642640087, 124.925866, 1.74, 189.5, 115.52
510, 527.6555447510231, 124.74323099999997, 1.59, 189.24, 115.65
511, 527.3891252380373, 124.92413700000003, 1.43, 189.35, 117.09
512, 527.1227057250517, 125.19945199999997, 1.58, 189.63, 117.67
513, 526.8562862120659, 125.62709399999999, 1.56, 189.99, 119.62
514, 526.5898666990803, 125.50883100000009, 1.49, 189.83, 119.59
515, 526.3234471860945, 125.64825600000002, 1.54, 189.91, 120.27
516, 526.0570276731089, 125.22462799999998, 1.02, 189.49, 120.08
517, 525.7906081601232, 126.18809100000003, 1.89, 190.23, 122.44
518, 525.5241886471374, 126.24654199999995, 1.88, 190.29, 122.67
519, 525.2577691341518, 126.492395, 2.05, 190.43, 123.66
520, 524.991349621166, 125.77137499999995, 1.55, 189.6, 122.92
521, 524.7249301081804, 126.20021899999992, 1.51, 189.98, 124.83
522, 524.4585105951946, 126.03522799999995, 1.42, 189.77, 124.7
523, 524.192091082209, 126.822166, 1.74, 190.4, 127.52
524, 523.9256715692233, 126.64008600000003, 1.54, 190.18, 127.58
525, 523.6592520562376, 126.82457099999999, 1.19, 190.22, 129.91
526, 523.3928325432519, 126.94041300000005, 1.27, 190.33, 130.15
527, 523.1264130302661, 127.89384000000004, 1.8, 191.16, 132.85
528, 522.8599935172805, 128.14302600000008, 1.94, 191.42, 133.33
529, 522.5935740042949, 127.85551299999993, 1.37, 190.9, 134.98
530, 522.3271544913091, 127.57367699999999, 1.23, 190.53, 134.78
531, 522.0607349783234, 128.202831, 1.59, 191.1, 136.42
532, 521.7943154653377, 128.50381, 1.7, 191.38, 137.33
533, 521.527895952352, 128.80999499999996, 1.85, 191.33, 139.88
534, 521.2614764393663, 128.349714, 1.46, 190.76, 139.8
535, 520.9950569263806, 128.361566, 1.54, 190.52, 140.93
536, 520.7286374133948, 128.41448599999998, 1.44, 190.63, 141.09
537, 520.4622179004092, 128.64625999999998, 1.6, 190.52, 143.27
538, 520.1957983874236, 128.73424500000002, 1.75, 190.51, 143.7
539, 519.9293788744378, 128.34689900000004, 1.41, 189.73, 145.21
540, 519.6629593614521, 128.66747900000001, 1.61, 190.05, 145.85
541, 519.3965398484664, 128.92488900000006, 1.81, 189.94, 148.15
542, 519.1301203354807, 128.28103700000003, 1.33, 189.14, 147.88
543, 518.863700822495, 129.120157, 1.93, 189.66, 150.99
544, 518.5972813095093, 128.821629, 1.61, 189.26, 151.27
545, 518.3308617965237, 129.214368, 1.82, 189.29, 154.01
546, 518.0644422835379, 129.442572, 2.18, 189.41, 154.45
547, 517.7980227705523, 129.15906899999996, 1.71, 188.91, 155.77
548, 517.5316032575665, 128.97182400000003, 1.56, 188.58, 156.22
549, 517.2651837445808, 129.00902200000004, 1.78, 188.04, 158.75
550, 516.9987642315951, 128.53712300000007, 1.57, 187.31, 158.92
551, 516.7323447186095, 128.37319199999996, 1.48, 186.76, 160.55
552, 516.4659252056238, 128.23660600000002, 1.44, 186.47, 160.95
553, 516.199505692638, 127.970461, 1.09, 185.82, 162.88
554, 515.9330861796524, 128.462451, 1.59, 186.12, 164.34
555, 515.6666666666666, 128.79378100000002, 1.99, 185.97, 166.97
556, 515.400247153681, 128.03818099999998, 1.29, 185.08, 166.76
557, 515.1338276406952, 128.19162200000002, 1.48, 184.73, 169.41
558, 514.8674081277095, 128.262904, 1.56, 184.7, 169.98
559, 514.6009886147239, 128.354462, 1.78, 184.34, 172.06
560, 514.3345691017382, 128.243327, 1.53, 184.21, 172.41
561, 514.0681495887525, 127.78111800000006, 1.22, 183.26, 174.06
562, 513.8017300757667, 127.587424, 1.16, 182.98, 173.96
563, 513.5353105627811, 128.26662800000003, 1.72, 183.38, 176.39
564, 513.2688910497953, 128.28916200000003, 1.68, 183.33, 176.95
565, 513.0024715368097, 128.57319399999994, 2.26, 183.0, 179.62
566, 512.736052023824, 127.81608500000006, 1.55, 182.13, 179.32
567, 512.4696325108383, 127.93639899999991, 1.61, 182.05, 180.63
568, 512.2032129978526, 127.70674500000001, 1.35, 181.83, 180.43
569, 511.9367934848669, 127.592339, 1.21, 181.25, 182.78
570, 511.6703739718812, 127.83858299999999, 1.47, 181.44, 183.28
571, 511.4039544588955, 128.45970599999993, 2.14, 181.72, 185.53
572, 511.1375349459098, 128.679156, 2.24, 181.94, 186.06
573, 510.87111543292406, 128.12607799999998, 1.92, 180.85, 187.66
574, 510.6046959199384, 127.07967999999997, 1.1, 179.65, 186.81
575, 510.3382764069527, 127.03094499999999, 1.15, 179.19, 188.62
576, 510.07185689396704, 126.94880899999998, 1.01, 179.1, 188.73
577, 509.8054373809813, 127.23091499999992, 1.35, 178.92, 191.24
578, 509.5390178679956, 127.09476499999995, 1.35, 178.69, 191.23
579, 509.2725983550099, 127.599063, 1.87, 178.96, 192.9
580, 509.0061788420242, 126.71158299999996, 1.17, 177.89, 192.46
581, 508.7397593290385, 127.176213, 1.77, 177.84, 195.22
582, 508.4733398160528, 126.577949, 1.31, 177.09, 195.04
583, 508.20692030306714, 126.65488199999994, 1.48, 176.95, 195.99
584, 507.9405007900814, 126.57482800000001, 1.42, 176.85, 195.96
585, 507.67408127709575, 126.62857999999994, 1.3, 176.69, 197.57
586, 507.40766176411, 127.03263499999997, 1.65, 177.07, 198.24
587, 507.14124225112437, 127.26761599999996, 2.04, 176.86, 200.36
588, 506.8748227381386, 126.47206999999997, 1.3, 176.0, 199.75
589, 506.6084032251529, 126.617786, 1.64, 175.71, 201.63
590, 506.34198371216723, 126.47380699999994, 1.43, 175.56, 201.69
591, 506.07556419918154, 126.23540000000007, 1.1, 175.05, 203.09
592, 505.80914468619585, 126.20130400000002, 1.16, 174.94, 203.2
593, 505.54272517321016, 126.35829799999998, 1.32, 174.79, 204.93
594, 505.27630566022447, 126.548324, 1.46, 174.99, 205.2
595, 505.0098861472387, 126.31226799999993, 1.52, 174.4, 206.01
596, 504.7434666342531, 125.60665399999999, 1.16, 173.49, 205.45
597, 504.47704712126733, 125.70939600000005, 1.34, 173.15, 207.63
598, 504.2106276082817, 125.62430100000007, 1.29, 172.98, 207.89
599, 503.94420809529595, 125.72658400000006, 1.86, 172.73, 208.58
600, 503.67778858231026, 125.09968199999994, 1.28, 172.07, 208.0
601, 503.41136906932456, 125.161294, 1.56, 171.71, 209.66
602, 503.1449495563389, 124.77415299999998, 1.27, 171.27, 209.29
603, 502.8785300433532, 124.13062799999997, 1.22, 169.97, 210.47
604, 502.6121105303675, 123.76684300000001, 0.97, 169.53, 210.2
605, 502.3456910173818, 124.52291899999994, 1.81, 169.73, 213.6
606, 502.07927150439605, 123.87604900000001, 1.31, 168.97, 213.15
607, 501.8128519914104, 123.76966499999993, 1.55, 168.35, 214.78
608, 501.54643247842466, 123.81523799999992, 1.72, 168.31, 214.94
609, 501.280012965439, 123.11615599999993, 1.34, 167.13, 215.88
610, 501.0135934524533, 123.23842399999995, 1.46, 167.25, 216.02
611, 500.7471739394676, 123.22229899999998, 1.61, 166.95, 217.03
612, 500.4807544264819, 122.46266799999998, 1.12, 166.02, 216.44
613, 500.2143349134962, 122.69668700000003, 1.93, 165.41, 219.51
614, 499.9479154005105, 121.84500000000006, 1.3, 164.41, 218.84
615, 499.68149588752476, 121.61772699999997, 1.23, 163.94, 219.45
616, 499.4150763745391, 121.44587900000002, 1.11, 163.72, 219.39
617, 499.1486568615534, 121.1336129999999, 1.27, 162.79, 221.02
618, 498.88223734856774, 120.89909099999997, 1.29, 162.39, 220.97
619, 498.615817835582, 120.47204499999998, 1.85, 161.02, 222.81
620, 498.34939832259636, 119.51183199999997, 1.08, 159.92, 222.07
621, 498.0829788096106, 119.39826199999997, 1.58, 159.0, 224.5
622, 497.8165592966249, 118.91843199999998, 1.28, 158.38, 224.27
623, 497.5501397836392, 118.77086100000001, 1.79, 157.43, 226.53
624, 497.28372027065353, 117.84047599999998, 1.14, 156.31, 225.84
625, 497.01730075766784, 118.23708499999994, 1.55, 156.27, 228.45
626, 496.7508812446821, 117.45365100000001, 1.09, 155.29, 227.83
627, 496.48446173169646, 118.22502000000007, 1.9, 155.71, 230.31
628, 496.2180422187107, 117.643086, 1.54, 154.9, 230.32
629, 495.9516227057251, 116.46548499999997, 1.35, 152.81, 231.25
630, 495.6852031927393, 115.48277699999998, 0.83, 151.49, 230.79
631, 495.41878367975363, 115.64468999999997, 1.6, 151.03, 232.56
632, 495.15236416676794, 115.96950900000003, 2.01, 151.26, 233.15
633, 494.88594465378225, 115.18846899999998, 2.21, 149.68, 233.91
634, 494.61952514079655, 113.525263, 1.17, 147.65, 232.5
635, 494.35310562781086, 112.72612599999997, 1.24, 145.95, 234.06
636, 494.08668611482517, 112.83222499999998, 1.25, 145.98, 234.81
637, 493.8202666018394, 113.849298, 1.92, 146.55, 239.04
638, 493.5538470888538, 113.28195600000001, 1.54, 145.81, 238.87
639, 493.28742757586804, 112.67936599999997, 1.74, 144.4, 240.32
640, 493.0210080628824, 112.05472500000002, 1.35, 143.55, 240.24
641, 492.75458854989665, 111.75302099999998, 1.49, 142.52, 242.53
642, 492.48816903691096, 111.408509, 1.31, 142.05, 242.4
643, 492.22174952392527, 110.49416999999994, 1.4, 140.33, 243.0
644, 491.9553300109396, 109.55798700000003, 0.93, 138.99, 242.92
645, 491.6889104979539, 109.66906300000004, 1.67, 138.28, 245.61
646, 491.4224909849682, 108.94019700000007, 1.33, 137.26, 245.36
647, 491.1560714719825, 108.80465499999987, 1.65, 136.67, 246.37
648, 490.88965195899675, 107.86880999999998, 1.0, 135.43, 246.25
649, 490.6232324460111, 106.73282399999998, 1.06, 133.27, 247.25
650, 490.35681293302537, 106.18518699999998, 0.83, 132.46, 247.22
651, 490.09039342003973, 105.39763, 1.4, 130.63, 248.24
652, 489.823973907054, 104.76756900000004, 1.21, 129.7, 248.0
653, 489.5575543940683, 103.46777000000003, 1.2, 127.45, 248.21
654, 489.2911348810826, 102.65305999999997, 0.9, 126.31, 247.72
655, 489.0247153680969, 101.79423300000002, 1.37, 124.46, 248.48
656, 488.7582958551112, 101.17888300000004, 1.07, 123.58, 248.4
657, 488.4918763421255, 100.83759900000001, 1.61, 122.51, 249.5
658, 488.22545682913983, 99.99506200000002, 1.08, 121.43, 249.06
659, 487.9590373161541, 99.81163800000004, 1.62, 120.66, 250.0
660, 487.69261780316845, 99.35202000000005, 1.6, 119.86, 250.14
661, 487.4261982901827, 99.525137, 2.23, 119.57, 251.5
662, 487.15977877719706, 97.95412999999999, 1.2, 117.49, 251.13
663, 486.8933592642113, 97.091857, 1.53, 115.82, 251.3
664, 486.6269397512256, 95.71387499999996, 1.15, 113.8, 250.61
665, 486.3605202382399, 94.57121500000001, 1.25, 111.55, 251.91
666, 486.09410072525424, 93.54105699999995, 1.43, 109.75, 251.67
667, 485.82768121226854, 92.02391300000005, 1.67, 106.95, 252.15
668, 485.5612616992828, 90.68866399999999, 1.46, 104.79, 252.11
669, 485.29484218629716, 88.93719399999998, 1.46, 101.68, 252.76
670, 485.0284226733114, 87.01188300000001, 0.97, 98.77, 252.14
671, 484.7620031603258, 84.98290699999995, 1.03, 95.18, 252.67
672, 484.49558364734, 83.46197699999998, 0.73, 92.8, 252.37
673, 484.22916413435433, 82.490498, 1.72, 90.47, 253.25
674, 483.96274462136864, 81.16175000000003, 1.2, 88.51, 253.05
675, 483.69632510838295, 80.21105800000004, 1.52, 86.71, 253.14
676, 483.42990559539726, 78.91224500000001, 1.05, 84.76, 253.02
677, 483.16348608241157, 77.528876, 1.34, 82.11, 253.77
678, 482.8970665694259, 75.67249000000005, 0.7, 79.32, 253.53
679, 482.6306470564401, 74.53931900000003, 1.51, 76.88, 254.03
680, 482.3642275434545, 73.02953100000002, 1.09, 74.65, 253.37
681, 482.09780803046874, 71.60631999999995, 1.4, 71.92, 254.13
682, 481.8313885174831, 69.43191299999995, 1.07, 68.51, 253.48
683, 481.56496900449736, 67.96712, 1.5, 65.65, 254.23
684, 481.29854949151166, 65.10077500000003, 0.85, 61.23, 253.55
685, 481.032129978526, 63.716408000000044, 1.22, 58.59, 254.03
686, 480.7657104655403, 61.04199599999998, 0.74, 54.29, 253.97
687, 480.4992909525546, 59.065608999999995, 1.11, 50.69, 254.2
688, 480.2328714395689, 57.072797999999985, 1.52, 47.03, 254.49
689, 479.9664519265832, 55.082699000000005, 2.01, 43.33, 254.8
690, 479.70003241359746, 51.676527000000014, 1.13, 38.09, 254.21
691, 479.4336129006118, 49.46781000000003, 1.4, 34.25, 253.9
692, 479.16719338762607, 46.287421, 0.89, 29.08, 253.96
693, 478.90077387464044, 42.454402999999964, 1.37, 22.23, 254.35
694, 478.6343543616547, 38.67640899999998, 1.11, 16.07, 253.61
695, 478.367934848669, 36.54071799999999, 1.32, 12.35, 253.48
696, 478.1015153356833, 33.518955999999996, 0.74, 7.75, 252.18
697, 477.8350958226976, 32.224337999999996, 1.42, 5.14, 252.48
698, 477.5686763097119, 30.88614999999999, 1.6, 2.79, 252.37
699, 477.3022567967262, 30.566464000000007, 1.76, 1.96, 253.42
700, 477.03583728374053, 30.245524000000003, 1.66, 1.47, 253.39
701, 476.7694177707548, 30.47849099999999, 1.99, 1.66, 253.59
702, 476.50299825776915, 30.424214000000006, 1.96, 1.61, 253.45
703, 476.2365787447834, 30.179910999999993, 1.79, 1.36, 253.04
704, 475.97015923179777, 30.573877000000003, 2.23, 1.71, 253.54
705, 475.703739718812, 30.526763999999993, 2.26, 1.63, 253.46
706, 475.4373202058263, 30.434169, 2.11, 1.57, 253.35
707, 475.17090069284063, 30.842279000000005, 2.51, 1.98, 253.77
708, 474.90448117985494, 30.222323000000006, 1.77, 1.39, 253.31
709, 474.63806166686925, 30.183406, 1.84, 1.29, 253.3
710, 474.3716421538835, 30.168416, 1.84, 1.28, 253.22
711, 474.10522264089786, 30.780034999999994, 2.55, 1.84, 253.84
712, 473.8388031279121, 30.261554, 1.96, 1.43, 252.95
713, 473.5723836149265, 30.67528600000001, 2.44, 1.77, 253.57
714, 473.30596410194073, 30.936168000000013, 2.72, 2.0, 253.94
715, 473.0395445889551, 30.223821, 1.89, 1.38, 253.06
716, 472.77312507596935, 30.228609000000002, 1.91, 1.31, 253.41
717, 472.50670556298365, 30.807710999999998, 2.59, 1.96, 253.36
718, 472.24028604999796, 30.497906999999987, 2.23, 1.6, 253.44
719, 471.97386653701227, 30.502483999999992, 2.26, 1.61, 253.35
720, 471.7074470240266, 30.681093999999995, 2.46, 1.76, 253.62
721, 471.44102751104083, 30.544282999999997, 2.27, 1.68, 253.33
722, 471.1746079980552, 30.018969999999985, 1.7, 1.12, 253.1
723, 470.90818848506945, 30.402, 2.1, 1.53, 253.3
724, 470.6417689720838, 30.18305399999999, 1.86, 1.32, 253.09
725, 470.37534945909806, 30.244528999999986, 2.01, 1.36, 253.03
726, 470.10892994611237, 30.115220999999984, 1.79, 1.31, 252.73
727, 469.8425104331267, 30.803387999999988, 2.62, 2.05, 252.78
728, 469.576090920141, 30.454080999999995, 2.19, 1.67, 252.8
729, 469.3096714071553, 30.322091999999994, 2.08, 1.54, 252.6
730, 469.0432518941696, 30.425597999999983, 2.22, 1.68, 252.42
731, 468.7768323811839, 30.445148, 2.22, 1.69, 252.54
732, 468.51041286819816, 30.21005499999999, 1.95, 1.46, 252.37
733, 468.2439933552125, 30.573763, 2.37, 1.79, 252.76
734, 467.9775738422268, 30.37028399999999, 2.16, 1.56, 252.71
735, 467.71115432924114, 30.254254999999986, 2.05, 1.43, 252.65
736, 467.4447348162554, 30.205959999999987, 2.0, 1.48, 252.1
737, 467.1783153032697, 30.350763, 2.17, 1.51, 252.77
738, 466.911895790284, 30.021571000000012, 1.79, 1.3, 251.96
739, 466.6454762772983, 30.677053999999984, 2.56, 1.91, 252.55
740, 466.3790567643126, 30.265199999999982, 2.1, 1.53, 252.1
741, 466.11263725132693, 30.182484999999996, 2.05, 1.5, 251.66
742, 465.84621773834124, 30.066908000000012, 1.92, 1.48, 251.09
743, 465.5797982253555, 30.44734699999999, 2.33, 1.83, 251.55
744, 465.31337871236985, 30.208067999999997, 2.12, 1.64, 250.98
745, 465.0469591993841, 30.201229, 2.21, 1.6, 250.89
746, 464.78053968639847, 30.036996000000013, 2.04, 1.5, 250.41
747, 464.5141201734127, 29.896868999999995, 1.91, 1.31, 250.5
748, 464.24770066042703, 29.916394999999998, 1.95, 1.42, 250.0
749, 463.98128114744134, 30.16014399999999, 2.26, 1.59, 250.45
750, 463.71486163445564, 29.62298700000001, 1.63, 1.12, 249.81
751, 463.44844212146995, 30.069681, 2.19, 1.59, 249.84
752, 463.18202260848426, 29.911421000000004, 1.99, 1.43, 249.8
753, 462.91560309549857, 29.642909999999997, 1.6, 1.21, 249.6
754, 462.6491835825128, 29.611823, 1.57, 1.25, 249.2
755, 462.3827640695272, 29.911429, 1.91, 1.63, 248.98
756, 462.11634455654143, 29.577996000000002, 1.54, 1.33, 248.57
757, 461.8499250435558, 29.552135000000003, 1.75, 1.28, 248.05
758, 461.58350553057005, 29.817457, 2.03, 1.57, 248.15
759, 461.31708601758436, 29.82302000000001, 2.0, 1.62, 248.02
760, 461.05066650459867, 29.503467000000004, 1.73, 1.25, 247.83
761, 460.784246991613, 29.628451999999985, 1.98, 1.39, 247.55
762, 460.5178274786273, 29.662440999999987, 1.99, 1.47, 247.41
763, 460.25140796564153, 29.372951999999987, 1.78, 1.21, 246.76
764, 459.9849884526559, 29.63519399999999, 2.06, 1.52, 246.73
765, 459.71856893967015, 29.636631, 2.29, 1.45, 246.5
766, 459.4521494266845, 29.671714999999992, 2.35, 1.52, 246.29
767, 459.18572991369876, 29.741775000000004, 2.45, 1.67, 245.87
768, 458.9193104007131, 29.495174, 2.16, 1.45, 245.6
769, 458.6528908877274, 29.156597000000012, 1.83, 1.15, 245.04
770, 458.3864713747417, 29.130194000000003, 1.76, 1.23, 244.58
771, 458.120051861756, 29.499324000000016, 2.16, 1.56, 245.07
772, 457.8536323487703, 29.234284000000017, 1.86, 1.37, 244.51
773, 457.5872128357846, 29.281192999999995, 2.07, 1.51, 243.65
774, 457.32079332279886, 29.090768000000015, 1.82, 1.41, 243.15
775, 457.0543738098132, 28.938520000000004, 1.7, 1.27, 242.85
776, 456.7879542968275, 29.207150000000023, 2.0, 1.47, 243.39
777, 456.52153478384184, 29.062257000000013, 1.93, 1.42, 242.56
778, 456.2551152708561, 29.052225000000018, 1.95, 1.35, 242.78
779, 455.9886957578704, 29.04032400000001, 1.96, 1.48, 241.98
780, 455.7222762448847, 28.969141, 1.89, 1.34, 242.26
781, 455.455856731899, 28.821679000000003, 1.91, 1.3, 241.12
782, 455.1894372189133, 28.57962600000001, 1.64, 1.13, 240.58
783, 454.92301770592763, 28.791165000000014, 1.95, 1.35, 240.49
784, 454.65659819294194, 28.476964000000002, 1.66, 1.11, 239.73
785, 454.3901786799562, 28.698138, 2.02, 1.42, 239.13
786, 454.12375916697056, 28.561050000000005, 1.9, 1.3, 238.86
787, 453.8573396539848, 28.847623000000002, 2.27, 1.66, 238.55
788, 453.5909201409992, 28.351876000000008, 1.74, 1.13, 238.32
789, 453.3245006280134, 28.47965199999999, 2.08, 1.26, 237.88
790, 453.05808111502773, 28.038555000000002, 1.55, 0.86, 237.46
791, 452.79166160204204, 28.558844, 2.16, 1.36, 237.85
792, 452.52524208905635, 28.137131999999998, 1.68, 1.02, 237.16
793, 452.25882257607066, 28.126781999999995, 1.78, 1.0, 236.91
794, 451.99240306308496, 28.164191000000006, 1.79, 1.08, 236.8
795, 451.7259835500993, 28.661435, 2.35, 1.64, 236.81
796, 451.4595640371135, 27.774010999999987, 1.39, 0.92, 235.25
797, 451.1931445241279, 28.36727100000001, 2.19, 1.5, 235.37
798, 450.92672501114214, 28.191819999999986, 2.0, 1.36, 235.05
799, 450.6603054981565, 28.33643900000001, 2.31, 1.6, 234.27
800, 450.39388598517075, 27.941259, 1.91, 1.28, 233.5
801, 450.12746647218506, 27.816981999999985, 1.88, 1.27, 232.54
802, 449.86104695919937, 27.979676999999988, 2.03, 1.43, 232.75
803, 449.5946274462137, 27.900091999999983, 1.98, 1.45, 232.08
804, 449.328207933228, 27.276414999999975, 1.35, 0.92, 230.99
805, 449.06178842024224, 27.74674900000002, 2.11, 1.41, 230.6
806, 448.7953689072566, 27.588325000000005, 2.05, 1.26, 230.14
807, 448.52894939427085, 27.56906900000001, 2.01, 1.3, 229.87
808, 448.2625298812852, 27.102200000000003, 1.5, 0.91, 229.12
809, 447.99611036829947, 27.67024300000001, 2.27, 1.54, 228.84
810, 447.72969085531383, 27.20325500000001, 1.85, 1.17, 227.75
811, 447.4632713423281, 26.992855000000016, 1.75, 1.08, 226.63
812, 447.1968518293424, 27.196765000000006, 1.95, 1.31, 226.71
813, 446.9304323163567, 26.926853, 1.87, 1.19, 225.17
814, 446.664012803371, 26.626921000000007, 1.59, 1.01, 224.2
815, 446.3975932903853, 27.060491000000006, 2.19, 1.48, 224.01
816, 446.13117377739957, 26.92373100000001, 2.09, 1.43, 223.33
817, 445.86475426441393, 26.77461400000001, 2.06, 1.3, 222.77
818, 445.5983347514282, 26.431157, 1.63, 1.13, 221.76
819, 445.33191523844255, 27.002270000000006, 2.3, 1.62, 222.49
820, 445.0654957254568, 26.635931, 1.99, 1.28, 221.84
821, 444.7990762124711, 26.53117700000001, 2.13, 1.24, 220.76
822, 444.5326566994854, 26.201748999999992, 1.81, 0.9, 220.46
823, 444.2662371864997, 26.61251299999999, 2.27, 1.35, 220.54
824, 443.99981767351403, 26.102012000000006, 1.68, 0.94, 219.72
825, 443.73339816052834, 26.155664, 1.76, 1.08, 219.26
826, 443.46697864754265, 26.59401600000001, 2.24, 1.46, 219.89
827, 443.2005591345569, 25.926327000000004, 1.63, 0.94, 218.31
828, 442.93413962157126, 25.992559999999983, 1.7, 0.99, 218.45
829, 442.6677201085855, 26.055966999999995, 1.83, 1.16, 217.79
830, 442.4013005955999, 25.956640999999994, 1.79, 1.05, 217.59
831, 442.13488108261413, 26.080809999999996, 2.1, 1.16, 217.3
832, 441.86846156962844, 25.960808999999987, 1.91, 1.13, 216.9
833, 441.60204205664274, 25.709528999999996, 1.71, 0.93, 216.25
834, 441.33562254365705, 26.187707, 2.23, 1.34, 216.97
835, 441.06920303067136, 26.359636000000002, 2.54, 1.51, 216.79
836, 440.80278351768567, 25.742610999999993, 1.79, 1.0, 215.97
837, 440.5363640047, 25.98236399999998, 2.06, 1.37, 215.46
838, 440.2699444917142, 25.900415, 1.95, 1.3, 215.39
839, 440.0035249787286, 25.903914999999994, 2.05, 1.29, 215.21
840, 439.73710546574284, 25.536479999999997, 1.6, 1.0, 214.66
841, 439.4706859527572, 25.824102999999994, 2.07, 1.34, 214.2
842, 439.20426643977146, 25.719015, 2.05, 1.21, 214.0
843, 438.93784692678577, 25.71793000000001, 2.1, 1.34, 213.19
844, 438.6714274138001, 25.42315399999999, 1.76, 1.11, 212.68
845, 438.4050079008144, 25.728099, 2.41, 1.45, 211.9
846, 438.1385883878287, 25.145375000000005, 1.75, 1.04, 210.63
847, 437.872168874843, 24.958808000000005, 1.72, 0.92, 209.69
848, 437.6057493618573, 25.26321800000001, 2.02, 1.28, 209.72
849, 437.33932984887156, 25.187700999999997, 2.09, 1.24, 209.08
850, 437.0729103358859, 24.868259000000016, 1.71, 1.0, 208.51
851, 436.8064908229002, 25.03306900000001, 1.91, 1.21, 208.35
852, 436.54007130991454, 24.830212999999993, 1.77, 1.06, 207.71
853, 436.2736517969288, 25.22455899999999, 2.41, 1.47, 207.38
854, 436.0072322839431, 25.02855999999999, 2.3, 1.33, 206.67
855, 435.7408127709574, 24.333480999999995, 1.59, 0.89, 204.7
856, 435.4743932579717, 24.52230599999999, 1.84, 1.03, 204.98
857, 435.207973744986, 24.978458, 2.62, 1.34, 205.34
858, 434.94155423200027, 24.775766999999995, 2.43, 1.14, 205.09
859, 434.67513471901464, 24.294232999999984, 1.97, 1.02, 202.69
860, 434.4087152060289, 24.483487999999998, 2.12, 1.2, 203.03
861, 434.14229569304325, 24.65579499999999, 2.45, 1.51, 202.08
862, 433.8758761800575, 24.136741999999998, 1.88, 1.05, 201.39
863, 433.60945666707187, 24.343958, 2.22, 1.36, 200.72
864, 433.3430371540861, 24.192543, 2.07, 1.26, 200.3
865, 433.0766176411004, 24.39887500000001, 2.35, 1.5, 200.14
866, 432.81019812811473, 23.425078999999997, 1.31, 0.66, 198.65
867, 432.54377861512904, 24.467758, 2.52, 1.49, 200.35
868, 432.27735910214335, 24.075911, 2.09, 1.29, 199.07
869, 432.0109395891576, 23.656398999999986, 1.81, 1.05, 197.36
870, 431.74452007617197, 23.959329000000004, 2.11, 1.39, 197.48
871, 431.4781005631862, 23.954874000000018, 2.16, 1.59, 196.28
872, 431.2116810502006, 23.501164000000006, 1.76, 1.18, 195.46
873, 430.94526153721483, 23.576526999999995, 1.93, 1.35, 194.8
874, 430.67884202422914, 23.076087999999995, 1.42, 0.93, 193.91
875, 430.41242251124345, 23.406565999999998, 2.14, 1.34, 192.81
876, 430.14600299825776, 23.15454799999999, 1.92, 1.18, 192.0
877, 429.87958348527206, 23.145932, 2.08, 1.28, 190.99
878, 429.6131639722864, 22.946590999999994, 1.89, 1.21, 190.1
879, 429.3467444593007, 22.59511600000001, 1.74, 1.01, 188.44
880, 429.08032494631493, 22.666406999999996, 1.83, 1.14, 188.16
881, 428.8139054333293, 22.799775, 2.15, 1.28, 187.77
882, 428.54748592034355, 22.419419000000012, 1.71, 1.06, 186.72
883, 428.2810664073579, 22.45577199999999, 1.78, 1.23, 185.98
884, 428.01464689437216, 22.037961999999993, 1.38, 0.92, 184.96
885, 427.74822738138647, 22.429028999999982, 2.01, 1.38, 184.37
886, 427.4818078684008, 22.12213200000001, 1.68, 1.2, 183.47
887, 427.2153883554151, 21.790877000000005, 1.43, 0.93, 182.61
888, 426.9489688424294, 21.962760000000014, 1.7, 1.13, 182.38
889, 426.6825493294437, 22.152763, 1.97, 1.39, 182.0
890, 426.416129816458, 21.880543000000017, 1.67, 1.18, 181.48
891, 426.14971030347226, 21.510613000000014, 1.57, 0.96, 179.63
892, 425.8832907904866, 21.781527999999998, 1.92, 1.22, 179.75
893, 425.6168712775009, 21.565139, 1.91, 1.14, 178.29
894, 425.35045176451524, 21.271105, 1.55, 0.97, 177.53
895, 425.0840322515295, 21.731768999999996, 2.41, 1.48, 176.69
896, 424.8176127385438, 21.159136, 1.84, 1.02, 175.53
897, 424.5511932255581, 21.030344000000014, 1.76, 1.02, 174.61
898, 424.2847737125724, 21.159128, 1.82, 1.17, 174.81
899, 424.0183541995867, 21.539635000000004, 2.35, 1.56, 174.75
900, 423.751934686601, 20.813012000000004, 1.58, 0.99, 173.33
901, 423.48551517361534, 20.894076, 1.84, 1.12, 172.69
902, 423.2190956606296, 20.600807000000003, 1.63, 1.04, 171.08
903, 422.95267614764396, 20.327236999999997, 1.43, 0.87, 170.08
904, 422.6862566346582, 20.592688000000003, 1.72, 1.26, 169.64
905, 422.4198371216726, 20.865463999999996, 2.36, 1.56, 168.81
906, 422.1534176086868, 20.39008, 1.8, 1.28, 167.55
907, 421.88699809570113, 20.433083000000003, 2.27, 1.38, 166.18
908, 421.62057858271544, 19.615868000000006, 1.42, 0.71, 164.69
909, 421.35415906972975, 19.931073000000005, 2.07, 1.05, 164.0
910, 421.08773955674405, 19.871813000000014, 1.97, 1.2, 162.97
911, 420.8213200437583, 19.811018000000008, 2.12, 1.29, 161.58
912, 420.55490053077267, 19.732486000000005, 2.04, 1.43, 160.38
913, 420.2884810177869, 19.476730000000003, 1.9, 1.32, 159.07
914, 420.0220615048013, 19.008316999999998, 1.53, 1.06, 157.27
915, 419.75564199181554, 19.24023200000002, 1.88, 1.44, 156.43
916, 419.48922247882984, 18.98796200000001, 1.68, 1.45, 154.69
917, 419.22280296584415, 18.477124000000007, 2.06, 0.73, 152.92
918, 418.95638345285846, 18.342378999999998, 1.91, 0.94, 151.05
919, 418.68996393987277, 18.103019000000007, 1.81, 0.89, 149.47
920, 418.4235444268871, 17.832509, 1.61, 0.9, 147.57
921, 418.1571249139014, 18.289031, 2.09, 1.41, 147.69
922, 417.89070540091564, 17.795313999999998, 1.66, 1.32, 144.95
923, 417.62428588793, 17.550348999999997, 1.91, 1.09, 143.33
924, 417.35786637494425, 17.12403000000001, 1.6, 0.91, 141.33
925, 417.0914468619586, 17.684180000000005, 2.4, 1.42, 141.52
926, 416.82502734897287, 17.418691000000003, 2.29, 1.35, 139.84
927, 416.5586078359872, 17.028740000000006, 2.0, 1.08, 138.57
928, 416.2921883230015, 16.678054999999997, 1.65, 1.09, 136.36
929, 416.0257688100158, 16.68427800000001, 2.02, 1.12, 135.29
930, 415.7593492970301, 16.258663000000006, 1.67, 0.88, 133.71
931, 415.4929297840444, 16.539092, 1.98, 1.33, 133.04
932, 415.2265102710587, 16.08959900000001, 1.61, 1.11, 131.2
933, 414.96009075807297, 16.180999000000007, 2.01, 1.13, 130.85
