Extraction [ img/s4/seq3/mys.jpg ] effectuee 2026-05-28 17:33:06.365461
Calibration: -0.2664195129856975*x + 663.5294963737288 [largueur 2619 + 934]

pixel, longueur d'onde, intensite, r, g, b
0, 663.5294963737288, 86.7151902777778, 190.04166666666666, 36.84722222222222, 72.65277777777777
1, 663.263076860743, 87.30792777777779, 191.97222222222223, 36.65277777777778, 73.79166666666667
2, 662.9966573477574, 87.04995000000002, 191.75, 36.375, 73.54166666666667
3, 662.7302378347716, 87.52116111111106, 192.55555555555554, 36.611111111111114, 74.34722222222223
4, 662.463818321786, 87.29110833333334, 192.38888888888889, 36.34722222222222, 74.125
5, 662.1973988088002, 88.72792083333333, 195.23611111111111, 36.90277777777778, 76.40277777777777
6, 661.9309792958146, 88.71349861111109, 195.29166666666666, 36.84722222222222, 76.41666666666667
7, 661.6645597828289, 89.47470555555553, 196.83333333333334, 37.19444444444444, 77.26388888888889
8, 661.3981402698432, 89.40526805555558, 196.76388888888889, 37.125, 77.19444444444444
9, 661.1317207568575, 91.26110555555553, 199.36111111111111, 38.59722222222222, 79.08333333333333
10, 660.8653012438718, 90.47623749999997, 198.59722222222223, 37.80555555555556, 78.27777777777777
11, 660.5988817308861, 90.15381527777777, 199.48611111111111, 36.833333333333336, 78.125
12, 660.3324622179003, 90.47603194444446, 199.81944444444446, 37.166666666666664, 78.36111111111111
13, 660.0660427049147, 91.06139305555556, 201.625, 37.15277777777778, 78.83333333333333
14, 659.799623191929, 91.41825416666666, 202.04166666666666, 37.5, 79.08333333333333
15, 659.5332036789433, 91.90276527777779, 203.875, 37.30555555555556, 79.52777777777777
16, 659.2667841659576, 90.95390138888891, 202.93055555555554, 36.375, 78.47222222222223
17, 659.0003646529719, 91.65900416666665, 204.81944444444446, 36.44444444444444, 79.34722222222223
18, 658.7339451399862, 91.6086763888889, 204.76388888888889, 36.416666666666664, 79.19444444444444
19, 658.4675256270006, 92.19788055555553, 205.77777777777777, 36.763888888888886, 79.91666666666667
20, 658.2011061140148, 91.91469722222224, 205.66666666666666, 36.40277777777778, 79.58333333333333
21, 657.9346866010292, 92.13235000000002, 208.16666666666666, 35.333333333333336, 80.44444444444444
22, 657.6682670880434, 92.03045277777773, 208.25, 35.138888888888886, 80.33333333333333
23, 657.4018475750577, 92.3713708333333, 209.20833333333334, 35.083333333333336, 81.09722222222223
24, 657.135428062072, 91.25078472222224, 208.125, 33.94444444444444, 79.97222222222223
25, 656.8690085490863, 92.45106666666665, 210.72222222222223, 34.388888888888886, 81.40277777777777
26, 656.6025890361007, 92.10681111111107, 210.5, 33.97222222222222, 81.11111111111111
27, 656.3361695231149, 93.2225236111111, 212.95833333333334, 34.30555555555556, 82.73611111111111
28, 656.0697500101293, 93.15745138888887, 212.98611111111111, 34.18055555555556, 82.73611111111111
29, 655.8033304971435, 93.73214861111114, 214.76388888888889, 34.02777777777778, 83.90277777777777
30, 655.5369109841579, 93.85713611111109, 214.88888888888889, 34.15277777777778, 84.02777777777777
31, 655.2704914711721, 94.07024166666669, 215.91666666666666, 33.833333333333336, 84.84722222222223
32, 655.0040719581864, 93.6397291666667, 215.48611111111111, 33.40277777777778, 84.41666666666667
33, 654.7376524452008, 94.1227986111111, 216.59722222222223, 33.52777777777778, 85.09722222222223
34, 654.471232932215, 94.23389861111112, 216.70833333333334, 33.638888888888886, 85.20833333333333
35, 654.2048134192294, 94.40041944444445, 217.19444444444446, 33.583333333333336, 85.68055555555556
36, 653.9383939062436, 93.54414583333336, 216.45833333333334, 32.666666666666664, 84.81944444444444
37, 653.671974393258, 93.23479999999996, 217.97222222222223, 31.34722222222222, 84.93055555555556
38, 653.4055548802722, 93.10052638888891, 217.93055555555554, 31.166666666666668, 84.79166666666667
39, 653.1391353672866, 93.26047638888889, 218.29166666666666, 31.15277777777778, 85.31944444444444
40, 652.8727158543008, 92.55221388888887, 217.58333333333334, 30.444444444444443, 84.61111111111111
41, 652.6062963413152, 93.18123888888888, 219.27777777777777, 30.38888888888889, 85.97222222222223
42, 652.3398768283295, 92.78190416666665, 218.875, 30.0, 85.52777777777777
43, 652.0734573153437, 93.14067083333333, 220.375, 29.666666666666668, 86.45833333333333
44, 651.8070378023581, 92.01178194444446, 219.26388888888889, 28.52777777777778, 85.33333333333333
45, 651.5406182893723, 92.15038333333332, 220.75, 27.875, 86.01388888888889
46, 651.2741987763867, 92.42813333333332, 221.02777777777777, 28.15277777777778, 86.29166666666667
47, 651.007779263401, 92.63858194444447, 222.375, 27.555555555555557, 87.68055555555556
48, 650.7413597504153, 93.08298194444444, 222.81944444444446, 28.0, 88.125
49, 650.4749402374296, 92.12998888888892, 222.88888888888889, 26.416666666666668, 87.73611111111111
50, 650.2085207244439, 91.67170138888889, 222.43055555555554, 25.958333333333332, 87.27777777777777
51, 649.9421012114582, 92.51809027777774, 223.81944444444446, 26.458333333333332, 88.48611111111111
52, 649.6756816984725, 92.15376388888886, 223.61111111111111, 26.01388888888889, 88.125
53, 649.4092621854868, 92.86895694444442, 225.84722222222223, 25.694444444444443, 90.18055555555556
54, 649.142842672501, 93.30822222222221, 226.38888888888889, 26.083333333333332, 90.61111111111111
55, 648.8764231595154, 93.4705736111111, 227.31944444444446, 25.791666666666668, 91.09722222222223
56, 648.6100036465297, 93.10949861111114, 226.95833333333334, 25.430555555555557, 90.73611111111111
57, 648.343584133544, 93.07871249999998, 228.01388888888889, 24.805555555555557, 90.91666666666667
58, 648.0771646205583, 92.92209861111111, 227.90277777777777, 24.625, 90.76388888888889
59, 647.8107451075726, 92.73401666666668, 229.13888888888889, 23.680555555555557, 90.73611111111111
60, 647.5443255945869, 92.3939986111111, 228.90277777777777, 23.291666666666668, 90.375
61, 647.2779060816013, 92.9803458333333, 230.84722222222223, 23.22222222222222, 90.77777777777777
62, 647.0114865686155, 92.16656944444443, 230.13888888888889, 22.36111111111111, 89.93055555555556
63, 646.7450670556299, 92.52703472222221, 232.15277777777777, 21.84722222222222, 90.45833333333333
64, 646.4786475426441, 91.76835833333332, 231.41666666666666, 21.083333333333332, 89.66666666666667
65, 646.2122280296584, 92.80787638888889, 233.45833333333334, 21.65277777777778, 90.5
66, 645.9458085166727, 93.01460555555556, 233.66666666666666, 21.86111111111111, 90.69444444444444
67, 645.679389003687, 94.11384305555555, 235.31944444444446, 22.72222222222222, 91.56944444444444
68, 645.4129694907014, 93.17623750000001, 234.56944444444446, 21.73611111111111, 90.38888888888889
69, 645.1465499777156, 93.9360083333333, 237.41666666666666, 21.583333333333332, 90.375
70, 644.88013046473, 93.67593750000003, 237.43055555555554, 21.22222222222222, 89.91666666666667
71, 644.6137109517442, 93.88357916666665, 238.93055555555554, 20.84722222222222, 89.73611111111111
72, 644.3472914387586, 92.73378611111112, 237.97222222222223, 19.61111111111111, 88.52777777777777
73, 644.0808719257728, 93.31235277777779, 240.22222222222223, 19.48611111111111, 88.34722222222223
74, 643.8144524127872, 93.46556666666669, 240.58333333333334, 19.541666666666668, 88.45833333333333
75, 643.5480328998015, 93.55708333333335, 242.08333333333334, 19.041666666666668, 87.90277777777777
76, 643.2816133868157, 92.49650138888886, 241.375, 17.819444444444443, 86.75
77, 643.0151938738301, 91.7911736111111, 242.56944444444446, 16.333333333333332, 85.08333333333333
78, 642.7487743608443, 91.55804305555552, 242.625, 15.98611111111111, 84.68055555555556
79, 642.4823548478587, 92.5897638888889, 245.55555555555554, 16.208333333333332, 84.90277777777777
80, 642.2159353348729, 92.41457916666667, 245.73611111111111, 15.86111111111111, 84.68055555555556
81, 641.9495158218873, 92.55011388888889, 247.33333333333334, 15.402777777777779, 84.04166666666667
82, 641.6830963089016, 92.34383611111112, 247.33333333333334, 15.097222222222221, 83.80555555555556
83, 641.4166767959159, 93.43674305555558, 249.23611111111111, 15.847222222222221, 84.54166666666667
84, 641.1502572829302, 93.3336541666667, 249.84722222222223, 15.430555555555555, 84.18055555555556
85, 640.8838377699444, 93.8472972222222, 251.47222222222223, 15.583333333333334, 83.63888888888889
86, 640.6174182569588, 93.33738333333334, 251.72222222222223, 14.722222222222221, 82.94444444444444
87, 640.350998743973, 93.85462777777775, 252.61111111111111, 15.083333333333334, 83.29166666666667
88, 640.0845792309874, 93.7068555555555, 252.83333333333334, 14.777777777777779, 82.98611111111111
89, 639.8181597180017, 93.71625833333329, 253.38888888888889, 14.597222222222221, 82.54166666666667
90, 639.551740205016, 93.40959861111105, 253.04166666666666, 14.305555555555555, 82.26388888888889
91, 639.2853206920303, 93.57249305555553, 254.09722222222223, 14.083333333333334, 82.06944444444444
92, 639.0189011790446, 93.1905125, 253.76388888888889, 13.680555555555555, 81.66666666666667
93, 638.7524816660589, 93.50917916666667, 254.31944444444446, 13.902777777777779, 81.86111111111111
94, 638.4860621530732, 93.24442083333332, 254.26388888888889, 13.555555555555555, 81.47222222222223
95, 638.2196426400875, 93.43886805555557, 254.375, 13.819444444444445, 81.52777777777777
96, 637.9532231271018, 93.1049111111111, 254.5, 13.305555555555555, 80.91666666666667
97, 637.6868036141161, 93.96601666666668, 254.83333333333334, 14.416666666666666, 81.875
98, 637.4203841011304, 94.447025, 254.88888888888889, 15.097222222222221, 82.44444444444444
99, 637.1539645881447, 94.6087097222222, 254.84722222222223, 15.375, 82.54166666666667
100, 636.887545075159, 94.36706250000005, 254.79166666666666, 15.083333333333334, 82.06944444444444
101, 636.6211255621733, 94.20477916666667, 254.84722222222223, 14.805555555555555, 81.93055555555556
102, 636.3547060491876, 93.62024861111108, 254.73611111111111, 14.041666666666666, 81.02777777777777
103, 636.088286536202, 93.96709444444448, 254.88888888888889, 14.527777777777779, 81.16666666666667
104, 635.8218670232162, 93.43766249999997, 254.625, 13.916666666666666, 80.36111111111111
105, 635.5554475102306, 94.01081805555553, 254.875, 14.73611111111111, 80.51388888888889
106, 635.2890279972448, 93.3422138888889, 254.66666666666666, 13.902777777777779, 79.48611111111111
107, 635.0226084842591, 93.63770555555556, 254.61111111111111, 14.472222222222221, 79.29166666666667
108, 634.7561889712734, 93.6767611111111, 254.75, 14.51388888888889, 79.05555555555556
109, 634.4897694582877, 94.12254027777777, 254.875, 15.347222222222221, 78.34722222222223
110, 634.2233499453021, 93.82258472222223, 254.70833333333334, 15.069444444444445, 77.58333333333333
111, 633.9569304323163, 94.54822361111114, 254.84722222222223, 16.194444444444443, 77.79166666666667
112, 633.6905109193307, 94.15852500000004, 254.75, 15.75, 76.91666666666667
113, 633.4240914063449, 94.37392361111118, 254.79166666666666, 16.13888888888889, 76.69444444444444
114, 633.1576718933593, 94.19982916666669, 254.625, 16.0, 76.31944444444444
115, 632.8912523803735, 95.2073208333334, 254.84722222222223, 17.430555555555557, 77.20833333333333
116, 632.6248328673878, 95.1682791666667, 254.84722222222223, 17.555555555555557, 76.22222222222223
117, 632.3584133544022, 95.88311666666672, 254.94444444444446, 18.77777777777778, 75.94444444444444
118, 632.0919938414164, 95.4651819444445, 254.70833333333334, 18.555555555555557, 74.04166666666667
119, 631.8255743284308, 96.81669583333334, 254.84722222222223, 20.63888888888889, 74.80555555555556
120, 631.559154815445, 97.1737319444445, 254.90277777777777, 21.291666666666668, 74.43055555555556
121, 631.2927353024594, 97.60772361111111, 254.84722222222223, 22.27777777777778, 73.30555555555556
122, 631.0263157894736, 98.24103333333336, 254.94444444444446, 23.36111111111111, 73.02777777777777
123, 630.759896276488, 99.51303333333328, 254.94444444444446, 25.444444444444443, 73.45833333333333
124, 630.4934767635023, 99.26067777777773, 254.88888888888889, 25.36111111111111, 71.81944444444444
125, 630.2270572505166, 100.19041527777777, 254.73611111111111, 27.041666666666668, 71.72222222222223
126, 629.9606377375309, 99.98342222222223, 254.52777777777777, 27.09722222222222, 70.16666666666667
127, 629.6942182245452, 101.2568597222222, 254.875, 29.02777777777778, 70.48611111111111
128, 629.4277987115595, 101.69895694444442, 254.73611111111111, 30.0, 69.72222222222223
129, 629.1613791985737, 102.68876111111103, 254.88888888888889, 31.61111111111111, 69.70833333333333
130, 628.8949596855881, 102.90966388888879, 254.88888888888889, 32.125, 69.0
131, 628.6285401726024, 103.59653055555546, 254.97222222222223, 33.25, 69.01388888888889
132, 628.3621206596167, 103.67207499999994, 254.80555555555554, 33.638888888888886, 68.11111111111111
133, 628.095701146631, 104.6236888888889, 254.91666666666666, 35.31944444444444, 67.51388888888889
134, 627.8292816336453, 104.79238194444441, 254.93055555555554, 35.77777777777778, 66.59722222222223
135, 627.5628621206596, 105.05156111111108, 254.94444444444446, 36.25, 66.40277777777777
136, 627.296442607674, 104.97538749999998, 254.875, 36.25, 65.91666666666667
137, 627.0300230946882, 105.38200833333335, 254.91666666666666, 37.083333333333336, 65.08333333333333
138, 626.7636035817025, 105.74231388888887, 254.91666666666666, 37.69444444444444, 65.09722222222223
139, 626.4971840687168, 106.20559444444444, 254.88888888888889, 38.611111111111114, 64.51388888888889
140, 626.2307645557311, 105.81554027777787, 254.875, 38.263888888888886, 62.916666666666664
141, 625.9643450427454, 106.76361805555563, 254.93055555555554, 39.875, 62.791666666666664
142, 625.6979255297597, 106.88602499999998, 254.88888888888889, 40.263888888888886, 61.97222222222222
143, 625.431506016774, 107.29382500000006, 254.80555555555554, 41.22222222222222, 60.833333333333336
144, 625.1650865037883, 107.48538611111117, 254.75, 41.638888888888886, 60.513888888888886
145, 624.8986669908027, 108.79819166666674, 254.88888888888889, 43.68055555555556, 61.15277777777778
146, 624.6322474778169, 108.62337361111116, 254.875, 43.513888888888886, 60.513888888888886
147, 624.3658279648313, 109.6231430555556, 254.95833333333334, 45.06944444444444, 61.05555555555556
148, 624.0994084518455, 109.43435555555556, 254.77777777777777, 45.05555555555556, 59.94444444444444
149, 623.8329889388598, 111.23480833333323, 254.97222222222223, 47.888888888888886, 60.638888888888886
150, 623.5665694258741, 111.17590833333335, 254.94444444444446, 47.986111111111114, 59.69444444444444
151, 623.3001499128884, 111.73531249999988, 254.93055555555554, 49.09722222222222, 58.916666666666664
152, 623.0337303999028, 112.02829999999992, 254.91666666666666, 49.625, 58.80555555555556
153, 622.767310886917, 113.11439305555554, 254.95833333333334, 51.40277777777778, 59.06944444444444
154, 622.5008913739314, 113.72683611111108, 254.97222222222223, 52.44444444444444, 59.041666666666664
155, 622.2344718609456, 114.51354999999992, 254.91666666666666, 53.875, 58.72222222222222
156, 621.96805234796, 114.3713263888888, 254.93055555555554, 53.833333333333336, 57.65277777777778
157, 621.7016328349742, 115.35759999999992, 254.97222222222223, 55.513888888888886, 57.541666666666664
158, 621.4352133219886, 115.55774027777774, 254.95833333333334, 55.888888888888886, 57.40277777777778
159, 621.1687938090029, 116.32980138888882, 254.90277777777777, 57.388888888888886, 56.59722222222222
160, 620.9023742960171, 116.73387083333331, 254.90277777777777, 58.15277777777778, 56.208333333333336
161, 620.6359547830315, 117.27200555555558, 254.80555555555554, 59.291666666666664, 55.31944444444444
162, 620.3695352700457, 117.66004722222225, 254.94444444444446, 59.93055555555556, 55.06944444444444
163, 620.1031157570601, 118.48525694444444, 254.93055555555554, 61.40277777777778, 54.763888888888886
164, 619.8366962440743, 118.75383194444447, 254.875, 61.97222222222222, 54.333333333333336
165, 619.5702767310887, 119.9961291666667, 254.95833333333334, 63.916666666666664, 55.0
166, 619.303857218103, 120.80824027777787, 254.95833333333334, 65.30555555555556, 54.97222222222222
167, 619.0374377051173, 121.12126388888889, 254.86111111111111, 66.05555555555556, 54.111111111111114
168, 618.7710181921316, 121.62385277777778, 254.94444444444446, 66.95833333333333, 53.65277777777778
169, 618.5045986791458, 123.22773888888891, 254.97222222222223, 69.54166666666667, 54.34722222222222
170, 618.2381791661602, 123.88878194444436, 254.95833333333334, 70.76388888888889, 53.888888888888886
171, 617.9717596531744, 124.59189583333328, 254.93055555555554, 72.09722222222223, 53.263888888888886
172, 617.7053401401888, 125.31239722222216, 254.91666666666666, 73.27777777777777, 53.541666666666664
173, 617.4389206272031, 126.69425277777775, 254.97222222222223, 75.44444444444444, 54.361111111111114
174, 617.1725011142174, 127.94559999999998, 254.97222222222223, 77.43055555555556, 55.111111111111114
175, 616.9060816012317, 128.7706833333333, 254.97222222222223, 78.93055555555556, 54.625
176, 616.639662088246, 129.8006972222221, 254.97222222222223, 80.75, 54.291666666666664
177, 616.3732425752603, 130.30426944444443, 254.94444444444446, 81.70833333333333, 53.84722222222222
178, 616.1068230622747, 130.99360000000004, 254.97222222222223, 82.93055555555556, 53.52777777777778
179, 615.8404035492889, 131.54084999999998, 254.97222222222223, 84.01388888888889, 52.75
180, 615.5739840363033, 131.8478513888889, 254.95833333333334, 84.52777777777777, 52.833333333333336
181, 615.3075645233175, 132.95654305555547, 254.98611111111111, 86.38888888888889, 52.90277777777778
182, 615.0411450103318, 132.76674999999992, 255.0, 86.25, 51.916666666666664
183, 614.7747254973461, 133.37577916666675, 254.98611111111111, 87.48611111111111, 50.93055555555556
184, 614.5083059843604, 133.891, 255.0, 88.58333333333333, 49.763888888888886
185, 614.2418864713748, 134.6374625000001, 254.95833333333334, 89.91666666666667, 49.55555555555556
186, 613.975466958389, 134.90788611111114, 254.88888888888889, 90.65277777777777, 48.31944444444444
187, 613.7090474454034, 135.52542499999996, 254.91666666666666, 91.75, 48.013888888888886
188, 613.4426279324176, 136.42736666666664, 254.94444444444446, 93.27777777777777, 47.986111111111114
189, 613.176208419432, 137.6366958333334, 254.98611111111111, 95.31944444444444, 47.97222222222222
190, 612.9097889064462, 138.2246916666666, 254.88888888888889, 96.59722222222223, 46.80555555555556
191, 612.6433693934605, 139.76521527777774, 254.93055555555554, 99.02777777777777, 47.69444444444444
192, 612.3769498804749, 141.01611527777766, 254.95833333333334, 101.43055555555556, 46.22222222222222
193, 612.1105303674891, 141.6437125, 254.95833333333334, 102.58333333333333, 45.791666666666664
194, 611.8441108545035, 142.84398611111112, 255.0, 104.93055555555556, 44.125
195, 611.5776913415177, 144.53294583333334, 254.98611111111111, 107.56944444444444, 45.388888888888886
196, 611.3112718285321, 145.52458611111112, 254.97222222222223, 109.61111111111111, 43.611111111111114
197, 611.0448523155463, 146.6014208333334, 254.95833333333334, 111.54166666666667, 43.15277777777778
198, 610.7784328025607, 147.51852916666667, 254.98611111111111, 113.40277777777777, 41.541666666666664
199, 610.512013289575, 148.3946416666667, 254.97222222222223, 114.88888888888889, 41.611111111111114
200, 610.2455937765892, 149.19211249999992, 254.98611111111111, 116.56944444444444, 39.916666666666664
201, 609.9791742636036, 149.7029152777778, 254.875, 117.55555555555556, 39.611111111111114
202, 609.7127547506178, 150.22580694444443, 254.98611111111111, 118.79166666666667, 37.541666666666664
203, 609.4463352376322, 151.07444444444442, 255.0, 120.22222222222223, 37.583333333333336
204, 609.1799157246464, 151.05783472222228, 254.98611111111111, 120.51388888888889, 35.97222222222222
205, 608.9134962116608, 151.98776944444447, 254.94444444444446, 122.20833333333333, 35.513888888888886
206, 608.647076698675, 152.2192722222222, 254.91666666666666, 122.90277777777777, 34.041666666666664
207, 608.3806571856894, 153.10685416666672, 254.93055555555554, 124.38888888888889, 34.138888888888886
208, 608.1142376727037, 153.55620277777774, 254.91666666666666, 125.63888888888889, 31.680555555555557
209, 607.847818159718, 154.39176527777767, 254.98611111111111, 127.0, 31.819444444444443
210, 607.5813986467323, 154.89729583333326, 254.95833333333334, 128.16666666666666, 30.319444444444443
211, 607.3149791337466, 155.33494305555544, 254.875, 129.11111111111111, 29.51388888888889
212, 607.0485596207609, 155.76795138888872, 254.93055555555554, 130.04166666666666, 28.375
213, 606.7821401077751, 156.5626527777778, 255.0, 131.51388888888889, 27.583333333333332
214, 606.5157205947895, 156.87043194444453, 254.98611111111111, 132.16666666666666, 26.958333333333332
215, 606.2493010818038, 157.31755694444456, 254.98611111111111, 133.04166666666666, 26.375
216, 605.9828815688181, 157.3033416666667, 254.91666666666666, 133.33333333333334, 24.930555555555557
217, 605.7164620558324, 158.6753347222223, 254.98611111111111, 135.51388888888889, 25.555555555555557
218, 605.4500425428467, 158.6838513888889, 254.95833333333334, 135.94444444444446, 23.48611111111111
219, 605.183623029861, 160.1077375, 254.98611111111111, 138.27777777777777, 23.88888888888889
220, 604.9172035168754, 160.13549027777768, 254.95833333333334, 138.72222222222223, 21.916666666666668
221, 604.6507840038896, 161.34641944444445, 254.97222222222223, 140.69444444444446, 22.34722222222222
222, 604.3843644909039, 161.90739027777784, 254.98611111111111, 141.875, 21.15277777777778
223, 604.1179449779182, 163.02607638888887, 254.93055555555554, 143.83333333333334, 21.02777777777778
224, 603.8515254649325, 163.57497916666662, 254.93055555555554, 145.01388888888889, 19.76388888888889
225, 603.5851059519468, 164.85960555555556, 254.91666666666666, 147.15277777777777, 20.055555555555557
226, 603.3186864389611, 165.53896388888884, 254.94444444444446, 148.34722222222223, 19.791666666666668
227, 603.0522669259755, 166.69395833333337, 255.0, 150.20833333333334, 20.194444444444443
228, 602.7858474129897, 167.36251527777773, 254.98611111111111, 151.5, 19.444444444444443
229, 602.5194279000041, 168.6017375, 254.98611111111111, 153.61111111111111, 19.444444444444443
230, 602.2530083870183, 169.4126972222222, 254.97222222222223, 155.08333333333334, 19.01388888888889
231, 601.9865888740327, 170.46739305555556, 254.95833333333334, 156.73611111111111, 19.791666666666668
232, 601.7201693610469, 171.04468055555566, 255.0, 157.73611111111111, 19.59722222222222
233, 601.4537498480612, 172.36219444444447, 255.0, 159.88888888888889, 20.069444444444443
234, 601.1873303350756, 172.85372222222216, 255.0, 160.86111111111111, 19.375
235, 600.9209108220898, 173.45230694444444, 254.98611111111111, 162.04166666666666, 18.583333333333332
236, 600.6544913091042, 173.83917222222234, 254.94444444444446, 162.80555555555554, 18.15277777777778
237, 600.3880717961184, 174.66065694444447, 254.95833333333334, 164.22222222222223, 18.02777777777778
238, 600.1216522831328, 175.13583333333338, 255.0, 165.08333333333334, 17.65277777777778
239, 599.855232770147, 175.91430833333345, 254.97222222222223, 166.47222222222223, 17.40277777777778
240, 599.5888132571614, 176.5275, 255.0, 167.5, 17.416666666666668
241, 599.3223937441757, 176.99291666666667, 255.0, 168.33333333333334, 17.208333333333332
242, 599.05597423119, 177.65820833333328, 255.0, 169.375, 17.680555555555557
243, 598.7895547182043, 178.6878069444445, 254.98611111111111, 171.04166666666666, 18.166666666666668
244, 598.5231352052185, 178.9307722222222, 254.91666666666666, 171.65277777777777, 17.333333333333332
245, 598.2567156922329, 179.54762638888886, 254.98611111111111, 172.72222222222223, 17.055555555555557
246, 597.9902961792471, 180.25711388888897, 254.97222222222223, 174.0, 16.73611111111111
247, 597.7238766662615, 180.7519055555555, 254.97222222222223, 174.79166666666666, 17.0
248, 597.4574571532758, 180.80056944444448, 255.0, 174.93055555555554, 16.63888888888889
249, 597.1910376402901, 181.62575000000007, 255.0, 176.25, 17.083333333333332
250, 596.9246181273044, 181.627488888889, 254.97222222222223, 176.375, 16.52777777777778
251, 596.6581986143187, 181.93952916666657, 254.98611111111111, 177.06944444444446, 15.652777777777779
252, 596.391779101333, 182.14345833333326, 255.0, 177.45833333333334, 15.402777777777779
253, 596.1253595883472, 183.3012791666665, 254.98611111111111, 179.40277777777777, 15.583333333333334
254, 595.8589400753616, 183.3472249999998, 254.97222222222223, 179.55555555555554, 15.23611111111111
255, 595.5925205623759, 183.72750416666656, 254.95833333333334, 180.375, 14.38888888888889
256, 595.3261010493902, 184.0566958333332, 254.98611111111111, 180.90277777777777, 14.48611111111111
257, 595.0596815364045, 184.50912916666667, 254.95833333333334, 181.83333333333334, 13.73611111111111
258, 594.7932620234188, 184.92938888888892, 255.0, 182.44444444444446, 14.166666666666666
259, 594.5268425104331, 185.50772361111115, 254.98611111111111, 183.45833333333334, 14.055555555555555
260, 594.2604229974474, 185.4990416666667, 255.0, 183.54166666666666, 13.51388888888889
261, 593.9940034844617, 186.4386833333332, 254.97222222222223, 185.09722222222223, 13.819444444444445
262, 593.7275839714761, 186.38202916666657, 254.98611111111111, 185.15277777777777, 13.0
263, 593.4611644584903, 187.2957499999999, 255.0, 186.5, 14.041666666666666
264, 593.1947449455047, 187.1328902777778, 254.98611111111111, 186.29166666666666, 13.722222222222221
265, 592.9283254325189, 187.93761388888888, 254.97222222222223, 187.58333333333334, 14.166666666666666
266, 592.6619059195332, 187.33128055555557, 254.97222222222223, 186.75, 13.13888888888889
267, 592.3954864065475, 188.6185944444445, 254.88888888888889, 188.77777777777777, 14.208333333333334
268, 592.1290668935618, 188.60338333333334, 254.91666666666666, 188.79166666666666, 13.930555555555555
269, 591.8626473805762, 189.3381874999999, 254.93055555555554, 190.13888888888889, 13.402777777777779
270, 591.5962278675904, 189.17090694444434, 254.95833333333334, 190.05555555555554, 12.291666666666666
271, 591.3298083546048, 189.58931249999992, 254.93055555555554, 190.84722222222223, 11.958333333333334
272, 591.063388841619, 190.03425555555563, 254.94444444444446, 191.72222222222223, 11.319444444444445
273, 590.7969693286334, 190.30333194444447, 254.875, 192.47222222222223, 10.0
274, 590.5305498156476, 190.65682222222222, 254.97222222222223, 193.20833333333334, 9.055555555555555
275, 590.2641303026619, 191.16118333333327, 254.97222222222223, 194.09722222222223, 8.902777777777779
276, 589.9977107896763, 191.31188333333327, 254.91666666666666, 194.625, 7.652777777777778
277, 589.7312912766905, 192.17310694444447, 254.90277777777777, 196.16666666666666, 7.305555555555555
278, 589.4648717637049, 191.87682083333328, 254.84722222222223, 196.01388888888889, 5.638888888888889
279, 589.1984522507191, 192.7260583333333, 254.97222222222223, 197.38888888888889, 5.680555555555555
280, 588.9320327377335, 193.02326666666667, 254.97222222222223, 198.01388888888889, 5.069444444444445
281, 588.6656132247477, 193.9418583333333, 254.88888888888889, 199.68055555555554, 4.763888888888889
282, 588.3991937117621, 194.1034472222223, 254.97222222222223, 200.08333333333334, 3.888888888888889
283, 588.1327741987764, 194.92033750000002, 254.95833333333334, 201.625, 3.1527777777777777
284, 587.8663546857906, 195.03893333333338, 254.97222222222223, 201.93055555555554, 2.5833333333333335
285, 587.599935172805, 196.07981111111107, 254.94444444444446, 203.66666666666666, 2.8472222222222223
286, 587.3335156598193, 196.28733333333332, 255.0, 204.0, 2.8055555555555554
287, 587.0670961468336, 196.6333083333332, 254.97222222222223, 204.72222222222223, 2.1944444444444446
288, 586.8006766338478, 197.17076388888879, 255.0, 205.48611111111111, 2.9027777777777777
289, 586.5342571208622, 197.56675000000007, 255.0, 206.33333333333334, 2.013888888888889
290, 586.2678376078765, 197.5296250000001, 255.0, 206.29166666666666, 1.9027777777777777
291, 586.0014180948908, 197.69880694444447, 254.98611111111111, 206.70833333333334, 1.2777777777777777
292, 585.7349985819051, 197.9172388888889, 254.97222222222223, 207.04166666666666, 1.5138888888888888
293, 585.4685790689194, 198.62203333333332, 254.94444444444446, 208.19444444444446, 1.8333333333333333
294, 585.2021595559337, 198.5138888888888, 255.0, 208.02777777777777, 1.5972222222222223
295, 584.935740042948, 199.0174319444444, 254.98611111111111, 208.83333333333334, 1.9027777777777777
296, 584.6693205299623, 199.1970694444444, 255.0, 209.09722222222223, 2.0833333333333335
297, 584.4029010169766, 199.24130555555544, 255.0, 209.27777777777777, 1.5416666666666667
298, 584.1364815039909, 199.7007222222222, 255.0, 209.94444444444446, 2.138888888888889
299, 583.8700619910052, 200.3890444444445, 254.97222222222223, 211.15277777777777, 2.0277777777777777
300, 583.6036424780195, 200.39280972222224, 254.95833333333334, 211.15277777777777, 2.0972222222222223
301, 583.3372229650338, 200.73497361111106, 254.98611111111111, 211.79166666666666, 1.7361111111111112
302, 583.0708034520482, 200.4089944444444, 254.91666666666666, 211.34722222222223, 1.3472222222222223
303, 582.8043839390624, 201.24021527777774, 254.93055555555554, 212.77777777777777, 1.2361111111111112
304, 582.5379644260768, 201.2615708333333, 254.98611111111111, 212.77777777777777, 1.2777777777777777
305, 582.271544913091, 201.80401805555553, 254.95833333333334, 213.69444444444446, 1.3888888888888888
306, 582.0051254001053, 202.1654749999999, 254.97222222222223, 214.22222222222223, 1.8055555555555556
307, 581.7387058871196, 202.4338083333332, 254.97222222222223, 214.63888888888889, 2.013888888888889
308, 581.4722863741339, 202.47690416666651, 254.98611111111111, 214.69444444444446, 2.0694444444444446
309, 581.2058668611483, 203.2056736111111, 254.93055555555554, 216.06944444444446, 1.5277777777777777
310, 580.9394473481625, 203.13172361111103, 254.98611111111111, 215.95833333333334, 1.3055555555555556
311, 580.6730278351769, 203.8651680555555, 254.98611111111111, 217.09722222222223, 1.875
312, 580.4066083221911, 203.8810875, 254.95833333333334, 217.125, 1.9444444444444444
313, 580.1401888092055, 204.30711111111103, 255.0, 217.88888888888889, 1.6388888888888888
314, 579.8737692962197, 204.62863888888882, 255.0, 218.36111111111111, 2.0277777777777777
315, 579.6073497832341, 205.37390416666653, 254.98611111111111, 219.69444444444446, 1.7361111111111112
316, 579.3409302702484, 205.47332083333325, 254.98611111111111, 219.86111111111111, 1.75
317, 579.0745107572627, 206.16320833333324, 254.86111111111111, 221.19444444444446, 1.2638888888888888
318, 578.808091244277, 206.71059722222208, 255.0, 221.98611111111111, 1.625
319, 578.5416717312912, 207.56846388888883, 254.94444444444446, 223.59722222222223, 1.0
320, 578.2752522183056, 207.99852222222214, 254.91666666666666, 224.23611111111111, 1.5555555555555556
321, 578.0088327053198, 208.68149583333337, 254.90277777777777, 225.44444444444446, 1.3611111111111112
322, 577.7424131923342, 209.1331458333334, 254.93055555555554, 226.09722222222223, 1.8888888888888888
323, 577.4759936793484, 210.00343750000005, 254.93055555555554, 227.55555555555554, 2.013888888888889
324, 577.2095741663628, 210.5880194444445, 254.94444444444446, 228.54166666666666, 2.0277777777777777
325, 576.9431546533771, 211.6871472222222, 254.91666666666666, 230.44444444444446, 1.9444444444444444
326, 576.6767351403914, 212.3920055555557, 254.38888888888889, 231.91666666666666, 1.9305555555555556
327, 576.4103156274057, 213.3882180555556, 254.06944444444446, 233.63888888888889, 2.638888888888889
328, 576.1438961144199, 212.82874722222223, 251.55555555555554, 234.125, 1.8194444444444444
329, 575.8774766014343, 213.25265138888884, 248.90277777777777, 236.22222222222223, 1.6944444444444444
330, 575.6110570884485, 212.92668472222215, 245.23611111111111, 237.55555555555554, 1.5833333333333333
331, 575.3446375754629, 213.21245833333342, 242.08333333333334, 239.66666666666666, 1.4861111111111112
332, 575.0782180624772, 213.97507222222222, 239.55555555555554, 242.16666666666666, 1.9305555555555556
333, 574.8117985494915, 214.72609027777773, 237.01388888888889, 244.69444444444446, 2.1666666666666665
334, 574.5453790365058, 214.5717861111111, 233.80555555555554, 246.11111111111111, 1.9305555555555556
335, 574.2789595235201, 215.78188750000004, 231.81944444444446, 249.11111111111111, 2.3055555555555554
336, 574.0125400105344, 215.9125861111111, 228.72222222222223, 250.90277777777777, 2.3472222222222223
337, 573.7461204975486, 215.50229305555553, 225.54166666666666, 251.86111111111111, 2.1527777777777777
338, 573.479700984563, 215.16758194444446, 222.51388888888889, 252.90277777777777, 1.7916666666666667
339, 573.2132814715774, 214.93227361111104, 220.875, 253.34722222222223, 1.7361111111111112
340, 572.9468619585916, 214.17978055555557, 217.47222222222223, 253.91666666666666, 1.125
341, 572.6804424456059, 214.30951805555554, 216.06944444444446, 254.63888888888889, 2.2222222222222223
342, 572.4140229326202, 213.33513055555557, 213.0, 254.73611111111111, 1.2222222222222223
343, 572.1476034196345, 213.12954861111115, 212.43055555555554, 254.61111111111111, 1.5555555555555556
344, 571.8811839066489, 211.9320736111112, 208.56944444444446, 254.66666666666666, 0.8888888888888888
345, 571.6147643936631, 210.77799027777797, 204.95833333333334, 254.55555555555554, 0.8055555555555556
346, 571.3483448806775, 210.13880277777773, 202.25, 254.88888888888889, 0.5833333333333334
347, 571.0819253676917, 209.35922638888903, 199.54166666666666, 254.69444444444446, 1.8472222222222223
348, 570.8155058547061, 207.54081250000004, 194.79166666666666, 254.25, 0.6388888888888888
349, 570.5490863417203, 207.4750986111111, 193.59722222222223, 254.52777777777777, 1.7638888888888888
350, 570.2826668287346, 206.2680611111111, 189.80555555555554, 254.56944444444446, 0.9027777777777778
351, 570.016247315749, 205.39555138888898, 186.56944444444446, 254.55555555555554, 1.8055555555555556
352, 569.7498278027632, 204.2260902777778, 182.98611111111111, 254.54166666666666, 1.0138888888888888
353, 569.4834082897776, 203.52612222222214, 180.58333333333334, 254.40277777777777, 1.8888888888888888
354, 569.2169887767918, 202.4890305555556, 176.63888888888889, 254.83333333333334, 0.9166666666666666
355, 568.9505692638062, 201.93668194444462, 175.26388888888889, 254.52777777777777, 1.25
356, 568.6841497508204, 200.81082916666657, 171.70833333333334, 254.54166666666666, 0.625
357, 568.4177302378348, 200.2053305555555, 169.19444444444446, 254.55555555555554, 1.8333333333333333
358, 568.151310724849, 199.26096111111113, 165.94444444444446, 254.75, 1.0694444444444444
359, 567.8848912118633, 198.63997638888878, 163.56944444444446, 254.76388888888889, 1.7777777777777777
360, 567.6184716988777, 197.59406944444441, 160.13888888888889, 254.86111111111111, 1.0972222222222223
361, 567.3520521858919, 196.07299166666658, 155.63888888888889, 254.47222222222223, 1.5555555555555556
362, 567.0856326729063, 194.3761736111111, 149.93055555555554, 254.65277777777777, 0.7083333333333334
363, 566.8192131599205, 192.5008541666667, 143.95833333333334, 254.375, 1.3472222222222223
364, 566.5527936469349, 190.04214861111114, 136.15277777777777, 254.25, 0.8888888888888888
365, 566.2863741339492, 187.75933472222226, 128.59722222222223, 254.20833333333334, 0.8888888888888888
366, 566.0199546209635, 185.23047361111114, 119.84722222222223, 254.36111111111111, 0.8611111111111112
367, 565.7535351079778, 182.19333749999998, 110.65277777777777, 253.94444444444446, 0.4722222222222222
368, 565.4871155949921, 179.59999861111112, 101.54166666666667, 254.13888888888889, 0.6111111111111112
369, 565.2206960820064, 176.57698055555545, 92.41666666666667, 253.61111111111111, 0.7361111111111112
370, 564.9542765690207, 175.00615972222218, 85.48611111111111, 254.47222222222223, 0.6944444444444444
371, 564.687857056035, 172.96765833333333, 78.97222222222223, 254.30555555555554, 0.75
372, 564.4214375430493, 170.89766388888893, 72.52777777777777, 254.13888888888889, 0.3472222222222222
373, 564.1550180300636, 169.59030277777777, 67.52777777777777, 254.25, 1.4166666666666667
374, 563.8885985170779, 167.94638472222218, 62.263888888888886, 254.29166666666666, 0.5833333333333334
375, 563.6221790040922, 167.05348888888895, 59.138888888888886, 254.29166666666666, 0.9444444444444444
376, 563.3557594911065, 165.87238055555554, 55.083333333333336, 254.44444444444446, 0.4305555555555556
377, 563.0893399781208, 165.24656388888891, 51.583333333333336, 254.86111111111111, 1.9722222222222223
378, 562.8229204651351, 163.45774166666672, 46.611111111111114, 254.56944444444446, 0.8194444444444444
379, 562.5565009521495, 162.3406, 42.611111111111114, 254.52777777777777, 1.7222222222222223
380, 562.2900814391637, 160.71012638888885, 37.90277777777778, 254.34722222222223, 0.6944444444444444
381, 562.023661926178, 159.65733194444442, 33.90277777777778, 254.45833333333334, 1.375
382, 561.7572424131923, 158.18342499999994, 29.22222222222222, 254.43055555555554, 0.8611111111111112
383, 561.4908229002066, 156.35578750000002, 23.51388888888889, 254.18055555555554, 1.0833333333333333
384, 561.224403387221, 154.60660694444442, 18.09722222222222, 254.06944444444446, 0.5138888888888888
385, 560.9579838742352, 153.5989763888889, 13.708333333333334, 254.36111111111111, 1.6805555555555556
386, 560.6915643612496, 152.23904305555558, 9.152777777777779, 254.55555555555554, 0.6944444444444444
387, 560.4251448482638, 151.11658333333344, 5.833333333333333, 254.25, 1.125
388, 560.1587253352782, 150.61060416666677, 3.6805555555555554, 254.51388888888889, 0.9722222222222222
389, 559.8923058222924, 150.31839444444455, 2.1666666666666665, 254.72222222222223, 1.3055555555555556
390, 559.6258863093067, 150.15084027777783, 1.4583333333333333, 254.80555555555554, 1.2638888888888888
391, 559.359466796321, 150.10203055555564, 1.2222222222222223, 254.875, 1.0972222222222223
392, 559.0930472833353, 149.93531666666672, 1.0, 254.75, 0.8611111111111112
393, 558.8266277703497, 150.12872777777778, 1.1944444444444444, 254.79166666666666, 1.8333333333333333
394, 558.5602082573639, 150.0596972222223, 0.9444444444444444, 254.84722222222223, 1.5972222222222223
395, 558.2937887443783, 150.07439722222227, 1.0277777777777777, 254.80555555555554, 1.7222222222222223
396, 558.0273692313925, 150.11749305555566, 1.0416666666666667, 254.86111111111111, 1.7777777777777777
397, 557.7609497184069, 149.9994388888889, 1.0277777777777777, 254.68055555555554, 1.7083333333333333
398, 557.4945302054211, 150.02843333333337, 0.9444444444444444, 254.77777777777777, 1.6805555555555556
399, 557.2281106924355, 150.06979583333347, 0.9305555555555556, 254.84722222222223, 1.7222222222222223
400, 556.9616911794498, 150.08075138888898, 0.8194444444444444, 254.93055555555554, 1.6805555555555556
401, 556.6952716664641, 150.14745000000005, 1.0555555555555556, 254.88888888888889, 1.8611111111111112
402, 556.4288521534784, 150.13514583333338, 1.0416666666666667, 254.875, 1.8611111111111112
403, 556.1624326404926, 150.0543250000001, 0.9166666666666666, 254.83333333333334, 1.6944444444444444
404, 555.896013127507, 150.0646388888889, 1.1111111111111112, 254.72222222222223, 1.8472222222222223
405, 555.6295936145212, 150.1186916666667, 1.1388888888888888, 254.80555555555554, 1.8194444444444444
406, 555.3631741015356, 149.97395416666674, 0.875, 254.75, 1.5277777777777777
407, 555.0967545885499, 150.08580277777784, 1.0, 254.84722222222223, 1.6805555555555556
408, 554.8303350755642, 150.0793833333334, 1.0277777777777777, 254.81944444444446, 1.6944444444444444
409, 554.5639155625785, 149.97705694444457, 0.8194444444444444, 254.79166666666666, 1.4861111111111112
410, 554.2974960495928, 150.0645972222223, 0.9722222222222222, 254.83333333333334, 1.6388888888888888
411, 554.0310765366071, 150.15703750000006, 1.1527777777777777, 254.86111111111111, 1.8333333333333333
412, 553.7646570236213, 149.92249166666676, 0.7777777777777778, 254.73611111111111, 1.4027777777777777
413, 553.4982375106357, 150.0519944444445, 1.0277777777777777, 254.79166666666666, 1.5972222222222223
414, 553.23181799765, 149.89161527777776, 0.9305555555555556, 254.61111111111111, 1.375
415, 552.9653984846643, 150.00408472222227, 0.9583333333333334, 254.77777777777777, 1.4305555555555556
416, 552.6989789716786, 150.12528333333333, 1.0555555555555556, 254.88888888888889, 1.6666666666666667
417, 552.4325594586929, 150.10255833333335, 1.0833333333333333, 254.83333333333334, 1.6805555555555556
418, 552.1661399457072, 150.05133194444443, 0.9861111111111112, 254.83333333333334, 1.4861111111111112
419, 551.8997204327216, 150.00333611111108, 0.9444444444444444, 254.79166666666666, 1.3888888888888888
420, 551.6333009197358, 149.86069444444445, 0.6944444444444444, 254.70833333333334, 1.2222222222222223
421, 551.36688140675, 150.19617361111108, 1.3194444444444444, 254.79166666666666, 2.0972222222222223
422, 551.1004618937644, 149.86255416666677, 0.7083333333333334, 254.66666666666666, 1.4166666666666667
423, 550.8340423807788, 149.96179861111125, 0.7638888888888888, 254.77777777777777, 1.5694444444444444
424, 550.567622867793, 150.0023055555556, 0.9722222222222222, 254.70833333333334, 1.7361111111111112
425, 550.3012033548073, 150.195275, 1.2777777777777777, 254.81944444444446, 2.0555555555555554
426, 550.0347838418216, 149.97825416666674, 0.7916666666666666, 254.79166666666666, 1.5694444444444444
427, 549.7683643288359, 150.00699166666672, 0.9166666666666666, 254.75, 1.7083333333333333
428, 549.5019448158503, 149.88050694444448, 0.7638888888888888, 254.65277777777777, 1.5
429, 549.2355253028645, 150.2490055555556, 1.3333333333333333, 254.86111111111111, 2.1666666666666665
430, 548.9691057898789, 150.1450319444445, 1.0694444444444444, 254.875, 1.875
431, 548.7026862768931, 150.21453333333338, 1.1944444444444444, 254.90277777777777, 2.013888888888889
432, 548.4362667639075, 149.8294305555556, 0.6944444444444444, 254.63888888888889, 1.3055555555555556
433, 548.1698472509217, 150.05779166666673, 0.9722222222222222, 254.80555555555554, 1.7222222222222223
434, 547.903427737936, 150.11907638888894, 1.0416666666666667, 254.86111111111111, 1.7916666666666667
435, 547.6370082249504, 150.2050972222223, 1.25, 254.86111111111111, 2.0
436, 547.3705887119646, 149.99349027777785, 0.9305555555555556, 254.73611111111111, 1.625
437, 547.104169198979, 150.2378597222223, 1.4027777777777777, 254.84722222222223, 1.9583333333333333
438, 546.8377496859932, 150.08308611111116, 1.0833333333333333, 254.80555555555554, 1.6527777777777777
439, 546.5713301730076, 150.09900555555555, 1.0555555555555556, 254.83333333333334, 1.7222222222222223
440, 546.3049106600218, 150.02520277777782, 0.8888888888888888, 254.81944444444446, 1.5833333333333333
441, 546.0384911470362, 150.04820555555565, 1.0, 254.77777777777777, 1.7083333333333333
442, 545.7720716340505, 150.04593750000012, 1.0416666666666667, 254.75, 1.7222222222222223
443, 545.5056521210647, 150.0602333333334, 1.0, 254.83333333333334, 1.5277777777777777
444, 545.2392326080791, 150.0076138888889, 0.9444444444444444, 254.76388888888889, 1.5694444444444444
445, 544.9728130950933, 150.1696597222222, 1.3194444444444444, 254.72222222222223, 2.2222222222222223
446, 544.7063935821077, 150.096838888889, 0.9166666666666666, 254.81944444444446, 2.138888888888889
447, 544.439974069122, 150.10806666666664, 1.0, 254.66666666666666, 2.8055555555555554
448, 544.1735545561363, 150.26137916666664, 0.9305555555555556, 254.84722222222223, 3.4027777777777777
449, 543.9071350431506, 150.46488888888888, 1.1111111111111112, 254.88888888888889, 4.5
450, 543.6407155301649, 150.44310138888895, 1.0694444444444444, 254.80555555555554, 4.847222222222222
451, 543.3742960171792, 150.6216638888889, 1.2777777777777777, 254.84722222222223, 5.652777777777778
452, 543.1078765041935, 150.59824583333338, 1.1527777777777777, 254.73611111111111, 6.347222222222222
453, 542.8414569912078, 150.70105, 0.8888888888888888, 254.80555555555554, 7.583333333333333
454, 542.5750374782222, 150.89510138888883, 1.2083333333333333, 254.73611111111111, 8.805555555555555
455, 542.3086179652364, 151.10160416666665, 1.3194444444444444, 254.77777777777777, 10.11111111111111
456, 542.0421984522507, 151.3804583333333, 1.5277777777777777, 254.94444444444446, 11.152777777777779
457, 541.775778939265, 151.26476527777783, 1.0972222222222223, 254.77777777777777, 12.125
458, 541.5093594262793, 151.2011208333333, 1.1527777777777777, 254.52777777777777, 12.708333333333334
459, 541.2429399132936, 151.8416111111112, 1.5277777777777777, 254.875, 15.555555555555555
460, 540.9765204003079, 151.97114583333337, 1.5972222222222223, 254.84722222222223, 16.65277777777778
461, 540.7101008873223, 152.18128055555562, 1.6388888888888888, 254.83333333333334, 18.458333333333332
462, 540.4436813743365, 152.2055986111111, 1.5138888888888888, 254.73611111111111, 19.5
463, 540.1772618613509, 152.61661805555562, 1.7361111111111112, 254.88888888888889, 21.73611111111111
464, 539.9108423483651, 152.5828166666667, 1.4166666666666667, 254.79166666666666, 22.77777777777778
465, 539.6444228353794, 152.8339902777778, 1.3472222222222223, 254.86111111111111, 24.805555555555557
466, 539.3780033223937, 152.97411944444443, 1.4444444444444444, 254.875, 25.708333333333332
467, 539.111583809408, 153.23261250000004, 1.5138888888888888, 254.88888888888889, 27.72222222222222
468, 538.8451642964224, 153.3312277777778, 1.4722222222222223, 254.90277777777777, 28.625
469, 538.5787447834366, 153.57043611111112, 1.3333333333333333, 254.93055555555554, 30.944444444444443
470, 538.312325270451, 153.57106666666672, 1.1388888888888888, 254.84722222222223, 31.88888888888889
471, 538.0459057574652, 153.9235625, 1.5972222222222223, 254.76388888888889, 34.208333333333336
472, 537.7794862444796, 154.15847777777773, 1.6111111111111112, 254.83333333333334, 35.875
473, 537.5130667314938, 154.42800833333328, 1.7222222222222223, 254.76388888888889, 38.30555555555556
474, 537.2466472185081, 154.54985555555555, 1.7222222222222223, 254.66666666666666, 39.875
475, 536.9802277055225, 155.05311805555553, 2.013888888888889, 254.83333333333334, 42.666666666666664
476, 536.7138081925368, 155.01379583333335, 1.7638888888888888, 254.68055555555554, 43.763888888888886
477, 536.4473886795511, 155.2712513888889, 1.2361111111111112, 254.88888888888889, 46.333333333333336
478, 536.1809691665653, 155.3108263888889, 1.0416666666666667, 254.86111111111111, 47.333333333333336
479, 535.9145496535797, 155.70977222222226, 1.3055555555555556, 254.875, 50.06944444444444
480, 535.6481301405939, 155.71925833333336, 1.1666666666666667, 254.70833333333334, 51.375
481, 535.3817106276083, 156.1800625, 1.3194444444444444, 254.81944444444446, 54.44444444444444
482, 535.1152911146226, 156.24338888888894, 1.25, 254.73611111111111, 55.611111111111114
483, 534.8488716016368, 156.66643611111115, 1.4722222222222223, 254.94444444444446, 57.666666666666664
484, 534.5824520886512, 156.7184583333334, 1.25, 254.83333333333334, 59.27777777777778
485, 534.3160325756655, 157.10637638888886, 1.375, 254.77777777777777, 62.638888888888886
486, 534.0496130626798, 157.13809305555554, 1.2916666666666667, 254.56944444444446, 64.20833333333333
487, 533.783193549694, 157.62509583333335, 1.5416666666666667, 254.79166666666666, 66.68055555555556
488, 533.5167740367084, 157.93335972222224, 1.8194444444444444, 254.72222222222223, 69.01388888888889
489, 533.2503545237226, 158.31375138888893, 1.7916666666666667, 254.86111111111111, 71.70833333333333
490, 532.983935010737, 158.4693611111111, 1.8055555555555556, 254.73611111111111, 73.68055555555556
491, 532.7175154977513, 159.0585722222222, 2.0555555555555554, 254.91666666666666, 77.26388888888889
492, 532.4510959847656, 159.20501944444445, 1.8888888888888888, 254.81944444444446, 79.48611111111111
493, 532.1846764717799, 159.51410972222226, 1.9583333333333333, 254.73611111111111, 82.44444444444444
494, 531.9182569587942, 159.84805138888885, 2.125, 254.77777777777777, 84.72222222222223
495, 531.6518374458085, 159.9065194444444, 1.1944444444444444, 254.83333333333334, 87.38888888888889
496, 531.3854179328227, 160.199225, 1.3611111111111112, 254.77777777777777, 89.80555555555556
497, 531.1189984198371, 160.38912916666666, 1.0694444444444444, 254.77777777777777, 92.23611111111111
498, 530.8525789068515, 160.54367638888888, 1.2916666666666667, 254.65277777777777, 93.65277777777777
499, 530.5861593938657, 161.12003194444443, 1.625, 254.84722222222223, 96.83333333333333
500, 530.31973988088, 161.13749861111108, 1.5416666666666667, 254.63888888888889, 98.27777777777777
501, 530.0533203678943, 161.74078611111113, 1.7222222222222223, 254.81944444444446, 102.16666666666667
502, 529.7869008549086, 161.81176944444445, 1.6111111111111112, 254.70833333333334, 103.65277777777777
503, 529.520481341923, 162.01315000000005, 1.4166666666666667, 254.79166666666666, 105.5
504, 529.2540618289372, 162.32165694444447, 1.7638888888888888, 254.81944444444446, 107.15277777777777
505, 528.9876423159515, 162.47450138888885, 1.6527777777777777, 254.68055555555554, 109.5
506, 528.7212228029658, 162.75780000000006, 1.8611111111111112, 254.73611111111111, 111.15277777777777
507, 528.4548032899802, 163.0711458333334, 1.4583333333333333, 254.91666666666666, 114.02777777777777
508, 528.1883837769944, 162.94707222222215, 1.2222222222222223, 254.75, 114.41666666666667
509, 527.9219642640087, 163.19900972222223, 1.0138888888888888, 254.79166666666666, 116.95833333333333
510, 527.6555447510231, 163.2116944444445, 1.1111111111111112, 254.66666666666666, 117.45833333333333
511, 527.3891252380373, 163.5983555555556, 1.0277777777777777, 254.84722222222223, 120.13888888888889
512, 527.1227057250517, 163.8876513888889, 1.5416666666666667, 254.81944444444446, 121.47222222222223
513, 526.8562862120659, 164.22538055555555, 1.6111111111111112, 254.93055555555554, 123.68055555555556
514, 526.5898666990803, 164.02489166666663, 1.3611111111111112, 254.61111111111111, 124.22222222222223
515, 526.3234471860945, 164.64075833333337, 1.8611111111111112, 254.94444444444446, 126.59722222222223
516, 526.0570276731089, 164.52705833333331, 1.5, 254.79166666666666, 127.33333333333333
517, 525.7906081601232, 164.7624555555556, 1.4166666666666667, 254.73611111111111, 129.90277777777777
518, 525.5241886471374, 165.03762361111112, 1.5416666666666667, 254.84722222222223, 131.41666666666666
519, 525.2577691341518, 165.30778194444449, 1.625, 254.93055555555554, 133.13888888888889
520, 524.991349621166, 165.3795458333334, 1.7638888888888888, 254.84722222222223, 133.83333333333334
521, 524.7249301081804, 165.53292499999995, 1.5833333333333333, 254.75, 136.15277777777777
522, 524.4585105951946, 165.59035138888885, 1.625, 254.69444444444446, 136.83333333333334
523, 524.192091082209, 166.22455000000005, 2.138888888888889, 254.93055555555554, 139.83333333333334
524, 523.9256715692233, 165.91116250000005, 1.5694444444444444, 254.61111111111111, 140.22222222222223
525, 523.6592520562376, 166.30370833333333, 1.5277777777777777, 254.77777777777777, 142.91666666666666
526, 523.3928325432519, 166.54055416666668, 1.6805555555555556, 254.84722222222223, 144.23611111111111
527, 523.1264130302661, 166.75338333333337, 1.7222222222222223, 254.80555555555554, 146.20833333333334
528, 522.8599935172805, 166.539025, 1.5555555555555556, 254.34722222222223, 147.125
529, 522.5935740042949, 167.19259305555562, 2.125, 254.65277777777777, 149.79166666666666
530, 522.3271544913091, 166.85196944444445, 1.8333333333333333, 254.18055555555554, 150.0
531, 522.0607349783234, 167.00061111111106, 2.2222222222222223, 253.94444444444446, 151.5
532, 521.7943154653377, 167.26358194444452, 2.0972222222222223, 254.19444444444446, 152.84722222222223
533, 521.527895952352, 167.93185694444443, 1.8472222222222223, 254.77777777777777, 156.36111111111111
534, 521.2614764393663, 167.7837263888889, 1.4861111111111112, 254.55555555555554, 157.15277777777777
535, 520.9950569263806, 167.75129027777774, 1.2638888888888888, 254.31944444444446, 158.66666666666666
536, 520.7286374133948, 167.92651527777772, 1.6527777777777777, 254.25, 159.54166666666666
537, 520.4622179004092, 168.39847499999996, 2.0555555555555554, 254.34722222222223, 162.125
538, 520.1957983874236, 168.55216388888888, 2.25, 254.19444444444446, 163.75
539, 519.9293788744378, 168.39054583333336, 2.1805555555555554, 253.63888888888889, 165.375
540, 519.6629593614521, 166.87005972222215, 1.2083333333333333, 251.61111111111111, 165.02777777777777
541, 519.3965398484664, 166.9903347222222, 1.7916666666666667, 250.94444444444446, 167.98611111111111
542, 519.1301203354807, 167.84382777777782, 2.6944444444444446, 251.375, 170.88888888888889
543, 518.863700822495, 167.5705930555555, 2.6805555555555554, 250.54166666666666, 172.81944444444446
544, 518.5972813095093, 166.67959722222224, 1.6666666666666667, 249.48611111111111, 173.09722222222223
545, 518.3308617965237, 166.4518305555556, 1.6944444444444444, 248.63888888888889, 175.38888888888889
546, 518.0644422835379, 166.589926388889, 1.7083333333333333, 248.69444444444446, 176.27777777777777
547, 517.7980227705523, 166.76586944444452, 2.0, 248.51388888888889, 177.98611111111111
548, 517.5316032575665, 166.6529861111112, 2.0833333333333335, 248.13888888888889, 178.70833333333334
549, 517.2651837445808, 165.5038944444444, 1.75, 246.01388888888889, 180.44444444444446
550, 516.9987642315951, 164.51930694444442, 1.0972222222222223, 244.65277777777777, 180.52777777777777
551, 516.7323447186095, 163.87325277777768, 1.3611111111111112, 243.08333333333334, 182.25
552, 516.4659252056238, 163.81929583333329, 1.2083333333333333, 242.875, 183.25
553, 516.199505692638, 163.9336041666667, 1.5972222222222223, 242.38888888888889, 185.73611111111111
554, 515.9330861796524, 163.42495555555564, 1.2777777777777777, 241.55555555555554, 186.40277777777777
555, 515.6666666666666, 163.22430416666666, 2.0972222222222223, 240.30555555555554, 188.93055555555554
556, 515.400247153681, 162.22709583333338, 1.4027777777777777, 239.02777777777777, 188.58333333333334
557, 515.1338276406952, 161.97181388888896, 1.4444444444444444, 238.18055555555554, 190.59722222222223
558, 514.8674081277095, 161.75994444444441, 1.3888888888888888, 237.77777777777777, 190.95833333333334
559, 514.6009886147239, 161.51892222222216, 2.3055555555555554, 236.54166666666666, 192.80555555555554
560, 514.3345691017382, 160.28344027777774, 1.0138888888888888, 235.19444444444446, 192.29166666666666
561, 514.0681495887525, 161.65386944444444, 2.5555555555555554, 235.98611111111111, 196.19444444444446
562, 513.8017300757667, 160.90064861111108, 2.125, 235.01388888888889, 195.72222222222223
563, 513.5353105627811, 159.79648472222217, 1.8194444444444444, 233.18055555555554, 196.27777777777777
564, 513.2688910497953, 159.28250972222227, 1.4305555555555556, 232.41666666666666, 196.72222222222223
565, 513.0024715368097, 158.7888513888889, 1.4861111111111112, 231.18055555555554, 198.61111111111111
566, 512.736052023824, 158.42398333333335, 1.2777777777777777, 230.61111111111111, 198.88888888888889
567, 512.4696325108383, 158.03013888888884, 1.25, 229.81944444444446, 199.58333333333334
568, 512.2032129978526, 157.610175, 0.8888888888888888, 229.34722222222223, 199.27777777777777
569, 511.9367934848669, 157.49462777777774, 1.2222222222222223, 228.61111111111111, 201.18055555555554
570, 511.6703739718812, 157.24430833333335, 1.0833333333333333, 228.25, 201.20833333333334
571, 511.4039544588955, 157.35253888888886, 1.6944444444444444, 227.59722222222223, 203.91666666666666
572, 511.1375349459098, 156.68105833333325, 1.2222222222222223, 226.76388888888889, 203.55555555555554
573, 510.87111543292406, 156.46040694444437, 1.625, 225.88888888888889, 205.06944444444446
574, 510.6046959199384, 155.7138416666667, 1.1666666666666667, 224.95833333333334, 204.51388888888889
575, 510.3382764069527, 155.78736944444452, 1.5833333333333333, 224.47222222222223, 206.56944444444446
576, 510.07185689396704, 154.99507777777782, 1.1666666666666667, 223.47222222222223, 205.86111111111111
577, 509.8054373809813, 155.61838888888897, 1.6666666666666667, 223.77777777777777, 208.44444444444446
578, 509.5390178679956, 155.2705166666668, 1.3611111111111112, 223.40277777777777, 208.125
579, 509.2725983550099, 155.425426388889, 1.5694444444444444, 223.26388888888889, 209.65277777777777
580, 509.0061788420242, 155.2598666666667, 1.6111111111111112, 222.94444444444446, 209.73611111111111
581, 508.7397593290385, 154.44953750000002, 1.4305555555555556, 221.38888888888889, 211.11111111111111
582, 508.4733398160528, 154.27582361111112, 1.3472222222222223, 221.11111111111111, 211.23611111111111
583, 508.20692030306714, 154.36801805555558, 1.7638888888888888, 220.79166666666666, 212.59722222222223
584, 507.9405007900814, 153.64094999999998, 1.4722222222222223, 219.84722222222223, 211.84722222222223
585, 507.67408127709575, 153.15074166666665, 1.6111111111111112, 218.65277777777777, 213.33333333333334
586, 507.40766176411, 152.9811152777778, 1.4861111111111112, 218.41666666666666, 213.38888888888889
587, 507.14124225112437, 152.4936458333333, 2.013888888888889, 216.97222222222223, 215.16666666666666
588, 506.8748227381386, 151.79826388888884, 1.3888888888888888, 216.20833333333334, 214.63888888888889
589, 506.6084032251529, 151.6336055555555, 1.8611111111111112, 215.26388888888889, 216.81944444444446
590, 506.34198371216723, 151.11726388888889, 1.3888888888888888, 214.70833333333334, 216.38888888888889
591, 506.07556419918154, 150.8842666666668, 1.6388888888888888, 213.93055555555554, 217.69444444444446
592, 505.80914468619585, 150.36317500000007, 1.1666666666666667, 213.375, 217.22222222222223
593, 505.54272517321016, 150.7612097222222, 1.7916666666666667, 213.31944444444446, 219.36111111111111
594, 505.27630566022447, 150.41862500000002, 1.6666666666666667, 212.875, 218.97222222222223
595, 505.0098861472387, 150.41198055555554, 1.7222222222222223, 212.625, 220.05555555555554
596, 504.7434666342531, 149.92401388888885, 1.3888888888888888, 212.04166666666666, 219.65277777777777
597, 504.47704712126733, 149.65206944444444, 1.9444444444444444, 210.95833333333334, 221.38888888888889
598, 504.2106276082817, 149.11306666666667, 1.5555555555555556, 210.30555555555554, 221.04166666666666
599, 503.94420809529595, 148.73621805555553, 1.4305555555555556, 209.70833333333334, 221.13888888888889
600, 503.67778858231026, 148.22802916666672, 0.9583333333333334, 209.16666666666666, 220.70833333333334
601, 503.41136906932456, 147.96282638888886, 0.9027777777777778, 208.51388888888889, 221.88888888888889
602, 503.1449495563389, 148.34615277777775, 1.1111111111111112, 208.95833333333334, 222.41666666666666
603, 502.8785300433532, 148.0668694444444, 1.8611111111111112, 207.75, 224.22222222222223
604, 502.6121105303675, 147.23141666666666, 1.25, 206.79166666666666, 223.43055555555554
605, 502.3456910173818, 146.51571666666663, 1.3055555555555556, 205.34722222222223, 224.44444444444446
606, 502.07927150439605, 146.75148055555553, 1.4444444444444444, 205.59722222222223, 224.86111111111111
607, 501.8128519914104, 146.74674027777775, 2.4583333333333335, 204.72222222222223, 226.66666666666666
608, 501.54643247842466, 145.54357916666666, 1.4305555555555556, 203.43055555555554, 225.45833333333334
609, 501.280012965439, 145.03706944444446, 1.3888888888888888, 202.40277777777777, 226.41666666666666
610, 501.0135934524533, 144.7994, 1.2777777777777777, 202.11111111111111, 226.125
611, 500.7471739394676, 145.2690388888889, 2.111111111111111, 202.13888888888889, 227.91666666666666
612, 500.4807544264819, 144.54196805555563, 1.5694444444444444, 201.30555555555554, 227.25
613, 500.2143349134962, 144.89217638888886, 1.8472222222222223, 201.375, 229.23611111111111
614, 499.9479154005105, 143.96826388888888, 1.25, 200.27777777777777, 228.34722222222223
615, 499.68149588752476, 144.19494166666664, 1.4166666666666667, 200.25, 230.04166666666666
616, 499.4150763745391, 143.4717236111111, 0.9583333333333334, 199.38888888888889, 229.33333333333334
617, 499.1486568615534, 143.56153472222226, 1.4583333333333333, 198.86111111111111, 231.52777777777777
618, 498.88223734856774, 143.40254444444443, 1.5, 198.55555555555554, 231.59722222222223
619, 498.615817835582, 143.23825277777777, 1.7777777777777777, 197.79166666666666, 233.36111111111111
620, 498.34939832259636, 142.47546527777777, 1.0416666666666667, 196.97222222222223, 232.81944444444446
621, 498.0829788096106, 142.19240000000002, 1.2777777777777777, 196.19444444444446, 233.72222222222223
622, 497.8165592966249, 141.9255611111111, 1.0555555555555556, 195.86111111111111, 233.68055555555554
623, 497.5501397836392, 141.1976819444444, 1.5138888888888888, 194.06944444444446, 235.31944444444446
624, 497.28372027065353, 140.4814583333333, 0.9722222222222222, 193.22222222222223, 234.81944444444446
625, 497.01730075766784, 140.43363472222225, 1.5694444444444444, 192.38888888888889, 237.125
626, 496.7508812446821, 139.85538888888885, 1.25, 191.65277777777777, 236.68055555555554
627, 496.48446173169646, 138.7159041666667, 1.0972222222222223, 189.80555555555554, 236.59722222222223
628, 496.2180422187107, 137.83388611111116, 0.7222222222222222, 188.56944444444446, 236.20833333333334
629, 495.9516227057251, 137.4615583333333, 1.3611111111111112, 187.19444444444446, 238.34722222222223
630, 495.6852031927393, 137.06716111111115, 1.3055555555555556, 186.48611111111111, 238.68055555555554
631, 495.41878367975363, 137.08741111111112, 2.0, 185.80555555555554, 240.54166666666666
632, 495.15236416676794, 135.91905694444446, 1.2361111111111112, 184.25, 240.30555555555554
633, 494.88594465378225, 134.8695861111111, 1.0833333333333333, 182.38888888888889, 241.08333333333334
634, 494.61952514079655, 134.5592361111111, 0.8333333333333334, 181.84722222222223, 241.80555555555554
635, 494.35310562781086, 135.19817222222218, 2.3055555555555554, 181.625, 244.69444444444446
636, 494.08668611482517, 134.391625, 1.9444444444444444, 180.48611111111111, 244.43055555555554
637, 493.8202666018394, 132.82493472222225, 1.625, 177.86111111111111, 245.04166666666666
638, 493.5538470888538, 130.99187500000002, 0.6944444444444444, 175.52777777777777, 243.41666666666666
639, 493.28742757586804, 130.6002055555556, 1.1388888888888888, 174.29166666666666, 245.18055555555554
640, 493.0210080628824, 130.34934722222224, 1.25, 173.69444444444446, 245.76388888888889
641, 492.75458854989665, 130.04855555555554, 1.6666666666666667, 172.61111111111111, 247.61111111111111
642, 492.48816903691096, 129.2096111111112, 1.3888888888888888, 171.36111111111111, 247.41666666666666
643, 492.22174952392527, 128.48901111111115, 1.4166666666666667, 169.93055555555554, 248.38888888888889
644, 491.9553300109396, 127.87575, 1.3888888888888888, 168.80555555555554, 248.875
645, 491.6889104979539, 127.9284125, 1.8472222222222223, 168.22222222222223, 251.13888888888889
646, 491.4224909849682, 126.77951111111113, 1.4166666666666667, 166.51388888888889, 250.98611111111111
647, 491.1560714719825, 125.08666666666666, 1.1111111111111112, 163.86111111111111, 250.59722222222223
648, 490.88965195899675, 124.64393749999996, 1.3194444444444444, 163.02777777777777, 250.45833333333334
649, 490.6232324460111, 123.76925000000003, 1.6666666666666667, 161.16666666666666, 251.45833333333334
650, 490.35681293302537, 122.4793611111111, 1.1111111111111112, 159.41666666666666, 250.61111111111111
651, 490.09039342003973, 122.38765694444444, 2.0416666666666665, 158.43055555555554, 252.44444444444446
652, 489.823973907054, 121.46254027777769, 1.4027777777777777, 157.25, 252.08333333333334
653, 489.5575543940683, 120.5606513888888, 1.5416666666666667, 155.40277777777777, 253.31944444444446
654, 489.2911348810826, 120.13942222222221, 1.3333333333333333, 154.77777777777777, 253.38888888888889
655, 489.0247153680969, 119.12488055555556, 1.4722222222222223, 152.91666666666666, 253.70833333333334
656, 488.7582958551112, 118.0002444444444, 0.75, 151.43055555555554, 253.38888888888889
657, 488.4918763421255, 117.71365416666669, 1.9305555555555556, 150.13888888888889, 254.43055555555554
658, 488.22545682913983, 116.64240833333338, 1.1944444444444444, 148.77777777777777, 253.97222222222223
659, 487.9590373161541, 116.03266388888892, 1.5555555555555556, 147.54166666666666, 254.04166666666666
660, 487.69261780316845, 114.47826805555555, 0.7916666666666666, 145.44444444444446, 253.20833333333334
661, 487.4261982901827, 113.82953055555562, 1.5, 143.81944444444446, 254.02777777777777
662, 487.15977877719706, 112.04936111111115, 0.6944444444444444, 141.375, 253.11111111111111
663, 486.8933592642113, 111.10800277777777, 1.2222222222222223, 139.40277777777777, 253.625
664, 486.6269397512256, 109.99620972222222, 0.8194444444444444, 137.80555555555554, 253.15277777777777
665, 486.3605202382399, 108.46406944444438, 1.3888888888888888, 134.90277777777777, 253.16666666666666
666, 486.09410072525424, 107.15493750000002, 0.7638888888888888, 133.05555555555554, 252.83333333333334
667, 485.82768121226854, 106.48104166666664, 1.6666666666666667, 131.375, 253.20833333333334
668, 485.5612616992828, 105.63848055555552, 1.3055555555555556, 130.16666666666666, 252.98611111111111
669, 485.29484218629716, 104.3551347222222, 1.5694444444444444, 127.80555555555556, 253.19444444444446
670, 485.0284226733114, 102.63584861111113, 0.9583333333333334, 125.43055555555556, 251.94444444444446
671, 484.7620031603258, 100.69332500000004, 1.1944444444444444, 121.94444444444444, 252.23611111111111
672, 484.49558364734, 99.074238888889, 0.6666666666666666, 119.52777777777777, 251.86111111111111
673, 484.22916413435433, 97.97153194444445, 1.4861111111111112, 117.0, 253.05555555555554
674, 483.96274462136864, 95.98033611111116, 0.8055555555555556, 114.19444444444444, 251.81944444444446
675, 483.69632510838295, 94.57548888888884, 1.2222222222222223, 111.5, 252.27777777777777
676, 483.42990559539726, 92.64069861111109, 0.9305555555555556, 108.52777777777777, 251.375
677, 483.16348608241157, 90.96933055555557, 1.2777777777777777, 105.34722222222223, 252.18055555555554
678, 482.8970665694259, 89.0342152777778, 0.7638888888888888, 102.44444444444444, 251.5
679, 482.6306470564401, 87.9261402777778, 1.375, 100.09722222222223, 252.26388888888889
680, 482.3642275434545, 85.9280930555556, 0.7361111111111112, 97.18055555555556, 251.43055555555554
681, 482.09780803046874, 84.52895694444439, 1.125, 94.47222222222223, 252.08333333333334
682, 481.8313885174831, 82.43538888888882, 0.8333333333333334, 91.19444444444444, 251.36111111111111
683, 481.56496900449736, 81.715775, 1.5555555555555556, 89.34722222222223, 252.66666666666666
684, 481.29854949151166, 80.56767499999998, 1.7222222222222223, 87.43055555555556, 252.02777777777777
685, 481.032129978526, 78.76168750000005, 1.4583333333333333, 84.375, 252.61111111111111
686, 480.7657104655403, 76.91847777777781, 1.1944444444444444, 81.45833333333333, 252.15277777777777
687, 480.4992909525546, 74.41277083333333, 1.1805555555555556, 77.18055555555556, 252.23611111111111
688, 480.2328714395689, 72.58044861111111, 0.9305555555555556, 74.19444444444444, 252.19444444444446
689, 479.9664519265832, 70.8041236111111, 1.125, 70.97222222222223, 252.69444444444446
690, 479.70003241359746, 69.01496944444443, 1.1388888888888888, 68.02777777777777, 252.125
691, 479.4336129006118, 67.49819027777781, 1.7083333333333333, 65.09722222222223, 252.41666666666666
692, 479.16719338762607, 65.03126249999998, 1.2638888888888888, 61.263888888888886, 251.68055555555554
693, 478.90077387464044, 63.11507777777778, 1.8611111111111112, 57.541666666666664, 252.47222222222223
694, 478.6343543616547, 60.018704166666666, 1.2916666666666667, 52.875, 250.83333333333334
695, 478.367934848669, 58.05415972222222, 1.1805555555555556, 49.541666666666664, 251.05555555555554
696, 478.1015153356833, 55.18518472222225, 0.7916666666666666, 45.111111111111114, 249.72222222222223
697, 477.8350958226976, 53.61503055555559, 1.2222222222222223, 42.041666666666664, 250.625
698, 477.5686763097119, 50.93790833333336, 1.1944444444444444, 37.611111111111114, 250.02777777777777
699, 477.3022567967262, 48.26788749999998, 1.4027777777777777, 32.986111111111114, 249.875
700, 477.03583728374053, 45.111518055555536, 1.2083333333333333, 28.069444444444443, 248.01388888888889
701, 476.7694177707548, 42.68091944444442, 1.2222222222222223, 23.90277777777778, 248.11111111111111
702, 476.50299825776915, 39.849173611111105, 0.9027777777777778, 19.416666666666668, 247.20833333333334
703, 476.2365787447834, 38.099258333333324, 1.5833333333333333, 16.0, 247.66666666666666
704, 475.97015923179777, 34.73482361111111, 1.2083333333333333, 10.680555555555555, 246.52777777777777
705, 475.703739718812, 32.189248611111104, 0.9861111111111112, 6.416666666666667, 246.73611111111111
706, 475.4373202058263, 30.641247222222223, 1.1388888888888888, 3.6666666666666665, 246.91666666666666
707, 475.17090069284063, 30.507261111111095, 2.25, 2.513888888888889, 248.76388888888889
708, 474.90448117985494, 29.455194444444444, 1.5277777777777777, 1.2916666666666667, 247.72222222222223
709, 474.63806166686925, 29.435077777777778, 1.5833333333333333, 1.1805555555555556, 247.97222222222223
710, 474.3716421538835, 29.23865, 1.4166666666666667, 1.125, 246.97222222222223
711, 474.10522264089786, 29.816852777777765, 2.0277777777777777, 1.6666666666666667, 247.65277777777777
712, 473.8388031279121, 29.374129166666673, 1.625, 1.3333333333333333, 246.54166666666666
713, 473.5723836149265, 29.353545833333335, 1.625, 1.3333333333333333, 246.36111111111111
714, 473.30596410194073, 29.427008333333326, 1.7222222222222223, 1.4305555555555556, 246.25
715, 473.0395445889551, 29.422116666666664, 1.8888888888888888, 1.4722222222222223, 245.55555555555554
716, 472.77312507596935, 29.342580555555557, 1.8333333333333333, 1.4027777777777777, 245.36111111111111
717, 472.50670556298365, 29.147312499999998, 1.875, 1.2916666666666667, 244.11111111111111
718, 472.24028604999796, 29.107705555555558, 1.8333333333333333, 1.2777777777777777, 243.94444444444446
719, 471.97386653701227, 29.2792625, 2.0972222222222223, 1.5138888888888888, 243.54166666666666
720, 471.7074470240266, 28.831505555555566, 1.6111111111111112, 1.1388888888888888, 242.81944444444446
721, 471.44102751104083, 28.626712499999996, 1.4861111111111112, 1.0694444444444444, 241.70833333333334
722, 471.1746079980552, 28.886544444444453, 1.7777777777777777, 1.1666666666666667, 242.72222222222223
723, 470.90818848506945, 29.161905555555556, 2.0555555555555554, 1.5833333333333333, 242.26388888888889
724, 470.6417689720838, 27.990138888888882, 0.8333333333333334, 0.5277777777777778, 240.625
725, 470.37534945909806, 29.269177777777784, 2.25, 1.6805555555555556, 242.19444444444446
726, 470.10892994611237, 28.492422222222224, 1.4722222222222223, 0.9583333333333334, 241.13888888888889
727, 469.8425104331267, 28.858790277777775, 1.9583333333333333, 1.3888888888888888, 240.86111111111111
728, 469.576090920141, 28.87740416666668, 1.9305555555555556, 1.3888888888888888, 241.09722222222223
729, 469.3096714071553, 29.084566666666667, 2.25, 1.625, 240.86111111111111
730, 469.0432518941696, 28.347740277777778, 1.4861111111111112, 0.9583333333333334, 239.83333333333334
731, 468.7768323811839, 28.65265000000001, 1.8333333333333333, 1.3333333333333333, 239.66666666666666
732, 468.51041286819816, 28.456302777777783, 1.6944444444444444, 1.1666666666666667, 239.16666666666666
733, 468.2439933552125, 28.616309722222233, 1.9027777777777777, 1.5138888888888888, 238.23611111111111
734, 467.9775738422268, 27.990134722222223, 1.2916666666666667, 0.9444444444444444, 237.27777777777777
735, 467.71115432924114, 28.186645833333333, 1.5972222222222223, 1.2638888888888888, 236.55555555555554
736, 467.4447348162554, 27.868304166666665, 1.2638888888888888, 0.9722222222222222, 236.13888888888889
737, 467.1783153032697, 28.340273611111115, 1.8472222222222223, 1.5277777777777777, 235.88888888888889
738, 466.911895790284, 27.95423472222222, 1.5416666666666667, 1.2361111111111112, 234.80555555555554
739, 466.6454762772983, 28.36624305555555, 2.013888888888889, 1.7083333333333333, 234.75
740, 466.3790567643126, 27.932351388888883, 1.625, 1.2777777777777777, 234.18055555555554
741, 466.11263725132693, 28.03589166666667, 2.1944444444444446, 1.3611111111111112, 233.16666666666666
742, 465.84621773834124, 28.060926388888888, 2.263888888888889, 1.3333333333333333, 233.34722222222223
743, 465.5797982253555, 27.916490277777772, 2.1805555555555554, 1.1944444444444444, 233.01388888888889
744, 465.31337871236985, 27.346256944444434, 1.5972222222222223, 0.8194444444444444, 231.47222222222223
745, 465.0469591993841, 27.896818055555553, 2.236111111111111, 1.3888888888888888, 231.69444444444446
746, 464.78053968639847, 27.80268611111111, 2.1666666666666665, 1.2638888888888888, 231.69444444444446
747, 464.5141201734127, 27.532819444444435, 1.9444444444444444, 1.125, 230.625
748, 464.24770066042703, 27.61781527777778, 2.125, 1.1805555555555556, 230.61111111111111
749, 463.98128114744134, 27.54376805555556, 2.1805555555555554, 1.25, 229.45833333333334
750, 463.71486163445564, 27.346436111111114, 2.0277777777777777, 1.0833333333333333, 228.98611111111111
751, 463.44844212146995, 27.513093055555558, 2.263888888888889, 1.3333333333333333, 228.54166666666666
752, 463.18202260848426, 27.75226111111111, 2.5277777777777777, 1.5416666666666667, 228.875
753, 462.91560309549857, 27.521119444444448, 2.2777777777777777, 1.375, 228.36111111111111
754, 462.6491835825128, 27.423606944444444, 2.125, 1.3055555555555556, 228.26388888888889
755, 462.3827640695272, 27.359219444444456, 2.111111111111111, 1.2083333333333333, 228.23611111111111
756, 462.11634455654143, 26.939731944444457, 1.5694444444444444, 0.9583333333333334, 227.26388888888889
757, 461.8499250435558, 27.312419444444433, 2.3333333333333335, 1.3472222222222223, 226.52777777777777
758, 461.58350553057005, 26.55139305555555, 1.4861111111111112, 0.7222222222222222, 225.29166666666666
759, 461.31708601758436, 27.54251944444444, 2.5833333333333335, 1.6388888888888888, 226.38888888888889
760, 461.05066650459867, 26.911680555555552, 1.9444444444444444, 1.0972222222222223, 225.31944444444446
761, 460.784246991613, 26.568695833333337, 1.5138888888888888, 0.9722222222222222, 224.08333333333334
762, 460.5178274786273, 26.762326388888873, 1.7361111111111112, 1.0972222222222223, 224.55555555555554
763, 460.25140796564153, 27.056499999999986, 2.2222222222222223, 1.4722222222222223, 223.93055555555554
764, 459.9849884526559, 26.408559722222208, 1.4861111111111112, 0.8888888888888888, 223.18055555555554
765, 459.71856893967015, 26.932699999999997, 2.1666666666666665, 1.5, 222.84722222222223
766, 459.4521494266845, 26.693744444444434, 1.8611111111111112, 1.2916666666666667, 222.625
767, 459.18572991369876, 27.11908194444445, 2.375, 1.7222222222222223, 222.79166666666666
768, 458.9193104007131, 26.362034722222234, 1.5972222222222223, 1.0416666666666667, 221.69444444444446
769, 458.6528908877274, 26.489424999999997, 1.8611111111111112, 1.1944444444444444, 221.33333333333334
770, 458.3864713747417, 26.481680555555563, 1.8055555555555556, 1.25, 221.125
771, 458.120051861756, 26.74045555555556, 2.25, 1.4861111111111112, 221.01388888888889
772, 457.8536323487703, 26.469377777777787, 1.9166666666666667, 1.1805555555555556, 221.08333333333334
773, 457.5872128357846, 26.393031944444445, 1.9027777777777777, 1.125, 220.73611111111111
774, 457.32079332279886, 26.136936111111115, 1.6111111111111112, 0.875, 220.54166666666666
775, 457.0543738098132, 26.592358333333333, 2.25, 1.25, 220.93055555555554
776, 456.7879542968275, 26.082694444444446, 1.6666666666666667, 0.8055555555555556, 220.27777777777777
777, 456.52153478384184, 26.950319444444442, 2.638888888888889, 1.7777777777777777, 220.33333333333334
778, 456.2551152708561, 26.262554166666657, 1.9583333333333333, 1.0416666666666667, 219.875
779, 455.9886957578704, 26.22211944444443, 2.0, 1.0972222222222223, 219.125
780, 455.7222762448847, 26.08369305555555, 1.8194444444444444, 0.9722222222222222, 219.02777777777777
781, 455.455856731899, 26.25398194444444, 1.9861111111111112, 1.1666666666666667, 219.08333333333334
782, 455.1894372189133, 26.218911111111108, 1.8611111111111112, 1.2083333333333333, 218.88888888888889
783, 454.92301770592763, 26.43675416666666, 2.1805555555555554, 1.5138888888888888, 218.38888888888889
784, 454.65659819294194, 26.22244722222222, 1.9166666666666667, 1.2777777777777777, 218.41666666666666
785, 454.3901786799562, 26.071983333333332, 1.8333333333333333, 1.25, 217.45833333333334
786, 454.12375916697056, 26.02291666666666, 1.8055555555555556, 1.1805555555555556, 217.45833333333334
787, 453.8573396539848, 26.359619444444434, 2.138888888888889, 1.5277777777777777, 217.75
788, 453.5909201409992, 25.897376388888894, 1.6527777777777777, 1.1388888888888888, 216.97222222222223
789, 453.3245006280134, 26.080650000000006, 1.9722222222222223, 1.1805555555555556, 217.52777777777777
790, 453.05808111502773, 25.584172222222225, 1.4722222222222223, 0.7916666666666666, 216.48611111111111
791, 452.79166160204204, 25.69026944444444, 1.6111111111111112, 0.9583333333333334, 216.19444444444446
792, 452.52524208905635, 26.058195833333333, 1.9305555555555556, 1.4305555555555556, 216.15277777777777
793, 452.25882257607066, 26.18430277777778, 2.25, 1.5555555555555556, 215.77777777777777
794, 451.99240306308496, 25.744186111111112, 1.75, 1.2222222222222223, 214.94444444444446
795, 451.7259835500993, 25.211937499999998, 1.3194444444444444, 0.8611111111111112, 213.26388888888889
796, 451.4595640371135, 25.470877777777773, 1.6388888888888888, 1.0694444444444444, 213.625
797, 451.1931445241279, 25.90771527777777, 2.2916666666666665, 1.5972222222222223, 213.02777777777777
798, 450.92672501114214, 25.29819166666666, 1.6944444444444444, 1.1111111111111112, 211.75
799, 450.6603054981565, 25.2910361111111, 1.7222222222222223, 1.3194444444444444, 210.54166666666666
800, 450.39388598517075, 25.37998611111111, 1.8055555555555556, 1.3611111111111112, 210.88888888888889
801, 450.12746647218506, 25.163959722222213, 1.6527777777777777, 1.3055555555555556, 209.68055555555554
802, 449.86104695919937, 25.17731249999999, 1.7361111111111112, 1.2777777777777777, 209.72222222222223
803, 449.5946274462137, 25.492816666666666, 2.111111111111111, 1.6944444444444444, 209.36111111111111
804, 449.328207933228, 25.05092083333333, 1.625, 1.2916666666666667, 208.83333333333334
805, 449.06178842024224, 25.260858333333324, 1.9722222222222223, 1.3888888888888888, 209.26388888888889
806, 448.7953689072566, 24.506529166666652, 1.2361111111111112, 0.6944444444444444, 208.15277777777777
807, 448.52894939427085, 25.0811875, 2.013888888888889, 1.2638888888888888, 208.22222222222223
808, 448.2625298812852, 24.999295833333335, 1.9027777777777777, 1.1944444444444444, 208.15277777777777
809, 447.99611036829947, 25.146648611111104, 2.263888888888889, 1.2777777777777777, 208.06944444444446
810, 447.72969085531383, 24.711708333333327, 1.8055555555555556, 0.8888888888888888, 207.45833333333334
811, 447.4632713423281, 25.483313888888883, 2.8333333333333335, 1.5694444444444444, 208.02777777777777
812, 447.1968518293424, 24.658222222222214, 1.9444444444444444, 0.8888888888888888, 206.625
813, 446.9304323163567, 25.030134722222222, 2.4027777777777777, 1.3888888888888888, 206.11111111111111
814, 446.664012803371, 24.395719444444435, 1.6944444444444444, 0.8333333333333334, 205.26388888888889
815, 446.3975932903853, 24.68930555555556, 2.2222222222222223, 1.0, 205.59722222222223
816, 446.13117377739957, 24.96335833333332, 2.388888888888889, 1.4305555555555556, 205.34722222222223
817, 445.86475426441393, 25.01107777777777, 2.4166666666666665, 1.5138888888888888, 205.26388888888889
818, 445.5983347514282, 24.43289861111111, 1.8472222222222223, 0.9861111111111112, 204.40277777777777
819, 445.33191523844255, 24.71405277777777, 2.25, 1.2222222222222223, 204.59722222222223
820, 445.0654957254568, 24.621463888888886, 2.1666666666666665, 1.1527777777777777, 204.36111111111111
821, 444.7990762124711, 24.716731944444447, 2.4027777777777777, 1.2083333333333333, 204.29166666666666
822, 444.5326566994854, 24.675241666666658, 2.3055555555555554, 1.2222222222222223, 204.11111111111111
823, 444.2662371864997, 24.680747222222223, 2.388888888888889, 1.2916666666666667, 203.58333333333334
824, 443.99981767351403, 24.719565277777782, 2.4027777777777777, 1.375, 203.45833333333334
825, 443.73339816052834, 24.47580416666666, 2.236111111111111, 1.2361111111111112, 202.47222222222223
826, 443.46697864754265, 24.266426388888885, 1.9861111111111112, 1.1388888888888888, 201.79166666666666
827, 443.2005591345569, 24.50119166666666, 2.388888888888889, 1.3472222222222223, 201.72222222222223
828, 442.93413962157126, 24.350743055555547, 2.1527777777777777, 1.3055555555555556, 201.23611111111111
829, 442.6677201085855, 24.312133333333332, 2.138888888888889, 1.5138888888888888, 199.86111111111111
830, 442.4013005955999, 24.26974583333333, 2.125, 1.5, 199.59722222222223
831, 442.13488108261413, 24.1877361111111, 2.2222222222222223, 1.4861111111111112, 198.69444444444446
832, 441.86846156962844, 23.696993055555552, 1.7361111111111112, 1.0972222222222223, 197.66666666666666
833, 441.60204205664274, 23.799538888888893, 1.9722222222222223, 1.2083333333333333, 197.375
834, 441.33562254365705, 23.772818055555554, 1.9583333333333333, 1.2777777777777777, 196.81944444444446
835, 441.06920303067136, 23.865137499999992, 2.0972222222222223, 1.4722222222222223, 196.26388888888889
836, 440.80278351768567, 23.705927777777777, 1.9722222222222223, 1.5694444444444444, 194.69444444444446
837, 440.5363640047, 23.225973611111105, 1.9305555555555556, 0.9861111111111112, 193.59722222222223
838, 440.2699444917142, 23.479687500000004, 2.2916666666666665, 1.4583333333333333, 192.44444444444446
839, 440.0035249787286, 23.30966527777778, 2.236111111111111, 1.375, 191.52777777777777
840, 439.73710546574284, 22.98124722222223, 1.8333333333333333, 1.1527777777777777, 190.84722222222223
841, 439.4706859527572, 23.174227777777777, 2.0277777777777777, 1.5416666666666667, 190.02777777777777
842, 439.20426643977146, 22.644926388888887, 1.5694444444444444, 1.0972222222222223, 188.875
843, 438.93784692678577, 22.754773611111116, 1.8472222222222223, 1.2777777777777777, 188.18055555555554
844, 438.6714274138001, 22.34832361111111, 1.4861111111111112, 1.0416666666666667, 186.77777777777777
845, 438.4050079008144, 22.494398611111123, 1.8472222222222223, 1.2361111111111112, 186.11111111111111
846, 438.1385883878287, 22.438555555555556, 1.8055555555555556, 1.2916666666666667, 185.44444444444446
847, 437.872168874843, 22.410497222222215, 2.111111111111111, 1.3472222222222223, 184.11111111111111
848, 437.6057493618573, 21.63201388888888, 1.25, 0.7777777777777778, 182.47222222222223
849, 437.33932984887156, 22.15505416666667, 1.9583333333333333, 1.2083333333333333, 182.98611111111111
850, 437.0729103358859, 21.841059722222223, 1.625, 0.9861111111111112, 182.25
851, 436.8064908229002, 22.542909722222216, 2.4305555555555554, 1.75, 182.36111111111111
852, 436.54007130991454, 22.037594444444448, 1.9722222222222223, 1.3194444444444444, 181.34722222222223
853, 436.2736517969288, 21.959547222222213, 2.1666666666666665, 1.3194444444444444, 180.15277777777777
854, 436.0072322839431, 21.509827777777772, 1.7222222222222223, 1.0277777777777777, 178.875
855, 435.7408127709574, 21.58275555555555, 1.8888888888888888, 1.0833333333333333, 178.79166666666666
856, 435.4743932579717, 21.626537499999998, 1.9861111111111112, 1.1111111111111112, 178.77777777777777
857, 435.207973744986, 21.639262499999994, 1.9583333333333333, 1.4166666666666667, 177.38888888888889
858, 434.94155423200027, 21.435701388888887, 1.875, 1.1527777777777777, 177.18055555555554
859, 434.67513471901464, 21.711529166666672, 2.2083333333333335, 1.4583333333333333, 177.15277777777777
860, 434.4087152060289, 20.877841666666672, 1.3055555555555556, 0.8888888888888888, 175.13888888888889
861, 434.14229569304325, 21.270443055555564, 1.9583333333333333, 1.2361111111111112, 175.08333333333334
862, 433.8758761800575, 21.265156944444445, 1.9027777777777777, 1.25, 175.11111111111111
863, 433.60945666707187, 21.00455416666667, 1.6805555555555556, 1.0972222222222223, 174.19444444444446
864, 433.3430371540861, 21.033981944444452, 1.7083333333333333, 1.2222222222222223, 173.73611111111111
865, 433.0766176411004, 21.16768750000001, 1.875, 1.5, 173.04166666666666
866, 432.81019812811473, 20.884762500000008, 1.6805555555555556, 1.2222222222222223, 172.5
867, 432.54377861512904, 21.097531944444455, 1.9027777777777777, 1.5416666666666667, 172.13888888888889
868, 432.27735910214335, 20.78890972222222, 1.5972222222222223, 1.3333333333333333, 171.30555555555554
869, 432.0109395891576, 20.915166666666657, 1.9444444444444444, 1.4444444444444444, 170.93055555555554
870, 431.74452007617197, 20.898844444444446, 1.9722222222222223, 1.4861111111111112, 170.5
871, 431.4781005631862, 20.59531250000001, 1.7361111111111112, 1.1944444444444444, 169.95833333333334
872, 431.2116810502006, 20.94804444444445, 2.0555555555555554, 1.6111111111111112, 170.06944444444446
873, 430.94526153721483, 20.4521138888889, 2.0555555555555554, 1.125, 168.22222222222223
874, 430.67884202422914, 20.17017361111111, 1.875, 0.8472222222222222, 167.65277777777777
875, 430.41242251124345, 20.958752777777782, 2.888888888888889, 1.6527777777777777, 167.76388888888889
876, 430.14600299825776, 20.139527777777786, 1.9444444444444444, 1.0833333333333333, 165.98611111111111
877, 429.87958348527206, 20.212676388888884, 2.263888888888889, 1.1666666666666667, 165.36111111111111
878, 429.6131639722864, 20.336087499999994, 2.4583333333333335, 1.375, 164.86111111111111
879, 429.3467444593007, 19.810263888888894, 1.9444444444444444, 1.1805555555555556, 162.59722222222223
880, 429.08032494631493, 19.763944444444448, 1.9444444444444444, 1.25, 161.83333333333334
881, 428.8139054333293, 19.572912499999997, 1.8472222222222223, 1.2222222222222223, 160.55555555555554
882, 428.54748592034355, 19.402780555555566, 1.7777777777777777, 1.0972222222222223, 159.88888888888889
883, 428.2810664073579, 19.402850000000004, 1.7777777777777777, 1.1944444444444444, 159.38888888888889
884, 428.01464689437216, 19.077306944444445, 1.5138888888888888, 1.0277777777777777, 158.08333333333334
885, 427.74822738138647, 19.48743611111111, 2.3055555555555554, 1.3611111111111112, 157.88888888888889
886, 427.4818078684008, 19.229408333333332, 2.1666666666666665, 1.2916666666666667, 156.34722222222223
887, 427.2153883554151, 19.456556944444454, 2.625, 1.4722222222222223, 156.20833333333334
888, 426.9489688424294, 19.097630555555565, 2.3055555555555554, 1.25, 155.04166666666666
889, 426.6825493294437, 18.407638888888883, 1.6666666666666667, 0.8611111111111112, 152.66666666666666
890, 426.416129816458, 18.387604166666662, 1.7361111111111112, 1.0694444444444444, 151.23611111111111
891, 426.14971030347226, 18.767923611111105, 2.2916666666666665, 1.4722222222222223, 151.04166666666666
892, 425.8832907904866, 18.109300000000005, 1.7222222222222223, 1.0555555555555556, 148.90277777777777
893, 425.6168712775009, 18.25205138888889, 1.9861111111111112, 1.1805555555555556, 148.81944444444446
894, 425.35045176451524, 17.774931944444447, 1.5138888888888888, 1.0694444444444444, 146.44444444444446
895, 425.0840322515295, 18.062920833333337, 2.4583333333333335, 1.125, 146.20833333333334
896, 424.8176127385438, 17.936300000000003, 2.4166666666666665, 1.2083333333333333, 144.77777777777777
897, 424.5511932255581, 17.84684583333333, 2.513888888888889, 1.2222222222222223, 143.66666666666666
898, 424.2847737125724, 17.694584722222217, 2.3472222222222223, 1.25, 142.625
899, 424.0183541995867, 18.16188611111111, 3.0833333333333335, 1.6388888888888888, 142.79166666666666
900, 423.751934686601, 17.17834305555555, 1.9861111111111112, 0.8888888888888888, 140.90277777777777
901, 423.48551517361534, 17.552566666666664, 2.6666666666666665, 1.25, 140.54166666666666
902, 423.2190956606296, 16.980208333333334, 2.0833333333333335, 0.75, 139.625
903, 422.95267614764396, 17.24943472222223, 2.5972222222222223, 1.125, 138.70833333333334
904, 422.6862566346582, 17.139072222222225, 2.4722222222222223, 1.2083333333333333, 137.63888888888889
905, 422.4198371216726, 17.054819444444448, 2.7777777777777777, 1.125, 136.52777777777777
906, 422.1534176086868, 17.149863888888895, 3.0277777777777777, 1.3888888888888888, 135.34722222222223
907, 421.88699809570113, 17.03937222222222, 3.2222222222222223, 1.25, 134.58333333333334
908, 421.62057858271544, 17.02541111111111, 3.25, 1.4305555555555556, 133.45833333333334
909, 421.35415906972975, 17.075513888888892, 3.75, 1.3611111111111112, 132.94444444444446
910, 421.08773955674405, 16.535495833333336, 3.0972222222222223, 1.0972222222222223, 131.27777777777777
911, 420.8213200437583, 16.90747361111112, 3.736111111111111, 1.5, 130.79166666666666
912, 420.55490053077267, 16.88155, 3.9444444444444446, 1.5277777777777777, 129.875
913, 420.2884810177869, 16.148629166666677, 3.2916666666666665, 1.0, 127.875
914, 420.0220615048013, 16.09013888888889, 3.3333333333333335, 1.1111111111111112, 126.68055555555556
915, 419.75564199181554, 16.96505416666666, 4.458333333333333, 1.875, 127.47222222222223
916, 419.48922247882984, 16.020268055555555, 3.5694444444444446, 1.1388888888888888, 125.30555555555556
917, 419.22280296584415, 16.003934722222223, 4.125, 1.0277777777777777, 124.27777777777777
918, 418.95638345285846, 15.71118333333333, 4.0, 1.0, 122.18055555555556
919, 418.68996393987277, 15.543091666666665, 4.083333333333333, 0.9166666666666666, 120.91666666666667
920, 418.4235444268871, 15.396366666666669, 4.111111111111111, 1.1111111111111112, 118.55555555555556
921, 418.1571249139014, 15.878675000000003, 5.055555555555555, 1.5138888888888888, 118.23611111111111
922, 417.89070540091564, 15.504566666666664, 4.75, 1.4583333333333333, 116.04166666666667
923, 417.62428588793, 15.587779166666666, 5.541666666666667, 1.375, 115.125
924, 417.35786637494425, 15.19618611111112, 5.361111111111111, 1.1666666666666667, 113.23611111111111
925, 417.0914468619586, 15.151636111111108, 6.0, 1.0972222222222223, 111.52777777777777
926, 416.82502734897287, 15.083093055555556, 6.013888888888889, 1.2916666666666667, 109.88888888888889
927, 416.5586078359872, 15.231765277777775, 6.930555555555555, 1.2777777777777777, 108.86111111111111
928, 416.2921883230015, 14.619456944444444, 6.402777777777778, 1.0833333333333333, 105.875
929, 416.0257688100158, 14.2658, 6.166666666666667, 0.9166666666666666, 104.25
930, 415.7593492970301, 14.734952777777774, 7.138888888888889, 1.3611111111111112, 103.52777777777777
931, 415.4929297840444, 14.509005555555555, 6.888888888888889, 1.5, 101.48611111111111
932, 415.2265102710587, 14.240386111111112, 6.972222222222222, 1.2777777777777777, 100.05555555555556
933, 414.96009075807297, 14.35172222222222, 8.055555555555555, 1.1666666666666667, 98.76388888888889
