Extraction [ img/s4/seq3/mys3.jpg ] effectuee 2026-05-28 17:44:43.874396
Calibration: -0.2664195129856975*x + 663.5294963737288 [largueur 2619 + 934]

pixel, longueur d'onde, intensite, r, g, b
0, 663.5294963737288, 91.15217849462367, 171.8709677419355, 51.344086021505376, 84.56989247311827
1, 663.263076860743, 92.1128204301075, 173.6236559139785, 51.87096774193548, 85.68817204301075
2, 662.9966573477574, 92.52723010752688, 174.04301075268816, 52.29032258064516, 86.06451612903226
3, 662.7302378347716, 92.82050430107529, 174.63440860215053, 52.365591397849464, 86.6989247311828
4, 662.463818321786, 93.66560752688176, 175.53763440860214, 53.17204301075269, 87.59139784946237
5, 662.1973988088002, 94.3508623655914, 177.50537634408602, 53.043010752688176, 89.10752688172043
6, 661.9309792958146, 94.08878172043005, 177.34408602150538, 52.72043010752688, 88.89247311827957
7, 661.6645597828289, 94.96188387096768, 178.79569892473117, 53.24731182795699, 90.03225806451613
8, 661.3981402698432, 95.59763763440856, 179.43010752688173, 53.89247311827957, 90.6236559139785
9, 661.1317207568575, 96.32081075268812, 180.81720430107526, 54.16129032258065, 91.94623655913979
10, 660.8653012438718, 96.28083548387093, 180.78494623655914, 54.10752688172043, 91.95698924731182
11, 660.5988817308861, 97.29915806451613, 183.04301075268816, 54.333333333333336, 93.80645161290323
12, 660.3324622179003, 96.83251505376344, 182.59139784946237, 53.86021505376344, 93.33333333333333
13, 660.0660427049147, 97.48019462365588, 184.29032258064515, 53.795698924731184, 94.89247311827957
14, 659.799623191929, 97.61423333333327, 184.44086021505376, 53.913978494623656, 95.06451612903226
15, 659.5332036789433, 98.84773763440862, 186.70967741935485, 54.494623655913976, 96.94623655913979
16, 659.2667841659576, 98.5898150537634, 186.4731182795699, 54.225806451612904, 96.68817204301075
17, 659.0003646529719, 99.79919784946239, 188.55913978494624, 54.87096774193548, 98.50537634408602
18, 658.7339451399862, 100.18625591397851, 188.94623655913978, 55.25806451612903, 98.89247311827957
19, 658.4675256270006, 101.55880215053763, 190.68817204301075, 56.40860215053763, 100.44086021505376
20, 658.2011061140148, 101.45489784946238, 190.69892473118279, 56.236559139784944, 100.38709677419355
21, 657.9346866010292, 102.38049354838715, 193.23655913978496, 56.043010752688176, 102.84946236559139
22, 657.6682670880434, 102.10567311827965, 193.05376344086022, 55.70967741935484, 102.63440860215054
23, 657.4018475750577, 102.20308387096773, 193.56989247311827, 55.53763440860215, 103.02150537634408
24, 657.135428062072, 101.9235419354839, 193.29032258064515, 55.25806451612903, 102.74193548387096
25, 656.8690085490863, 102.15944838709673, 194.33333333333334, 54.97849462365591, 103.51612903225806
26, 656.6025890361007, 101.80201075268819, 193.9784946236559, 54.61290322580645, 103.19354838709677
27, 656.3361695231149, 102.02854301075277, 195.43010752688173, 54.096774193548384, 104.03225806451613
28, 656.0697500101293, 102.00703978494627, 195.40860215053763, 54.075268817204304, 104.01075268817205
29, 655.8033304971435, 102.64256021505373, 197.19354838709677, 53.946236559139784, 105.56989247311827
30, 655.5369109841579, 102.13723440860221, 196.68817204301075, 53.44086021505376, 105.06451612903226
31, 655.2704914711721, 102.61727849462363, 198.18279569892474, 53.236559139784944, 106.40860215053763
32, 655.0040719581864, 102.80005591397848, 198.36559139784947, 53.41935483870968, 106.59139784946237
33, 654.7376524452008, 102.9062602150538, 199.2258064516129, 52.97849462365591, 107.53763440860214
34, 654.471232932215, 102.55145698924726, 198.8709677419355, 52.623655913978496, 107.18279569892474
35, 654.2048134192294, 103.41514838709672, 200.23655913978496, 53.17204301075269, 108.35483870967742
36, 653.9383939062436, 103.1014634408602, 200.09677419354838, 52.75268817204301, 108.12903225806451
37, 653.671974393258, 102.99397849462366, 201.72043010752688, 51.483870967741936, 109.46236559139786
38, 653.4055548802722, 102.86979784946233, 201.80645161290323, 51.24731182795699, 109.36559139784946
39, 653.1391353672866, 103.20298172043009, 202.5483870967742, 51.31182795698925, 110.01075268817205
40, 652.8727158543008, 103.12772043010753, 202.4731182795699, 51.236559139784944, 109.93548387096774
41, 652.6062963413152, 103.2111709677419, 203.88172043010752, 50.55913978494624, 110.46236559139786
42, 652.3398768283295, 103.36169354838712, 204.03225806451613, 50.70967741935484, 110.61290322580645
43, 652.0734573153437, 103.36518709677419, 205.2258064516129, 49.903225806451616, 111.66666666666667
44, 651.8070378023581, 103.17311612903224, 205.0752688172043, 49.68817204301075, 111.48387096774194
45, 651.5406182893723, 103.48325913978495, 206.65591397849462, 49.225806451612904, 112.44086021505376
46, 651.2741987763867, 103.76215483870966, 206.94623655913978, 49.494623655913976, 112.74193548387096
47, 651.007779263401, 103.7845408602151, 208.247311827957, 48.774193548387096, 113.23655913978494
48, 650.7413597504153, 103.06429892473115, 207.5483870967742, 48.043010752688176, 112.51612903225806
49, 650.4749402374296, 103.26822258064514, 208.95698924731184, 47.60215053763441, 112.88172043010752
50, 650.2085207244439, 102.70913870967746, 208.3978494623656, 47.043010752688176, 112.3225806451613
51, 649.9421012114582, 102.95766881720431, 209.01075268817203, 47.064516129032256, 112.78494623655914
52, 649.6756816984725, 103.0670580645161, 209.20430107526883, 47.13978494623656, 112.84946236559139
53, 649.4092621854868, 102.95322580645163, 210.752688172043, 46.17204301075269, 112.7741935483871
54, 649.142842672501, 103.24761182795696, 211.08602150537635, 46.45161290322581, 113.04301075268818
55, 648.8764231595154, 103.5134903225806, 211.65591397849462, 46.59139784946237, 113.16129032258064
56, 648.6100036465297, 102.87914516129034, 211.0215053763441, 45.956989247311824, 112.52688172043011
57, 648.343584133544, 103.52890967741934, 212.51612903225808, 46.29032258064516, 112.59139784946237
58, 648.0771646205583, 103.82306344086022, 212.80645161290323, 46.59139784946237, 112.86021505376344
59, 647.8107451075726, 104.22149354838714, 213.66666666666666, 46.82795698924731, 112.88172043010752
60, 647.5443255945869, 104.55497634408607, 214.0, 47.17204301075269, 113.16129032258064
61, 647.2779060816013, 104.97577311827949, 215.1720430107527, 47.27956989247312, 113.2258064516129
62, 647.0114865686155, 105.68678817204304, 215.88172043010752, 48.0, 113.89247311827957
63, 646.7450670556299, 106.36081827956986, 217.30107526881721, 48.344086021505376, 114.31182795698925
64, 646.4786475426441, 106.03156129032259, 216.96774193548387, 48.03225806451613, 113.90322580645162
65, 646.2122280296584, 106.40066989247312, 217.81720430107526, 48.24731182795699, 113.80645161290323
66, 645.9458085166727, 106.04359784946236, 217.46236559139786, 47.903225806451616, 113.3763440860215
67, 645.679389003687, 106.48301075268819, 218.38709677419354, 48.11827956989247, 113.6989247311828
68, 645.4129694907014, 106.04834193548388, 217.9784946236559, 47.68817204301075, 113.17204301075269
69, 645.1465499777156, 106.74467741935489, 219.3548387096774, 48.225806451612904, 112.90322580645162
70, 644.88013046473, 106.1081795698925, 218.74193548387098, 47.59139784946237, 112.19354838709677
71, 644.6137109517442, 106.25918494623657, 219.01075268817203, 47.70967741935484, 112.20430107526882
72, 644.3472914387586, 106.29143978494618, 219.04301075268816, 47.74193548387097, 112.23655913978494
73, 644.0808719257728, 106.64757204301075, 219.8709677419355, 47.86021505376344, 112.58064516129032
74, 643.8144524127872, 106.68812688172048, 219.91397849462365, 47.903225806451616, 112.60215053763442
75, 643.5480328998015, 107.28429784946233, 221.32258064516128, 48.18279569892473, 112.6989247311828
76, 643.2816133868157, 106.29900967741929, 220.33333333333334, 47.204301075268816, 111.68817204301075
77, 643.0151938738301, 106.46600430107532, 221.03225806451613, 47.11827956989247, 111.76344086021506
78, 642.7487743608443, 106.40535483870963, 220.96774193548387, 47.064516129032256, 111.6774193548387
79, 642.4823548478587, 106.31520752688172, 221.4731182795699, 46.72043010752688, 111.33333333333333
80, 642.2159353348729, 106.05735161290318, 221.21505376344086, 46.473118279569896, 111.02150537634408
81, 641.9495158218873, 106.82812473118278, 222.40860215053763, 47.03225806451613, 111.7741935483871
82, 641.6830963089016, 106.62647849462364, 222.20430107526883, 46.83870967741935, 111.53763440860214
83, 641.4166767959159, 107.39060752688175, 223.1720430107527, 47.516129032258064, 112.21505376344086
84, 641.1502572829302, 107.36799462365589, 223.1720430107527, 47.483870967741936, 112.18279569892474
85, 640.8838377699444, 107.72590000000002, 224.33333333333334, 47.39784946236559, 112.72043010752688
86, 640.6174182569588, 108.16916774193548, 224.7741935483871, 47.83870967741935, 113.18279569892474
87, 640.350998743973, 109.01225483870968, 225.94623655913978, 48.55913978494624, 113.79569892473118
88, 640.0845792309874, 109.54370645161293, 226.48387096774192, 49.096774193548384, 114.27956989247312
89, 639.8181597180017, 109.52507956989251, 226.94623655913978, 48.956989247311824, 113.6236559139785
90, 639.551740205016, 109.068211827957, 226.48387096774192, 48.526881720430104, 113.04301075268818
91, 639.2853206920303, 109.52376989247314, 227.78494623655914, 48.69892473118279, 112.74193548387096
92, 639.0189011790446, 110.3902956989247, 228.65591397849462, 49.60215053763441, 113.40860215053763
93, 638.7524816660589, 110.65686559139779, 229.6236559139785, 49.70967741935484, 112.65591397849462
94, 638.4860621530732, 110.86732903225808, 229.8279569892473, 49.98924731182796, 112.52688172043011
95, 638.2196426400875, 111.80129462365593, 231.67741935483872, 50.634408602150536, 112.54838709677419
96, 637.9532231271018, 111.93848494623651, 231.81720430107526, 50.83870967741935, 112.33333333333333
97, 637.6868036141161, 112.24019139784943, 232.6021505376344, 51.10752688172043, 111.53763440860214
98, 637.4203841011304, 112.45671720430109, 232.8279569892473, 51.365591397849464, 111.51612903225806
99, 637.1539645881447, 113.19914731182797, 233.79569892473117, 52.064516129032256, 111.89247311827957
100, 636.887545075159, 112.53022258064519, 233.25806451612902, 51.516129032258064, 110.25806451612904
101, 636.6211255621733, 113.75515053763444, 235.80645161290323, 52.30107526881721, 110.27956989247312
102, 636.3547060491876, 113.36752258064513, 235.41935483870967, 52.096774193548384, 108.94623655913979
103, 636.088286536202, 113.86707419354839, 236.13978494623655, 52.59139784946237, 108.89247311827957
104, 635.8218670232162, 114.07046344086017, 236.33333333333334, 52.86021505376344, 108.78494623655914
105, 635.5554475102306, 114.06467634408604, 237.0, 52.623655913978496, 108.20430107526882
106, 635.2890279972448, 113.94174193548393, 236.88172043010752, 52.59139784946237, 107.60215053763442
107, 635.0226084842591, 114.17828279569892, 238.3548387096774, 52.43010752688172, 106.64516129032258
108, 634.7561889712734, 114.44792473118277, 238.6021505376344, 52.83870967741935, 106.25806451612904
109, 634.4897694582877, 115.08695913978495, 240.40860215053763, 53.043010752688176, 106.0752688172043
110, 634.2233499453021, 115.15391182795697, 240.4516129032258, 53.26881720430107, 105.38709677419355
111, 633.9569304323163, 115.74656559139787, 242.19354838709677, 53.53763440860215, 104.63440860215054
112, 633.6905109193307, 115.59412688172043, 242.06451612903226, 53.473118279569896, 103.96774193548387
113, 633.4240914063449, 116.5275946236559, 243.6236559139785, 54.29032258064516, 103.86021505376344
114, 633.1576718933593, 117.21058064516122, 244.30107526881721, 55.01075268817204, 104.36559139784946
115, 632.8912523803735, 117.5275731182796, 245.23655913978496, 55.11827956989247, 104.13978494623656
116, 632.6248328673878, 118.0288806451613, 245.9247311827957, 55.634408602150536, 104.0752688172043
117, 632.3584133544022, 118.6019150537634, 247.94623655913978, 55.60215053763441, 103.96774193548387
118, 632.0919938414164, 118.41643118279572, 248.05376344086022, 55.41935483870968, 103.0
119, 631.8255743284308, 119.1291795698925, 249.49462365591398, 55.86021505376344, 103.20430107526882
120, 631.559154815445, 119.5494860215054, 249.8709677419355, 56.30107526881721, 103.63440860215054
121, 631.2927353024594, 120.0444021505376, 250.6021505376344, 56.83870967741935, 103.29032258064517
122, 631.0263157894736, 120.16962903225806, 250.80645161290323, 56.935483870967744, 103.35483870967742
123, 630.759896276488, 120.91179569892473, 251.72043010752688, 57.69892473118279, 103.53763440860214
124, 630.4934767635023, 120.75592580645161, 251.70967741935485, 57.516129032258064, 103.13978494623656
125, 630.2270572505166, 121.5109849462365, 252.7311827956989, 58.30107526881721, 103.04301075268818
126, 629.9606377375309, 121.7040849462365, 252.80645161290323, 58.60215053763441, 102.98924731182795
127, 629.6942182245452, 121.95088494623653, 253.30107526881721, 58.87096774193548, 102.47311827956989
128, 629.4277987115595, 122.28534838709679, 253.61290322580646, 59.29032258064516, 102.43010752688173
129, 629.1613791985737, 122.51798172043003, 253.6236559139785, 59.806451612903224, 101.78494623655914
130, 628.8949596855881, 122.44491075268817, 253.68817204301075, 59.70967741935484, 101.47311827956989
131, 628.6285401726024, 123.25780645161291, 253.9784946236559, 60.81720430107527, 102.13978494623656
132, 628.3621206596167, 123.84919462365589, 254.18279569892474, 61.655913978494624, 102.47311827956989
133, 628.095701146631, 124.19030752688155, 254.34408602150538, 62.30107526881721, 101.72043010752688
134, 627.8292816336453, 124.66710537634391, 254.43010752688173, 63.02150537634409, 101.96774193548387
135, 627.5628621206596, 125.12068064516123, 254.59139784946237, 63.72043010752688, 101.9247311827957
136, 627.296442607674, 125.33209999999994, 254.59139784946237, 64.04301075268818, 102.11827956989248
137, 627.0300230946882, 125.2465483870968, 254.6236559139785, 64.13978494623656, 100.78494623655914
138, 626.7636035817025, 125.17523225806453, 254.55913978494624, 64.10752688172043, 100.49462365591398
139, 626.4971840687168, 125.63655161290325, 254.80645161290323, 64.90322580645162, 99.79569892473118
140, 626.2307645557311, 125.62507311827959, 254.752688172043, 64.95698924731182, 99.55913978494624
141, 625.9643450427454, 126.15028494623655, 254.89247311827958, 65.84946236559139, 99.20430107526882
142, 625.6979255297597, 125.88900430107532, 254.90322580645162, 65.50537634408602, 98.65591397849462
143, 625.431506016774, 126.17904086021514, 254.86021505376345, 66.16129032258064, 97.93548387096774
144, 625.1650865037883, 126.65265591397865, 254.94623655913978, 66.83870967741936, 98.3763440860215
145, 624.8986669908027, 127.50998602150536, 254.9784946236559, 68.24731182795699, 98.55913978494624
146, 624.6322474778169, 127.74676881720427, 255.0, 68.60215053763442, 98.75268817204301
147, 624.3658279648313, 128.34402043010755, 254.95698924731184, 69.59139784946237, 99.01075268817205
148, 624.0994084518455, 128.73038817204304, 254.93548387096774, 70.34408602150538, 98.58064516129032
149, 623.8329889388598, 129.3518935483871, 254.93548387096774, 71.35483870967742, 98.82795698924731
150, 623.5665694258741, 129.6107989247311, 254.91397849462365, 71.89247311827957, 98.38709677419355
151, 623.3001499128884, 130.4874075268817, 254.95698924731184, 73.23655913978494, 99.04301075268818
152, 623.0337303999028, 130.5110322580645, 254.94623655913978, 73.3010752688172, 98.94623655913979
153, 622.767310886917, 130.97739892473106, 254.93548387096774, 74.17204301075269, 98.58064516129032
154, 622.5008913739314, 131.2423623655913, 254.9784946236559, 74.58064516129032, 98.68817204301075
155, 622.2344718609456, 131.8925344086021, 254.9784946236559, 75.76344086021506, 98.3010752688172
156, 621.96805234796, 131.72389354838705, 254.93548387096774, 75.61290322580645, 97.70967741935483
157, 621.7016328349742, 132.51696451612898, 254.9784946236559, 76.94623655913979, 97.68817204301075
158, 621.4352133219886, 132.49796666666666, 254.95698924731184, 77.0, 97.3010752688172
159, 621.1687938090029, 133.01989999999995, 254.8709677419355, 78.06451612903226, 96.6236559139785
160, 620.9023742960171, 133.26705591397854, 254.9247311827957, 78.46236559139786, 96.60215053763442
161, 620.6359547830315, 133.9664612903226, 254.95698924731184, 79.66666666666667, 96.45161290322581
162, 620.3695352700457, 134.3096, 254.96774193548387, 80.19354838709677, 96.72043010752688
163, 620.1031157570601, 134.73829139784948, 254.93548387096774, 80.95698924731182, 96.63440860215054
164, 619.8366962440743, 135.0246956989248, 254.9784946236559, 81.47311827956989, 96.3763440860215
165, 619.5702767310887, 135.84226881720434, 254.94623655913978, 82.90322580645162, 96.26881720430107
166, 619.303857218103, 136.29040860215062, 254.94623655913978, 83.66666666666667, 96.26881720430107
167, 619.0374377051173, 136.68833978494632, 254.98924731182797, 84.39784946236558, 95.88172043010752
168, 618.7710181921316, 136.5663870967743, 254.94623655913978, 84.39784946236558, 94.9247311827957
169, 618.5045986791458, 136.79300752688172, 254.9784946236559, 84.90322580645162, 94.2258064516129
170, 618.2381791661602, 136.62970752688167, 254.96774193548387, 84.86021505376344, 93.04301075268818
171, 617.9717596531744, 136.95672258064513, 254.81720430107526, 85.68817204301075, 92.04301075268818
172, 617.7053401401888, 137.1425032258064, 254.86021505376345, 86.05376344086021, 91.6774193548387
173, 617.4389206272031, 138.24354408602153, 254.98924731182797, 87.83870967741936, 91.80645161290323
174, 617.1725011142174, 138.0396354838709, 254.93548387096774, 87.6774193548387, 90.98924731182795
175, 616.9060816012317, 138.70183763440866, 254.8494623655914, 88.98924731182795, 90.26881720430107
176, 616.639662088246, 139.01919032258073, 254.8709677419355, 89.61290322580645, 89.78494623655914
177, 616.3732425752603, 139.69519032258074, 254.9784946236559, 90.78494623655914, 89.39784946236558
178, 616.1068230622747, 140.11265376344087, 254.96774193548387, 91.59139784946237, 88.93548387096774
179, 615.8404035492889, 140.95764086021507, 254.98924731182797, 92.96774193548387, 89.20430107526882
180, 615.5739840363033, 141.41955483870964, 254.98924731182797, 93.89247311827957, 88.49462365591398
181, 615.3075645233175, 142.30109354838703, 254.9784946236559, 95.46236559139786, 88.17204301075269
182, 615.0411450103318, 142.71523225806442, 254.98924731182797, 96.34408602150538, 87.23655913978494
183, 614.7747254973461, 143.38960860215053, 254.98924731182797, 97.58064516129032, 86.78494623655914
184, 614.5083059843604, 143.50857956989245, 254.95698924731184, 97.93548387096774, 86.08602150537635
185, 614.2418864713748, 144.25288064516127, 254.95698924731184, 99.24731182795699, 85.86021505376344
186, 613.975466958389, 144.34742043010746, 254.93548387096774, 99.63440860215054, 84.75268817204301
187, 613.7090474454034, 144.97548279569884, 254.8494623655914, 100.95698924731182, 83.6774193548387
188, 613.4426279324176, 145.4966279569892, 254.90322580645162, 101.75268817204301, 84.01075268817205
189, 613.176208419432, 146.6444677419355, 255.0, 103.61290322580645, 84.24731182795699
190, 612.9097889064462, 146.8557580645162, 255.0, 104.0, 84.10752688172043
191, 612.6433693934605, 147.7186462365592, 254.93548387096774, 105.63440860215054, 83.43010752688173
192, 612.3769498804749, 148.3332655913979, 254.9784946236559, 106.70967741935483, 83.17204301075269
193, 612.1105303674891, 149.29783440860226, 254.98924731182797, 108.38709677419355, 82.96774193548387
194, 611.8441108545035, 149.79002795698935, 254.98924731182797, 109.29032258064517, 82.63440860215054
195, 611.5776913415177, 150.7225430107527, 255.0, 110.95698924731182, 82.20430107526882
196, 611.3112718285321, 151.39648172043007, 254.96774193548387, 112.08602150537635, 82.38709677419355
197, 611.0448523155463, 152.25858602150547, 255.0, 113.55913978494624, 82.27956989247312
198, 610.7784328025607, 152.70832150537638, 254.95698924731184, 114.45161290322581, 81.74193548387096
199, 610.512013289575, 153.1312548387096, 254.9784946236559, 115.3010752688172, 81.02150537634408
200, 610.2455937765892, 153.7086311827957, 254.9784946236559, 116.31182795698925, 80.88172043010752
201, 609.9791742636036, 154.56050107526892, 254.98924731182797, 117.84946236559139, 80.40860215053763
202, 609.7127547506178, 154.90306989247316, 255.0, 118.55913978494624, 79.73118279569893
203, 609.4463352376322, 155.45500752688156, 254.9784946236559, 119.6774193548387, 78.87096774193549
204, 609.1799157246464, 155.6205645161288, 255.0, 120.09677419354838, 78.10752688172043
205, 608.9134962116608, 156.27297849462366, 254.94623655913978, 121.41935483870968, 77.16129032258064
206, 608.647076698675, 156.63585591397853, 254.98924731182797, 122.10752688172043, 76.68817204301075
207, 608.3806571856894, 157.4697172043011, 254.9784946236559, 123.61290322580645, 76.27956989247312
208, 608.1142376727037, 157.5304290322581, 254.95698924731184, 123.95698924731182, 75.09677419354838
209, 607.847818159718, 158.24212795698938, 254.95698924731184, 125.2258064516129, 74.80645161290323
210, 607.5813986467323, 158.48704193548392, 254.95698924731184, 125.86021505376344, 73.68817204301075
211, 607.3149791337466, 159.24820537634403, 254.93548387096774, 127.17204301075269, 73.66666666666667
212, 607.0485596207609, 160.07610322580635, 254.98924731182797, 128.63440860215053, 73.25806451612904
213, 606.7821401077751, 161.1896505376345, 255.0, 130.49462365591398, 73.41935483870968
214, 606.5157205947895, 162.1233193548387, 254.9784946236559, 132.0752688172043, 73.52688172043011
215, 606.2493010818038, 162.87336559139789, 254.94623655913978, 133.3548387096774, 73.60215053763442
216, 605.9828815688181, 163.35207096774192, 254.98924731182797, 134.1505376344086, 73.59139784946237
217, 605.7164620558324, 164.326976344086, 254.96774193548387, 135.8494623655914, 73.45161290322581
218, 605.4500425428467, 164.91056666666668, 254.9784946236559, 136.89247311827958, 73.17204301075269
219, 605.183623029861, 165.73303010752676, 254.96774193548387, 138.3763440860215, 72.7741935483871
220, 604.9172035168754, 166.62660860215047, 254.98924731182797, 139.8709677419355, 72.86021505376344
221, 604.6507840038896, 167.4833946236559, 254.9784946236559, 141.3548387096774, 72.76344086021506
222, 604.3843644909039, 168.1370612903226, 254.9784946236559, 142.5268817204301, 72.46236559139786
223, 604.1179449779182, 169.1513935483871, 254.98924731182797, 144.247311827957, 72.47311827956989
224, 603.8515254649325, 169.66510752688166, 254.94623655913978, 145.2258064516129, 72.05376344086021
225, 603.5851059519468, 170.8670516129032, 254.96774193548387, 147.19354838709677, 72.40860215053763
226, 603.3186864389611, 171.1319838709677, 255.0, 147.6451612903226, 72.3225806451613
227, 603.0522669259755, 172.1808698924731, 254.95698924731184, 149.38709677419354, 72.66666666666667
228, 602.7858474129897, 172.48493440860207, 254.95698924731184, 149.96774193548387, 72.34408602150538
229, 602.5194279000041, 173.69522688172046, 254.93548387096774, 151.95698924731184, 72.7741935483871
230, 602.2530083870183, 173.99112580645166, 254.9784946236559, 152.5268817204301, 72.3225806451613
231, 601.9865888740327, 174.77798172043006, 254.91397849462365, 153.8709677419355, 72.47311827956989
232, 601.7201693610469, 175.47542580645154, 254.98924731182797, 154.9247311827957, 72.96774193548387
233, 601.4537498480612, 176.67336236559134, 254.9784946236559, 156.93548387096774, 73.15053763440861
234, 601.1873303350756, 177.3412215053763, 254.98924731182797, 158.03225806451613, 73.33333333333333
235, 600.9209108220898, 178.27090107526874, 254.96774193548387, 159.66666666666666, 73.12903225806451
236, 600.6544913091042, 178.79402043010754, 254.95698924731184, 160.55913978494624, 73.15053763440861
237, 600.3880717961184, 179.81542688172038, 254.9784946236559, 162.29032258064515, 73.13978494623656
238, 600.1216522831328, 180.29487634408608, 255.0, 163.0752688172043, 73.24731182795699
239, 599.855232770147, 181.073388172043, 254.93548387096774, 164.50537634408602, 72.88172043010752
240, 599.5888132571614, 181.38247204301075, 254.95698924731184, 165.0752688172043, 72.60215053763442
241, 599.3223937441757, 181.94880322580647, 254.9784946236559, 166.13978494623655, 72.03225806451613
242, 599.05597423119, 182.32018924731184, 254.98924731182797, 166.74193548387098, 72.16129032258064
243, 598.7895547182043, 182.52736129032255, 254.98924731182797, 167.247311827957, 71.3763440860215
244, 598.5231352052185, 182.91510215053768, 255.0, 167.94623655913978, 71.15053763440861
245, 598.2567156922329, 183.4696870967741, 254.95698924731184, 169.0215053763441, 70.59139784946237
246, 597.9902961792471, 184.05146774193545, 255.0, 169.96774193548387, 70.70967741935483
247, 597.7238766662615, 184.41957741935482, 254.9784946236559, 170.65591397849462, 70.45161290322581
248, 597.4574571532758, 184.70894086021497, 255.0, 171.0752688172043, 70.7741935483871
249, 597.1910376402901, 185.45337096774182, 255.0, 172.32258064516128, 70.88172043010752
250, 596.9246181273044, 185.6403720430107, 254.98924731182797, 172.6236559139785, 71.0
251, 596.6581986143187, 186.3239623655913, 255.0, 173.9247311827957, 70.26881720430107
252, 596.391779101333, 186.8901989247311, 255.0, 174.78494623655914, 70.80645161290323
253, 596.1253595883472, 187.38975161290324, 254.95698924731184, 175.79569892473117, 70.09677419354838
254, 595.8589400753616, 187.9358268817204, 254.95698924731184, 176.6236559139785, 70.6236559139785
255, 595.5925205623759, 188.4751903225807, 254.9784946236559, 177.68817204301075, 69.81720430107526
256, 595.3261010493902, 188.70816129032255, 254.94623655913978, 178.04301075268816, 70.11827956989248
257, 595.0596815364045, 190.05007096774173, 254.98924731182797, 180.1505376344086, 70.9247311827957
258, 594.7932620234188, 189.73175161290305, 254.95698924731184, 179.7311827956989, 70.3763440860215
259, 594.5268425104331, 190.74844623655903, 255.0, 181.31182795698925, 71.04301075268818
260, 594.2604229974474, 191.0897483870967, 254.98924731182797, 181.89247311827958, 71.0752688172043
261, 593.9940034844617, 191.87888709677404, 255.0, 183.1290322580645, 71.60215053763442
262, 593.7275839714761, 192.18440860215054, 254.94623655913978, 183.7311827956989, 71.3225806451613
263, 593.4611644584903, 192.82725268817208, 255.0, 184.76344086021504, 71.50537634408602
264, 593.1947449455047, 193.08331827957, 254.98924731182797, 185.16129032258064, 71.73118279569893
265, 592.9283254325189, 193.56714516129028, 255.0, 186.03225806451613, 71.46236559139786
266, 592.6619059195332, 193.63823333333326, 254.9784946236559, 186.19354838709677, 71.31182795698925
267, 592.3954864065475, 194.2341838709677, 254.93548387096774, 187.32258064516128, 70.83870967741936
268, 592.1290668935618, 194.59609354838713, 254.9784946236559, 187.88172043010752, 71.02150537634408
269, 591.8626473805762, 195.19956881720435, 254.95698924731184, 189.0752688172043, 70.2258064516129
270, 591.5962278675904, 195.34691182795692, 254.96774193548387, 189.33333333333334, 70.16129032258064
271, 591.3298083546048, 195.9682612903226, 254.91397849462365, 190.55913978494624, 69.44086021505376
272, 591.063388841619, 196.0671645161291, 254.91397849462365, 190.752688172043, 69.31182795698925
273, 590.7969693286334, 196.73653440860218, 254.8709677419355, 191.94623655913978, 69.15053763440861
274, 590.5305498156476, 196.85944193548403, 254.93548387096774, 192.1290322580645, 69.11827956989248
275, 590.2641303026619, 197.0123215053765, 254.95698924731184, 192.4516129032258, 68.74193548387096
276, 589.9977107896763, 197.60486559139795, 254.89247311827958, 193.3978494623656, 69.23655913978494
277, 589.7312912766905, 198.48366344086034, 254.9784946236559, 194.76344086021504, 69.68817204301075
278, 589.4648717637049, 198.4870462365592, 254.91397849462365, 194.8709677419355, 69.33333333333333
279, 589.1984522507191, 198.89209569892475, 254.95698924731184, 195.51612903225808, 69.45161290322581
280, 588.9320327377335, 199.43641505376354, 254.98924731182797, 196.32258064516128, 69.98924731182795
281, 588.6656132247477, 200.05984623655917, 254.9784946236559, 197.41935483870967, 69.83870967741936
282, 588.3991937117621, 200.47673870967745, 254.9784946236559, 198.0752688172043, 70.11827956989248
283, 588.1327741987764, 201.0867709677419, 254.9784946236559, 199.20430107526883, 69.65591397849462
284, 587.8663546857906, 201.14982688172043, 254.95698924731184, 199.3978494623656, 69.26881720430107
285, 587.599935172805, 202.20346989247324, 254.9784946236559, 201.1505376344086, 69.43010752688173
286, 587.3335156598193, 202.35444623655917, 255.0, 201.50537634408602, 68.87096774193549
287, 587.0670961468336, 203.10337419354823, 254.96774193548387, 202.93548387096774, 68.16129032258064
288, 586.8006766338478, 203.30733225806446, 254.95698924731184, 203.44086021505376, 67.3763440860215
289, 586.5342571208622, 203.93865376344087, 254.96774193548387, 204.6236559139785, 66.79569892473118
290, 586.2678376078765, 204.02208924731184, 254.91397849462365, 204.9247311827957, 66.11827956989248
291, 586.0014180948908, 204.78812580645163, 254.9784946236559, 206.23655913978496, 65.91397849462365
292, 585.7349985819051, 204.63345483870967, 254.91397849462365, 206.20430107526883, 64.89247311827957
293, 585.4685790689194, 205.5190376344086, 255.0, 207.752688172043, 64.46236559139786
294, 585.2021595559337, 205.45177419354835, 254.94623655913978, 207.91397849462365, 63.18279569892473
295, 584.935740042948, 205.89518064516122, 254.96774193548387, 208.74193548387098, 62.75268817204301
296, 584.6693205299623, 206.26844838709675, 254.9784946236559, 209.5268817204301, 61.956989247311824
297, 584.4029010169766, 206.31695161290335, 255.0, 209.83870967741936, 60.72043010752688
298, 584.1364815039909, 206.66399569892488, 254.98924731182797, 210.61290322580646, 59.806451612903224
299, 583.8700619910052, 207.0256516129033, 254.98924731182797, 211.40860215053763, 58.88172043010753
300, 583.6036424780195, 207.1061903225806, 254.9784946236559, 211.72043010752688, 58.01075268817204
301, 583.3372229650338, 207.3975064516128, 254.93548387096774, 212.4516129032258, 56.913978494623656
302, 583.0708034520482, 207.60076989247307, 254.98924731182797, 212.93548387096774, 56.064516129032256
303, 582.8043839390624, 207.98237311827947, 254.9784946236559, 213.79569892473117, 55.01075268817204
304, 582.5379644260768, 207.97006236559145, 254.96774193548387, 214.05376344086022, 53.60215053763441
305, 582.271544913091, 208.27381505376357, 254.96774193548387, 214.68817204301075, 53.0
306, 582.0051254001053, 208.29917419354842, 254.9247311827957, 214.98924731182797, 51.784946236559136
307, 581.7387058871196, 208.64651290322573, 254.9784946236559, 215.65591397849462, 51.25806451612903
308, 581.4722863741339, 208.84817096774194, 254.95698924731184, 216.21505376344086, 50.204301075268816
309, 581.2058668611483, 209.2807946236559, 254.95698924731184, 217.0752688172043, 49.56989247311828
310, 580.9394473481625, 209.4371473118279, 254.9784946236559, 217.6021505376344, 48.17204301075269
311, 580.6730278351769, 210.0271161290323, 254.96774193548387, 218.67741935483872, 47.83870967741935
312, 580.4066083221911, 210.22696881720427, 254.93548387096774, 219.247311827957, 46.74193548387097
313, 580.1401888092055, 210.63476451612902, 254.93548387096774, 220.16129032258064, 45.61290322580645
314, 579.8737692962197, 210.91496881720428, 254.93548387096774, 220.9247311827957, 44.13978494623656
315, 579.6073497832341, 211.53080537634418, 254.95698924731184, 222.16129032258064, 43.11827956989247
316, 579.3409302702484, 211.5980709677418, 254.98924731182797, 222.66666666666666, 41.02150537634409
317, 579.0745107572627, 212.1501290322581, 254.94623655913978, 223.88172043010752, 39.72043010752688
318, 578.808091244277, 212.40668494623654, 254.76344086021504, 224.88172043010752, 37.30107526881721
319, 578.5416717312912, 212.99767204301088, 254.46236559139786, 226.29032258064515, 36.02150537634409
320, 578.2752522183056, 213.003288172043, 253.03225806451613, 227.53763440860214, 33.39784946236559
321, 578.0088327053198, 213.2762784946235, 252.05376344086022, 228.78494623655914, 31.93548387096774
322, 577.7424131923342, 213.14063870967752, 250.06451612903226, 229.96774193548387, 29.870967741935484
323, 577.4759936793484, 212.1129096774194, 248.10752688172042, 229.59139784946237, 27.9247311827957
324, 577.2095741663628, 212.05947204301074, 245.38709677419354, 231.3763440860215, 25.397849462365592
325, 576.9431546533771, 211.8718311827957, 242.11827956989248, 233.32258064516128, 22.301075268817204
326, 576.6767351403914, 211.28804408602142, 238.48387096774192, 234.9784946236559, 18.182795698924732
327, 576.4103156274057, 211.22291612903223, 236.6451612903226, 236.58064516129033, 14.182795698924732
328, 576.1438961144199, 211.5870978494624, 234.29032258064515, 239.05376344086022, 10.817204301075268
329, 575.8774766014343, 212.6134591397849, 233.1505376344086, 241.88172043010752, 8.24731182795699
330, 575.6110570884485, 212.64288709677433, 230.48387096774192, 243.7741935483871, 5.752688172043011
331, 575.3446375754629, 213.2535150537635, 229.4731182795699, 245.5483870967742, 4.623655913978495
332, 575.0782180624772, 212.80890215053765, 226.56989247311827, 246.6451612903226, 2.6881720430107525
333, 574.8117985494915, 213.47205268817206, 225.6021505376344, 248.30107526881721, 2.5161290322580645
334, 574.5453790365058, 213.58898494623656, 223.3763440860215, 249.752688172043, 1.903225806451613
335, 574.2789595235201, 214.00555483870974, 222.40860215053763, 250.89247311827958, 2.225806451612903
336, 574.0125400105344, 213.34630967741944, 219.2688172043011, 251.5268817204301, 1.4086021505376345
337, 573.7461204975486, 213.7466559139785, 218.06451612903226, 252.69892473118279, 2.043010752688172
338, 573.479700984563, 213.11502473118276, 214.91397849462365, 253.34408602150538, 1.4408602150537635
339, 573.2132814715774, 213.48755698924717, 213.78494623655914, 254.44086021505376, 2.021505376344086
340, 572.9468619585916, 212.44221182795698, 210.247311827957, 254.6451612903226, 1.075268817204301
341, 572.6804424456059, 211.47349677419356, 207.29032258064515, 254.48387096774192, 1.1612903225806452
342, 572.4140229326202, 210.42294408602143, 203.67741935483872, 254.6236559139785, 0.6989247311827957
343, 572.1476034196345, 209.87759892473116, 201.6451612903226, 254.5268817204301, 1.7419354838709677
344, 571.8811839066489, 208.6924634408602, 197.83870967741936, 254.6236559139785, 0.8279569892473119
345, 571.6147643936631, 207.68776666666665, 194.05376344086022, 254.6451612903226, 1.8279569892473118
346, 571.3483448806775, 206.5044204301075, 190.41935483870967, 254.63440860215053, 1.032258064516129
347, 571.0819253676917, 205.97678709677413, 188.1505376344086, 254.76344086021504, 1.6881720430107527
348, 570.8155058547061, 204.72366236559134, 184.4516129032258, 254.66666666666666, 0.8924731182795699
349, 570.5490863417203, 203.95311612903234, 182.06451612903226, 254.48387096774192, 1.3333333333333333
350, 570.2826668287346, 202.9933129032259, 178.3763440860215, 254.79569892473117, 0.978494623655914
351, 570.016247315749, 201.6710956989248, 173.88172043010752, 254.6021505376344, 2.161290322580645
352, 569.7498278027632, 199.9239204301076, 168.6451612903226, 254.56989247311827, 0.7311827956989247
353, 569.4834082897776, 198.4134548387096, 163.40860215053763, 254.4731182795699, 1.7096774193548387
354, 569.2169887767918, 196.70860215053753, 158.06451612903226, 254.49462365591398, 0.6559139784946236
355, 568.9505692638062, 195.81492580645155, 154.8279569892473, 254.50537634408602, 1.2473118279569892
356, 568.6841497508204, 193.82247311827967, 148.9247311827957, 254.29032258064515, 0.3548387096774194
357, 568.4177302378348, 192.3637494623655, 144.01075268817203, 254.16129032258064, 1.10752688172043
358, 568.151310724849, 191.15926344086037, 138.9784946236559, 254.69892473118279, 0.967741935483871
359, 567.8848912118633, 189.73649462365603, 134.51612903225808, 254.44086021505376, 1.5161290322580645
360, 567.6184716988777, 188.42514623655913, 130.04301075268816, 254.58064516129033, 1.021505376344086
361, 567.3520521858919, 187.06098924731188, 125.59139784946237, 254.40860215053763, 1.6129032258064515
362, 567.0856326729063, 185.5799989247312, 120.87096774193549, 254.3978494623656, 1.053763440860215
363, 566.8192131599205, 184.08600645161295, 115.84946236559139, 254.30107526881721, 1.6129032258064515
364, 566.5527936469349, 182.3976311827957, 110.35483870967742, 254.33333333333334, 1.043010752688172
365, 566.2863741339492, 180.78666236559135, 104.66666666666667, 254.46236559139786, 1.1612903225806452
366, 566.0199546209635, 178.90192043010754, 98.3225806451613, 254.63440860215053, 0.3763440860215054
367, 565.7535351079778, 177.34243548387096, 93.06451612903226, 254.48387096774192, 1.2580645161290323
368, 565.4871155949921, 175.18528172043008, 86.3225806451613, 254.27956989247312, 1.064516129032258
369, 565.2206960820064, 173.061817204301, 79.13978494623656, 254.29032258064515, 1.2150537634408602
370, 564.9542765690207, 170.81021075268816, 71.33333333333333, 254.48387096774192, 0.9354838709677419
371, 564.687857056035, 168.10850322580646, 62.70967741935484, 254.32258064516128, 0.6774193548387096
372, 564.4214375430493, 164.84034516129034, 52.89247311827957, 253.79569892473117, 0.46236559139784944
373, 564.1550180300636, 162.05942043010754, 43.645161290322584, 253.66666666666666, 0.978494623655914
374, 563.8885985170779, 160.02960645161292, 36.30107526881721, 253.94623655913978, 0.989247311827957
375, 563.6221790040922, 158.13435483870964, 30.107526881720432, 253.88172043010752, 0.9354838709677419
376, 563.3557594911065, 156.13583118279564, 23.408602150537636, 254.03225806451613, 0.1935483870967742
377, 563.0893399781208, 154.75386989247306, 18.0752688172043, 254.18279569892474, 1.2795698924731183
378, 562.8229204651351, 153.24017419354846, 12.881720430107526, 254.36559139784947, 0.6774193548387096
379, 562.5565009521495, 152.06231397849464, 8.795698924731182, 254.3978494623656, 0.8924731182795699
380, 562.2900814391637, 151.34362688172047, 6.419354838709677, 254.40860215053763, 0.7634408602150538
381, 562.023661926178, 151.16298494623663, 5.096774193548387, 254.63440860215053, 1.4838709677419355
382, 561.7572424131923, 150.85972795698933, 3.903225806451613, 254.752688172043, 1.3440860215053763
383, 561.4908229002066, 150.69750107526886, 3.053763440860215, 254.88172043010752, 1.4838709677419355
384, 561.224403387221, 150.11044623655914, 1.6666666666666667, 254.68817204301075, 0.967741935483871
385, 560.9579838742352, 149.99647956989259, 1.118279569892473, 254.74193548387098, 1.1290322580645162
386, 560.6915643612496, 149.998465591398, 0.9354838709677419, 254.8279569892473, 1.1827956989247312
387, 560.4251448482638, 150.18379354838697, 1.2043010752688172, 254.94623655913978, 1.4946236559139785
388, 560.1587253352782, 149.97742688172036, 1.0, 254.76344086021504, 1.1612903225806452
389, 559.8923058222924, 150.12756559139788, 1.118279569892473, 254.88172043010752, 1.5591397849462365
390, 559.6258863093067, 149.95751182795712, 0.6881720430107527, 254.89247311827958, 1.1397849462365592
391, 559.359466796321, 150.10624516129036, 1.096774193548387, 254.8709677419355, 1.4838709677419355
392, 559.0930472833353, 149.82496451612909, 0.7849462365591398, 254.6236559139785, 1.10752688172043
393, 558.8266277703497, 150.00076344086028, 0.7526881720430108, 254.86021505376345, 1.5161290322580645
394, 558.5602082573639, 150.03861827956996, 0.9139784946236559, 254.8279569892473, 1.5913978494623655
395, 558.2937887443783, 150.03470860215066, 0.8709677419354839, 254.8494623655914, 1.5591397849462365
396, 558.0273692313925, 149.95156236559149, 0.8279569892473119, 254.752688172043, 1.4408602150537635
397, 557.7609497184069, 150.14691182795713, 1.2043010752688172, 254.79569892473117, 1.946236559139785
398, 557.4945302054211, 149.93852365591408, 0.7849462365591398, 254.74193548387098, 1.4946236559139785
399, 557.2281106924355, 150.0680559139786, 0.946236559139785, 254.83870967741936, 1.7096774193548387
400, 556.9616911794498, 150.00243655913988, 0.9032258064516129, 254.76344086021504, 1.6344086021505377
401, 556.6952716664641, 150.18297634408611, 1.096774193548387, 254.91397849462365, 1.935483870967742
402, 556.4288521534784, 150.12484516129047, 1.010752688172043, 254.88172043010752, 1.8172043010752688
403, 556.1624326404926, 150.11777096774205, 1.0, 254.8709677419355, 1.8387096774193548
404, 555.896013127507, 149.99698602150548, 1.0, 254.68817204301075, 1.7204301075268817
405, 555.6295936145212, 150.0336505376345, 1.1290322580645162, 254.72043010752688, 1.5376344086021505
406, 555.3631741015356, 150.19911505376353, 1.3225806451612903, 254.8494623655914, 1.8172043010752688
407, 555.0967545885499, 150.16184086021514, 1.2688172043010753, 254.8279569892473, 1.7419354838709677
408, 554.8303350755642, 149.98673440860222, 1.043010752688172, 254.69892473118279, 1.4623655913978495
409, 554.5639155625785, 149.99072688172052, 0.9032258064516129, 254.79569892473117, 1.3655913978494623
410, 554.2974960495928, 150.1412645161291, 1.2258064516129032, 254.80645161290323, 1.7849462365591398
411, 554.0310765366071, 150.17607311827962, 1.2043010752688172, 254.9247311827957, 1.5376344086021505
412, 553.7646570236213, 150.08023548387095, 1.086021505376344, 254.8279569892473, 1.5053763440860215
413, 553.4982375106357, 150.2163365591398, 1.1505376344086022, 254.8494623655914, 2.4193548387096775
414, 553.23181799765, 150.29454408602157, 1.2258064516129032, 254.88172043010752, 2.7419354838709675
415, 552.9653984846643, 150.397659139785, 1.2580645161290323, 254.8279569892473, 3.838709677419355
416, 552.6989789716786, 150.3454387096774, 1.2043010752688172, 254.72043010752688, 4.075268817204301
417, 552.4325594586929, 150.41583333333335, 1.021505376344086, 254.72043010752688, 5.172043010752688
418, 552.1661399457072, 150.62121935483876, 1.2473118279569892, 254.8279569892473, 5.827956989247312
419, 551.8997204327216, 150.78339247311828, 1.3440860215053763, 254.80645161290323, 7.10752688172043
420, 551.6333009197358, 151.01142688172044, 1.6451612903225807, 254.63440860215053, 9.204301075268818
421, 551.36688140675, 151.58644193548383, 1.6021505376344085, 254.89247311827958, 13.03225806451613
422, 551.1004618937644, 151.89229784946238, 1.7526881720430108, 254.80645161290323, 15.763440860215054
423, 550.8340423807788, 152.21340967741935, 1.7096774193548387, 254.83870967741936, 18.526881720430108
424, 550.567622867793, 152.5356516129033, 1.8709677419354838, 254.80645161290323, 21.096774193548388
425, 550.3012033548073, 153.04056021505377, 1.924731182795699, 254.93548387096774, 24.72043010752688
426, 550.0347838418216, 153.10441075268824, 1.8064516129032258, 254.56989247311827, 27.473118279569892
427, 549.7683643288359, 153.65594408602146, 1.4193548387096775, 254.88172043010752, 31.72043010752688
428, 549.5019448158503, 154.234711827957, 2.129032258064516, 254.81720430107526, 35.26881720430107
429, 549.2355253028645, 154.34166774193548, 1.7096774193548387, 254.70967741935485, 37.86021505376344
430, 548.9691057898789, 154.44470752688167, 1.4193548387096775, 254.69892473118279, 39.58064516129032
431, 548.7026862768931, 154.66365376344078, 0.989247311827957, 254.80645161290323, 42.075268817204304
432, 548.4362667639075, 155.15778709677423, 1.2688172043010753, 254.94623655913978, 44.956989247311824
433, 548.1698472509217, 155.41368924731188, 1.1720430107526882, 254.8279569892473, 48.064516129032256
434, 547.903427737936, 155.67622795698924, 1.3763440860215055, 254.70967741935485, 50.44086021505376
435, 547.6370082249504, 156.1970978494624, 1.7096774193548387, 254.8279569892473, 53.526881720430104
436, 547.3705887119646, 156.4249150537634, 1.7096774193548387, 254.81720430107526, 55.58064516129032
437, 547.104169198979, 156.43416559139783, 1.1397849462365592, 254.70967741935485, 57.70967741935484
438, 546.8377496859932, 156.69106021505374, 1.2258064516129032, 254.752688172043, 59.516129032258064
439, 546.5713301730076, 157.1387774193548, 1.4731182795698925, 254.89247311827958, 62.075268817204304
440, 546.3049106600218, 157.24816881720432, 1.5376344086021505, 254.78494623655914, 63.41935483870968
441, 546.0384911470362, 157.60710860215053, 1.6021505376344085, 254.93548387096774, 65.6236559139785
442, 545.7720716340505, 157.49711182795699, 1.3548387096774193, 254.68817204301075, 66.58064516129032
443, 545.5056521210647, 157.87533010752685, 1.4301075268817205, 254.7741935483871, 69.25806451612904
444, 545.2392326080791, 158.06081290322587, 1.6559139784946237, 254.72043010752688, 70.56989247311827
445, 544.9728130950933, 158.40583655913977, 1.7419354838709677, 254.8279569892473, 72.81720430107526
446, 544.7063935821077, 158.59870537634413, 1.978494623655914, 254.7311827956989, 74.38709677419355
447, 544.439974069122, 158.87876559139792, 1.6989247311827957, 254.8494623655914, 76.96774193548387
448, 544.1735545561363, 158.9954129032258, 1.6774193548387097, 254.80645161290323, 78.26881720430107
449, 543.9071350431506, 159.1454483870968, 1.4301075268817205, 254.78494623655914, 80.34408602150538
450, 543.6407155301649, 159.2142258064516, 1.2903225806451613, 254.8709677419355, 80.87096774193549
451, 543.3742960171792, 159.33922903225806, 1.4731182795698925, 254.8279569892473, 81.70967741935483
452, 543.1078765041935, 159.4626387096774, 1.4623655913978495, 254.8494623655914, 82.70967741935483
453, 542.8414569912078, 159.572388172043, 1.2795698924731183, 254.78494623655914, 84.48387096774194
454, 542.5750374782222, 159.74993978494612, 1.3548387096774193, 254.89247311827958, 85.29032258064517
455, 542.3086179652364, 159.91981612903217, 1.5161290322580645, 254.83870967741936, 86.63440860215054
456, 542.0421984522507, 160.0010548387096, 1.6021505376344085, 254.86021505376345, 87.01075268817205
457, 541.775778939265, 160.1637709677419, 1.6451612903225807, 254.80645161290323, 88.60215053763442
458, 541.5093594262793, 160.31061182795696, 1.8387096774193548, 254.8494623655914, 89.16129032258064
459, 541.2429399132936, 160.22757849462369, 1.2043010752688172, 254.7741935483871, 90.48387096774194
460, 540.9765204003079, 160.22999354838714, 1.1397849462365592, 254.752688172043, 90.78494623655914
461, 540.7101008873223, 160.59087634408604, 1.5591397849462365, 254.76344086021504, 92.79569892473118
462, 540.4436813743365, 160.42759569892476, 1.3548387096774193, 254.59139784946237, 92.78494623655914
463, 540.1772618613509, 160.80347204301074, 1.6236559139784945, 254.74193548387098, 94.60215053763442
464, 539.9108423483651, 160.63616451612896, 1.2580645161290323, 254.6451612903226, 94.59139784946237
465, 539.6444228353794, 160.97824408602148, 1.5376344086021505, 254.70967741935485, 96.52688172043011
466, 539.3780033223937, 160.8359838709677, 1.2365591397849462, 254.59139784946237, 96.6774193548387
467, 539.111583809408, 161.21534193548393, 1.5268817204301075, 254.78494623655914, 98.24731182795699
468, 538.8451642964224, 161.36439677419358, 1.6236559139784945, 254.78494623655914, 99.3010752688172
469, 538.5787447834366, 161.69012473118286, 1.7634408602150538, 254.90322580645162, 101.18279569892474
470, 538.312325270451, 161.6199752688173, 1.6451612903225807, 254.7311827956989, 101.76344086021506
471, 538.0459057574652, 161.6740731182796, 1.4193548387096775, 254.81720430107526, 102.38709677419355
472, 537.7794862444796, 161.62514623655923, 1.3333333333333333, 254.67741935483872, 102.90322580645162
473, 537.5130667314938, 162.09049569892468, 1.8172043010752688, 254.79569892473117, 105.10752688172043
474, 537.2466472185081, 162.1707032258065, 1.7849462365591398, 254.81720430107526, 105.78494623655914
475, 536.9802277055225, 162.2281096774194, 1.6989247311827957, 254.7311827956989, 106.95698924731182
476, 536.7138081925368, 162.209564516129, 1.5591397849462365, 254.65591397849462, 107.54838709677419
477, 536.4473886795511, 162.48646129032264, 1.4086021505376345, 254.69892473118279, 110.15053763440861
478, 536.1809691665653, 162.4114913978494, 1.10752688172043, 254.6451612903226, 110.55913978494624
479, 535.9145496535797, 162.73748064516124, 1.10752688172043, 254.78494623655914, 112.6989247311828
480, 535.6481301405939, 162.91375376344092, 1.2795698924731183, 254.7741935483871, 113.84946236559139
481, 535.3817106276083, 163.18013655913984, 1.2150537634408602, 254.8494623655914, 115.96774193548387
482, 535.1152911146226, 163.2895505376344, 1.2688172043010753, 254.86021505376345, 116.73118279569893
483, 534.8488716016368, 163.43797311827956, 1.4516129032258065, 254.752688172043, 118.10752688172043
484, 534.5824520886512, 163.34184408602152, 1.2365591397849462, 254.53763440860214, 118.93548387096774
485, 534.3160325756655, 163.86802903225805, 1.3225806451612903, 254.7741935483871, 122.10752688172043
486, 534.0496130626798, 164.0914612903226, 1.4086021505376345, 254.79569892473117, 123.73118279569893
487, 533.783193549694, 164.39141182795697, 1.5806451612903225, 254.8494623655914, 125.63440860215054
488, 533.5167740367084, 164.44002473118283, 1.5806451612903225, 254.752688172043, 126.55913978494624
489, 533.2503545237226, 164.5699161290323, 1.2688172043010753, 254.752688172043, 128.51612903225808
490, 532.983935010737, 164.9624430107528, 1.6989247311827957, 254.8494623655914, 130.33333333333334
491, 532.7175154977513, 165.26273655913982, 1.881720430107527, 254.80645161290323, 132.70967741935485
492, 532.4510959847656, 165.3226451612903, 1.935483870967742, 254.6451612903226, 133.9247311827957
493, 532.1846764717799, 165.71855806451615, 1.8387096774193548, 254.90322580645162, 136.32258064516128
494, 531.9182569587942, 165.45019247311834, 1.3010752688172043, 254.69892473118279, 136.43010752688173
495, 531.6518374458085, 165.76636021505377, 1.5591397849462365, 254.69892473118279, 138.5268817204301
496, 531.3854179328227, 165.85055806451606, 1.6236559139784945, 254.6236559139785, 139.48387096774192
497, 531.1189984198371, 166.2598591397849, 1.7311827956989247, 254.81720430107526, 141.79569892473117
498, 530.8525789068515, 166.1127086021506, 1.4086021505376345, 254.6451612903226, 142.23655913978496
499, 530.5861593938657, 166.59583440860212, 1.8709677419354838, 254.81720430107526, 144.3763440860215
500, 530.31973988088, 166.59542795698925, 1.8494623655913978, 254.66666666666666, 145.20430107526883
501, 530.0533203678943, 166.7866623655915, 1.4408602150537635, 254.78494623655914, 147.34408602150538
502, 529.7869008549086, 166.72338602150535, 1.3010752688172043, 254.6021505376344, 148.09677419354838
503, 529.520481341923, 167.0578258064516, 1.2043010752688172, 254.8494623655914, 150.01075268817203
504, 529.2540618289372, 167.05449139784943, 1.2150537634408602, 254.752688172043, 150.4516129032258
505, 528.9876423159515, 167.38637956989237, 1.3655913978494623, 254.8279569892473, 152.58064516129033
506, 528.7212228029658, 167.368847311828, 1.3118279569892473, 254.74193548387098, 153.01075268817203
507, 528.4548032899802, 167.51459677419354, 1.2365591397849462, 254.68817204301075, 154.76344086021504
508, 528.1883837769944, 167.52274408602148, 1.1612903225806452, 254.68817204301075, 155.03225806451613
509, 527.9219642640087, 167.78709354838713, 1.4301075268817205, 254.6236559139785, 156.9784946236559
510, 527.6555447510231, 167.88902365591397, 1.4838709677419355, 254.69892473118279, 157.34408602150538
511, 527.3891252380373, 168.20615161290326, 1.4946236559139785, 254.8494623655914, 159.32258064516128
512, 527.1227057250517, 168.37644946236563, 1.8494623655913978, 254.80645161290323, 160.10752688172042
513, 526.8562862120659, 168.527264516129, 1.5483870967741935, 254.83870967741936, 162.05376344086022
514, 526.5898666990803, 168.46084623655918, 1.4301075268817205, 254.74193548387098, 162.27956989247312
515, 526.3234471860945, 168.7429709677419, 1.5806451612903225, 254.7741935483871, 164.19354838709677
516, 526.0570276731089, 168.86431397849464, 1.6989247311827957, 254.78494623655914, 164.89247311827958
517, 525.7906081601232, 169.0533010752688, 1.6129032258064515, 254.79569892473117, 166.72043010752688
518, 525.5241886471374, 168.9524258064516, 1.4408602150537635, 254.69892473118279, 166.78494623655914
519, 525.2577691341518, 169.08683763440865, 1.5161290322580645, 254.72043010752688, 167.65591397849462
520, 524.991349621166, 169.21997956989253, 1.6021505376344085, 254.83870967741936, 167.98924731182797
521, 524.7249301081804, 169.53496989247313, 1.8064516129032258, 254.8494623655914, 170.16129032258064
522, 524.4585105951946, 169.38977741935474, 1.5806451612903225, 254.67741935483872, 170.36559139784947
523, 524.192091082209, 169.6067913978495, 1.3333333333333333, 254.7741935483871, 172.41935483870967
524, 523.9256715692233, 169.57425053763433, 1.2580645161290323, 254.68817204301075, 172.7741935483871
525, 523.6592520562376, 169.95015053763436, 1.2903225806451613, 254.81720430107526, 175.32258064516128
526, 523.3928325432519, 169.74886774193544, 0.8924731182795699, 254.7311827956989, 175.04301075268816
527, 523.1264130302661, 170.09056344086022, 1.1397849462365592, 254.76344086021504, 177.2258064516129
528, 522.8599935172805, 170.13732795698925, 1.2365591397849462, 254.7311827956989, 177.5483870967742
529, 522.5935740042949, 170.2983053763442, 1.2473118279569892, 254.70967741935485, 179.04301075268816
530, 522.3271544913091, 170.22279569892476, 1.2903225806451613, 254.55913978494624, 179.04301075268816
531, 522.0607349783234, 170.6025677419355, 1.5268817204301075, 254.78494623655914, 180.59139784946237
532, 521.7943154653377, 170.4906612903226, 1.4516129032258065, 254.6451612903226, 180.5268817204301
533, 521.527895952352, 170.64524408602148, 1.6451612903225807, 254.49462365591398, 182.1505376344086
534, 521.2614764393663, 170.4787516129033, 1.6236559139784945, 254.23655913978496, 182.0752688172043
535, 520.9950569263806, 170.30561935483874, 1.4408602150537635, 253.8279569892473, 183.13978494623655
536, 520.7286374133948, 170.09153225806452, 1.2365591397849462, 253.6236559139785, 182.8494623655914
537, 520.4622179004092, 170.8286139784947, 2.032258064516129, 253.86021505376345, 186.01075268817203
538, 520.1957983874236, 170.63412365591395, 1.989247311827957, 253.55913978494624, 185.96774193548387
539, 519.9293788744378, 170.08371935483868, 1.6236559139784945, 252.55913978494624, 187.247311827957
540, 519.6629593614521, 169.86991182795694, 1.7419354838709677, 252.10752688172042, 187.38709677419354
541, 519.3965398484664, 169.92729462365588, 2.0, 251.66666666666666, 189.48387096774192
542, 519.1301203354807, 169.14168279569893, 1.6666666666666667, 250.61290322580646, 188.89247311827958
543, 518.863700822495, 169.04628709677417, 2.182795698924731, 249.69892473118279, 191.40860215053763
544, 518.5972813095093, 168.11105913978497, 1.4516129032258065, 248.56989247311827, 190.93548387096774
545, 518.3308617965237, 167.7565311827958, 1.5698924731182795, 247.48387096774192, 193.10752688172042
546, 518.0644422835379, 167.5493021505377, 1.6021505376344085, 247.1290322580645, 193.03225806451613
547, 517.7980227705523, 167.85624731182796, 2.2580645161290325, 246.94623655913978, 194.94623655913978
548, 517.5316032575665, 167.90721290322577, 2.172043010752688, 246.91397849462365, 195.78494623655914
549, 517.2651837445808, 167.86940107526885, 2.4408602150537635, 246.23655913978496, 198.23655913978496
550, 516.9987642315951, 167.1504591397849, 1.6451612903225807, 245.40860215053763, 198.27956989247312
551, 516.7323447186095, 166.68019032258061, 1.967741935483871, 244.16129032258064, 199.7311827956989
552, 516.4659252056238, 166.1879, 1.6451612903225807, 243.51612903225808, 199.58064516129033
553, 516.199505692638, 165.41286666666667, 1.5483870967741935, 241.88172043010752, 201.4516129032258
554, 515.9330861796524, 164.4045129032257, 1.2150537634408602, 240.34408602150538, 201.3978494623656
555, 515.6666666666666, 163.43320752688174, 1.1505376344086022, 238.49462365591398, 202.56989247311827
556, 515.400247153681, 163.55984301075256, 1.4623655913978495, 238.2258064516129, 204.247311827957
557, 515.1338276406952, 163.05944838709672, 1.6451612903225807, 236.8709677419355, 206.3548387096774
558, 514.8674081277095, 162.54284731182798, 1.4193548387096775, 235.9784946236559, 207.01075268817203
559, 514.6009886147239, 162.13454838709674, 1.935483870967742, 234.61290322580646, 209.10752688172042
560, 514.3345691017382, 161.69992580645155, 1.7096774193548387, 234.0, 209.04301075268816
561, 514.0681495887525, 160.2684860215054, 1.2688172043010753, 231.6021505376344, 209.98924731182797
562, 513.8017300757667, 159.87584516129036, 1.118279569892473, 231.05376344086022, 209.76344086021504
563, 513.5353105627811, 159.97448709677423, 1.7956989247311828, 230.56989247311827, 211.34408602150538
564, 513.2688910497953, 159.76529892473118, 1.6344086021505377, 230.25806451612902, 211.53763440860214
565, 513.0024715368097, 159.79484946236556, 1.935483870967742, 229.7311827956989, 213.72043010752688
566, 512.736052023824, 158.5158731182795, 1.2688172043010753, 228.08602150537635, 212.72043010752688
567, 512.4696325108383, 158.77985053763442, 1.7096774193548387, 228.0752688172043, 213.93548387096774
568, 512.2032129978526, 158.57247419354837, 1.7096774193548387, 227.7741935483871, 213.66666666666666
569, 511.9367934848669, 158.55417204301077, 1.8279569892473118, 227.43010752688173, 214.96774193548387
570, 511.6703739718812, 158.74044623655908, 2.204301075268817, 227.51612903225808, 215.1720430107527
571, 511.4039544588955, 158.1779365591397, 2.3548387096774195, 226.247311827957, 216.3763440860215
572, 511.1375349459098, 157.34054731182803, 1.3010752688172043, 225.44086021505376, 215.94623655913978
573, 510.87111543292406, 157.81639569892468, 1.956989247311828, 225.38709677419354, 218.67741935483872
574, 510.6046959199384, 157.2898505376343, 1.7096774193548387, 224.72043010752688, 218.13978494623655
575, 510.3382764069527, 155.96893010752686, 1.2365591397849462, 222.61290322580646, 218.6451612903226
576, 510.07185689396704, 155.69913118279558, 1.2688172043010753, 222.18279569892474, 218.40860215053763
577, 509.8054373809813, 156.36007526881724, 1.7204301075268817, 222.5483870967742, 221.13978494623655
578, 509.5390178679956, 156.8873021505377, 2.3548387096774195, 223.01075268817203, 221.72043010752688
579, 509.2725983550099, 155.97673763440864, 1.6559139784946237, 221.8279569892473, 221.65591397849462
580, 509.0061788420242, 155.00284623655918, 1.0, 220.63440860215053, 220.9784946236559
581, 508.7397593290385, 154.70184838709676, 1.5161290322580645, 219.4516129032258, 223.0752688172043
582, 508.4733398160528, 154.81789032258067, 1.5268817204301075, 219.5268817204301, 223.67741935483872
583, 508.20692030306714, 154.5860032258065, 1.6881720430107527, 218.91397849462365, 224.3763440860215
584, 507.9405007900814, 154.47502258064517, 1.4946236559139785, 218.81720430107526, 224.40860215053763
585, 507.67408127709575, 153.86476344086023, 1.1827956989247312, 217.67741935483872, 225.74193548387098
586, 507.40766176411, 153.61674838709672, 1.2258064516129032, 217.25806451612902, 225.61290322580646
587, 507.14124225112437, 153.21115161290328, 1.3870967741935485, 216.16129032258064, 227.27956989247312
588, 506.8748227381386, 152.85760645161295, 1.1397849462365592, 215.72043010752688, 227.09677419354838
589, 506.6084032251529, 152.9840139784946, 1.4731182795698925, 215.20430107526883, 229.98924731182797
590, 506.34198371216723, 153.1609741935483, 1.6559139784946237, 215.33333333333334, 230.3978494623656
591, 506.07556419918154, 153.17751505376341, 2.161290322580645, 214.55913978494624, 233.20430107526883
592, 505.80914468619585, 152.2155215053764, 1.5591397849462365, 213.40860215053763, 232.2688172043011
593, 505.54272517321016, 151.50265268817205, 1.4301075268817205, 212.03225806451613, 233.44086021505376
594, 505.27630566022447, 151.50286451612908, 1.2473118279569892, 212.08602150537635, 233.6451612903226
595, 505.0098861472387, 151.67787741935481, 1.5483870967741935, 211.96774193548387, 235.0
596, 504.7434666342531, 151.058435483871, 1.1290322580645162, 211.09677419354838, 235.1505376344086
597, 504.47704712126733, 150.82618494623662, 1.5913978494623655, 210.0, 237.5483870967742
598, 504.2106276082817, 150.41274623655914, 1.1397849462365592, 209.48387096774192, 237.76344086021504
599, 503.94420809529595, 150.88408494623644, 1.8387096774193548, 209.63440860215053, 239.29032258064515
600, 503.67778858231026, 150.1450731182795, 1.2043010752688172, 208.8279569892473, 238.6236559139785
601, 503.41136906932456, 150.1657623655914, 1.5161290322580645, 208.31182795698925, 240.6451612903226
602, 503.1449495563389, 149.54352795698927, 1.2795698924731183, 207.4516129032258, 240.23655913978496
603, 502.8785300433532, 149.094276344086, 1.6451612903225807, 206.10752688172042, 242.25806451612902
604, 502.6121105303675, 148.39380860215053, 1.053763440860215, 205.2258064516129, 242.20430107526883
605, 502.3456910173818, 148.4851333333333, 1.5698924731182795, 204.6236559139785, 244.752688172043
606, 502.07927150439605, 148.5301870967742, 1.7849462365591398, 204.43010752688173, 245.58064516129033
607, 501.8128519914104, 148.91889677419357, 2.5376344086021505, 204.18279569892474, 248.29032258064515
608, 501.54643247842466, 147.81430860215056, 1.6451612903225807, 202.8494623655914, 247.80645161290323
609, 501.280012965439, 147.604147311828, 1.8602150537634408, 202.06451612903226, 249.44086021505376
610, 501.0135934524533, 146.75670645161287, 1.2150537634408602, 201.05376344086022, 248.90322580645162
611, 500.7471739394676, 146.62928602150532, 1.4408602150537635, 200.5483870967742, 249.79569892473117
612, 500.4807544264819, 146.21940645161288, 1.2043010752688172, 199.8494623655914, 250.41935483870967
613, 500.2143349134962, 146.29299354838702, 2.0, 199.1290322580645, 252.68817204301075
614, 499.9479154005105, 145.29507526881713, 1.2903225806451613, 197.8279569892473, 252.49462365591398
615, 499.68149588752476, 145.15365376344081, 1.5268817204301075, 197.247311827957, 253.6236559139785
616, 499.4150763745391, 144.45090645161292, 1.1505376344086022, 196.34408602150538, 253.09677419354838
617, 499.1486568615534, 144.3317709677419, 1.6451612903225807, 195.70967741935485, 254.0215053763441
618, 498.88223734856774, 143.6523451612903, 1.2795698924731183, 194.76344086021504, 253.89247311827958
619, 498.615817835582, 142.8488688172043, 1.5268817204301075, 193.19354838709677, 254.27956989247312
620, 498.34939832259636, 142.17141290322587, 1.1397849462365592, 192.23655913978496, 254.27956989247312
621, 498.0829788096106, 141.0275301075269, 1.3655913978494623, 190.1290322580645, 254.50537634408602
622, 497.8165592966249, 140.30416881720433, 0.7849462365591398, 189.2258064516129, 254.33333333333334
623, 497.5501397836392, 140.4384322580645, 2.3440860215053765, 188.6021505376344, 254.63440860215053
624, 497.28372027065353, 139.76055806451615, 1.6236559139784945, 187.78494623655914, 254.78494623655914
625, 497.01730075766784, 139.31056774193553, 1.956989247311828, 186.89247311827958, 254.55913978494624
626, 496.7508812446821, 138.51215913978498, 1.3118279569892473, 185.88172043010752, 254.4516129032258
627, 496.48446173169646, 138.60950537634415, 1.6129032258064515, 185.88172043010752, 254.51612903225808
628, 496.2180422187107, 138.25282688172052, 1.4086021505376345, 185.36559139784947, 254.58064516129033
629, 495.9516227057251, 137.66191612903233, 1.6989247311827957, 184.1505376344086, 254.89247311827958
630, 495.6852031927393, 136.9128763440861, 1.2365591397849462, 183.11827956989248, 254.8494623655914
631, 495.41878367975363, 136.04528924731179, 1.1935483870967742, 181.65591397849462, 254.88172043010752
632, 495.15236416676794, 135.5070129032258, 1.053763440860215, 180.86021505376345, 254.6236559139785
633, 494.88594465378225, 134.4878752688172, 1.032258064516129, 179.11827956989248, 254.70967741935485
634, 494.61952514079655, 134.07972688172043, 0.9032258064516129, 178.50537634408602, 254.6236559139785
635, 494.35310562781086, 133.9847064516129, 1.7526881720430108, 177.88172043010752, 254.7741935483871
636, 494.08668611482517, 133.45979677419348, 1.4946236559139785, 177.13978494623655, 254.66666666666666
637, 493.8202666018394, 133.1353451612903, 2.032258064516129, 176.29032258064515, 254.78494623655914
638, 493.5538470888538, 132.21816881720423, 1.2150537634408602, 175.13978494623655, 254.80645161290323
639, 493.28742757586804, 131.4434247311828, 1.7741935483870968, 173.5268817204301, 254.8494623655914
640, 493.0210080628824, 129.79338387096774, 0.7849462365591398, 171.30107526881721, 254.43010752688173
641, 492.75458854989665, 128.80202903225805, 1.10752688172043, 169.3978494623656, 254.68817204301075
642, 492.48816903691096, 128.25604193548386, 0.6559139784946236, 168.65591397849462, 254.90322580645162
643, 492.22174952392527, 127.47490967741942, 1.5483870967741935, 166.93548387096774, 254.56989247311827
644, 491.9553300109396, 126.23637956989248, 0.8279569892473119, 165.2258064516129, 254.3978494623656
645, 491.6889104979539, 125.86686559139784, 1.6666666666666667, 164.0752688172043, 254.88172043010752
646, 491.4224909849682, 125.04617634408606, 1.2473118279569892, 162.90322580645162, 254.81720430107526
647, 491.1560714719825, 124.39897526881714, 1.4301075268817205, 161.70967741935485, 254.80645161290323
648, 490.88965195899675, 123.48417419354834, 0.946236559139785, 160.46236559139786, 254.4731182795699
649, 490.6232324460111, 123.29883118279561, 1.7956989247311828, 159.6451612903226, 254.8279569892473
650, 490.35681293302537, 122.286088172043, 1.1612903225806452, 158.31182795698925, 254.4731182795699
651, 490.09039342003973, 121.74699892473123, 1.7311827956989247, 157.03225806451613, 254.83870967741936
652, 489.823973907054, 120.90967634408604, 1.086021505376344, 155.96774193548387, 254.66666666666666
653, 489.5575543940683, 120.02036129032254, 1.6559139784946237, 154.20430107526883, 254.4516129032258
654, 489.2911348810826, 118.98203440860212, 0.8387096774193549, 152.8494623655914, 254.46236559139786
655, 489.0247153680969, 118.73011612903235, 2.2795698924731185, 151.63440860215053, 254.7311827956989
656, 488.7582958551112, 117.78998387096782, 1.881720430107527, 150.2688172043011, 254.55913978494624
657, 488.4918763421255, 116.52079032258062, 1.989247311827957, 147.98924731182797, 254.88172043010752
658, 488.22545682913983, 114.81926021505383, 0.946236559139785, 145.69892473118279, 254.48387096774192
659, 487.9590373161541, 113.89292903225812, 1.032258064516129, 144.06451612903226, 254.5483870967742
660, 487.69261780316845, 113.12848924731185, 1.021505376344086, 142.83870967741936, 254.18279569892474
661, 487.4261982901827, 112.77273763440861, 1.6559139784946237, 141.76344086021504, 254.93548387096774
662, 487.15977877719706, 111.73589139784943, 1.3010752688172043, 140.2258064516129, 254.68817204301075
663, 486.8933592642113, 110.92553118279568, 1.7849462365591398, 138.63440860215053, 254.50537634408602
664, 486.6269397512256, 109.74390537634402, 1.053763440860215, 137.0, 254.4731182795699
665, 486.3605202382399, 109.46123548387098, 2.161290322580645, 135.8709677419355, 254.90322580645162
666, 486.09410072525424, 107.41573763440856, 1.118279569892473, 133.03225806451613, 254.31182795698925
667, 485.82768121226854, 105.44264086021502, 1.118279569892473, 129.74193548387098, 253.94623655913978
668, 485.5612616992828, 104.2323387096774, 0.6989247311827957, 127.86021505376344, 254.11827956989248
669, 485.29484218629716, 104.20765698924737, 1.924731182795699, 127.06451612903226, 254.78494623655914
670, 485.0284226733114, 103.22874623655918, 2.10752688172043, 125.3225806451613, 254.68817204301075
671, 484.7620031603258, 100.23594301075272, 1.4301075268817205, 120.61290322580645, 254.46236559139786
672, 484.49558364734, 97.93435806451613, 0.5053763440860215, 117.21505376344086, 254.19354838709677
673, 484.22916413435433, 97.11392258064517, 1.3118279569892473, 115.34408602150538, 254.51612903225808
674, 483.96274462136864, 95.97582150537633, 1.1397849462365592, 113.50537634408602, 254.4516129032258
675, 483.69632510838295, 94.16556989247313, 1.075268817204301, 110.47311827956989, 254.3548387096774
676, 483.42990559539726, 92.712435483871, 0.5913978494623656, 108.20430107526882, 254.55913978494624
677, 483.16348608241157, 91.35195053763441, 1.3548387096774193, 105.46236559139786, 254.74193548387098
678, 482.8970665694259, 89.77063010752696, 1.118279569892473, 102.91397849462365, 254.61290322580646
679, 482.6306470564401, 88.82036451612903, 1.8387096774193548, 100.90322580645162, 254.74193548387098
680, 482.3642275434545, 85.5467580645161, 0.4838709677419355, 96.12903225806451, 254.16129032258064
681, 482.09780803046874, 83.37590107526879, 0.6666666666666666, 92.26881720430107, 254.51612903225808
682, 481.8313885174831, 80.94275483870963, 0.7311827956989247, 88.18279569892474, 254.04301075268816
683, 481.56496900449736, 79.36186774193548, 1.4301075268817205, 85.0752688172043, 254.34408602150538
684, 481.29854949151166, 76.99283978494621, 0.8494623655913979, 81.3225806451613, 254.40860215053763
685, 481.032129978526, 74.9106989247312, 0.8602150537634409, 77.7741935483871, 254.38709677419354
686, 480.7657104655403, 73.29235483870971, 1.075268817204301, 74.91397849462365, 254.3548387096774
687, 480.4992909525546, 71.41096666666667, 1.086021505376344, 71.70967741935483, 254.32258064516128
688, 480.2328714395689, 70.11154946236562, 1.8172043010752688, 69.16129032258064, 254.1290322580645
689, 479.9664519265832, 68.14831720430105, 1.881720430107527, 65.6774193548387, 254.67741935483872
690, 479.70003241359746, 65.62312150537633, 1.3655913978494623, 61.69892473118279, 254.36559139784947
691, 479.4336129006118, 63.215217204301055, 1.3763440860215055, 57.59139784946237, 254.36559139784947
692, 479.16719338762607, 60.09586666666665, 0.7956989247311828, 52.67741935483871, 253.8279569892473
693, 478.90077387464044, 58.29011935483871, 1.3870967741935485, 49.193548387096776, 254.3763440860215
694, 478.6343543616547, 55.886667741935476, 0.956989247311828, 45.31182795698925, 254.40860215053763
695, 478.367934848669, 54.485923655914, 1.4086021505376345, 42.655913978494624, 254.61290322580646
696, 478.1015153356833, 52.239194623655926, 1.064516129032258, 39.053763440860216, 254.3548387096774
697, 477.8350958226976, 50.06256021505378, 1.6021505376344085, 35.03225806451613, 254.55913978494624
698, 477.5686763097119, 46.425354838709694, 1.075268817204301, 29.13978494623656, 254.3763440860215
699, 477.3022567967262, 42.261572043010716, 1.053763440860215, 22.107526881720432, 254.11827956989248
700, 477.03583728374053, 38.66229032258063, 0.8602150537634409, 16.118279569892472, 253.89247311827958
701, 476.7694177707548, 34.47252043010752, 0.8172043010752689, 9.161290322580646, 253.0752688172043
702, 476.50299825776915, 31.53244193548388, 0.6344086021505376, 4.408602150537634, 252.23655913978496
703, 476.2365787447834, 30.841317204301085, 1.3440860215053763, 2.6881720430107525, 253.1720430107527
704, 475.97015923179777, 30.04619569892475, 1.2688172043010753, 1.4408602150537635, 252.81720430107526
705, 475.703739718812, 30.359863440860227, 1.903225806451613, 1.5268817204301075, 253.46236559139786
706, 475.4373202058263, 30.685645161290317, 2.3655913978494625, 1.8172043010752688, 253.61290322580646
707, 475.17090069284063, 30.599595698924723, 2.21505376344086, 1.7096774193548387, 253.80645161290323
708, 474.90448117985494, 29.963761290322584, 1.5268817204301075, 1.1397849462365592, 252.96774193548387
709, 474.63806166686925, 30.395748387096763, 2.086021505376344, 1.5053763440860215, 253.40860215053763
710, 474.3716421538835, 30.764566666666656, 2.5053763440860215, 1.8387096774193548, 253.8279569892473
711, 474.10522264089786, 30.616745161290325, 2.3333333333333335, 1.7204301075268817, 253.59139784946237
712, 473.8388031279121, 30.17917311827957, 1.8172043010752688, 1.2795698924731183, 253.3763440860215
713, 473.5723836149265, 30.597425806451607, 2.3010752688172045, 1.6559139784946237, 253.83870967741936
714, 473.30596410194073, 30.62421612903225, 2.3548387096774195, 1.7096774193548387, 253.65591397849462
715, 473.0395445889551, 30.26303333333333, 1.924731182795699, 1.3655913978494623, 253.38709677419354
716, 472.77312507596935, 30.300490322580654, 1.978494623655914, 1.3978494623655915, 253.40860215053763
717, 472.50670556298365, 30.755192473118285, 2.4838709677419355, 1.881720430107527, 253.58064516129033
718, 472.24028604999796, 30.38105161290323, 2.064516129032258, 1.4516129032258065, 253.61290322580646
719, 471.97386653701227, 30.648420430107528, 2.3548387096774195, 1.7634408602150538, 253.59139784946237
720, 471.7074470240266, 30.482505376344076, 2.150537634408602, 1.5806451612903225, 253.61290322580646
721, 471.44102751104083, 30.314901075268814, 1.956989247311828, 1.3978494623655915, 253.59139784946237
722, 471.1746079980552, 30.166317204301084, 1.7741935483870968, 1.2795698924731183, 253.3763440860215
723, 470.90818848506945, 30.6469623655914, 2.3118279569892475, 1.7849462365591398, 253.58064516129033
724, 470.6417689720838, 30.015959139784943, 1.5913978494623655, 1.1290322580645162, 253.31182795698925
725, 470.37534945909806, 30.77067741935485, 2.4731182795698925, 1.8279569892473118, 254.0215053763441
726, 470.10892994611237, 30.25281182795699, 1.881720430107527, 1.3763440860215055, 253.3548387096774
727, 469.8425104331267, 30.376032258064516, 2.043010752688172, 1.4623655913978495, 253.56989247311827
728, 469.576090920141, 30.58633118279569, 2.2795698924731185, 1.7419354838709677, 253.3548387096774
729, 469.3096714071553, 30.22358817204301, 1.8602150537634408, 1.3333333333333333, 253.3763440860215
730, 469.0432518941696, 30.388143010752692, 2.010752688172043, 1.5161290322580645, 253.48387096774192
731, 468.7768323811839, 30.566249462365572, 2.236559139784946, 1.6774193548387097, 253.6236559139785
732, 468.51041286819816, 30.368646236559137, 2.032258064516129, 1.5053763440860215, 253.31182795698925
733, 468.2439933552125, 30.46229462365591, 2.10752688172043, 1.5806451612903225, 253.5483870967742
734, 467.9775738422268, 30.19093655913978, 1.8172043010752688, 1.3225806451612903, 253.25806451612902
735, 467.71115432924114, 30.59948064516127, 2.2903225806451615, 1.6774193548387097, 253.7741935483871
736, 467.4447348162554, 30.68458387096774, 2.3333333333333335, 1.8172043010752688, 253.68817204301075
737, 467.1783153032697, 30.487938709677433, 2.118279569892473, 1.6021505376344085, 253.63440860215053
738, 466.911895790284, 30.1602193548387, 1.7849462365591398, 1.2365591397849462, 253.51612903225808
739, 466.6454762772983, 30.53258602150538, 2.204301075268817, 1.6344086021505377, 253.63440860215053
740, 466.3790567643126, 30.510868817204297, 2.172043010752688, 1.6451612903225807, 253.4731182795699
741, 466.11263725132693, 30.594845161290312, 2.3010752688172045, 1.7204301075268817, 253.48387096774192
742, 465.84621773834124, 30.63503440860215, 2.3440860215053765, 1.7419354838709677, 253.61290322580646
743, 465.5797982253555, 30.67683333333333, 2.4193548387096775, 1.7956989247311828, 253.50537634408602
744, 465.31337871236985, 30.28106021505376, 1.978494623655914, 1.4086021505376345, 253.18279569892474
745, 465.0469591993841, 30.28163978494623, 1.989247311827957, 1.3978494623655915, 253.21505376344086
746, 464.78053968639847, 30.528963440860206, 2.3010752688172045, 1.6666666666666667, 253.18279569892474
747, 464.5141201734127, 30.426917204301077, 2.225806451612903, 1.6021505376344085, 252.81720430107526
748, 464.24770066042703, 30.479235483870966, 2.2688172043010755, 1.6881720430107527, 252.72043010752688
749, 463.98128114744134, 29.971561290322576, 1.8064516129032258, 1.2258064516129032, 251.86021505376345
750, 463.71486163445564, 29.671264516129042, 1.4408602150537635, 1.021505376344086, 251.23655913978496
751, 463.44844212146995, 30.366066666666654, 2.4516129032258065, 1.6236559139784945, 251.58064516129033
752, 463.18202260848426, 29.84712688172044, 1.8494623655913978, 1.2258064516129032, 250.65591397849462
753, 462.91560309549857, 29.952843010752698, 2.0, 1.4086021505376345, 250.247311827957
754, 462.6491835825128, 30.133102150537642, 2.204301075268817, 1.5698924731182795, 250.46236559139786
755, 462.3827640695272, 30.075507526881726, 2.236559139784946, 1.5806451612903225, 249.81720430107526
756, 462.11634455654143, 29.502681720430104, 1.6774193548387097, 1.1505376344086022, 248.4731182795699
757, 461.8499250435558, 29.116373118279576, 1.3225806451612903, 0.8172043010752689, 247.7311827956989
758, 461.58350553057005, 29.642829032258057, 1.924731182795699, 1.4408602150537635, 247.55913978494624
759, 461.31708601758436, 29.57330967741935, 1.8494623655913978, 1.5591397849462365, 246.53763440860214
760, 461.05066650459867, 29.65851182795697, 1.978494623655914, 1.6344086021505377, 246.55913978494624
761, 460.784246991613, 29.13966344086023, 1.5376344086021505, 1.2903225806451613, 244.93548387096774
762, 460.5178274786273, 29.06334623655914, 1.4838709677419355, 1.2795698924731183, 244.46236559139786
763, 460.25140796564153, 29.034634408602166, 1.7204301075268817, 1.3440860215053763, 243.25806451612902
764, 459.9849884526559, 28.782364516129054, 1.5161290322580645, 1.1290322580645162, 242.68817204301075
765, 459.71856893967015, 29.06783440860216, 2.086021505376344, 1.4838709677419355, 241.8709677419355
766, 459.4521494266845, 28.598297849462373, 1.5376344086021505, 1.1720430107526882, 240.79569892473117
767, 459.18572991369876, 29.04107849462368, 2.225806451612903, 1.6344086021505377, 240.49462365591398
768, 458.9193104007131, 28.548612903225823, 1.7204301075268817, 1.2365591397849462, 239.5483870967742
769, 458.6528908877274, 28.766797849462368, 2.021505376344086, 1.4946236559139785, 239.34408602150538
770, 458.3864713747417, 28.355504301075275, 1.6236559139784945, 1.096774193548387, 238.8279569892473
771, 458.120051861756, 28.852005376344092, 2.204301075268817, 1.6344086021505377, 238.89247311827958
772, 457.8536323487703, 28.175420430107536, 1.4946236559139785, 1.064516129032258, 237.752688172043
773, 457.5872128357846, 28.43051290322581, 1.7526881720430108, 1.3655913978494623, 237.76344086021504
774, 457.32079332279886, 28.34833010752688, 1.7526881720430108, 1.2903225806451613, 237.43010752688173
775, 457.0543738098132, 28.460540860215055, 1.903225806451613, 1.4946236559139785, 236.96774193548387
776, 456.7879542968275, 28.02262688172043, 1.4731182795698925, 1.10752688172043, 236.247311827957
777, 456.52153478384184, 28.55179784946236, 2.129032258064516, 1.6666666666666667, 236.29032258064515
778, 456.2551152708561, 27.942753763440862, 1.4946236559139785, 1.1505376344086022, 235.2688172043011
779, 455.9886957578704, 27.94554623655913, 1.6344086021505377, 1.2365591397849462, 234.48387096774192
780, 455.7222762448847, 27.925835483870966, 1.6451612903225807, 1.2580645161290323, 234.1720430107527
781, 455.455856731899, 27.821529032258056, 1.913978494623656, 1.1397849462365592, 233.16129032258064
782, 455.1894372189133, 27.730862365591385, 1.8064516129032258, 1.086021505376344, 232.9247311827957
783, 454.92301770592763, 28.556343010752673, 3.021505376344086, 1.8172043010752688, 233.21505376344086
784, 454.65659819294194, 27.538339784946224, 1.8709677419354838, 0.956989247311828, 231.7311827956989
785, 454.3901786799562, 27.791560215053764, 2.139784946236559, 1.2473118279569892, 231.752688172043
786, 454.12375916697056, 27.96719784946236, 2.4301075268817205, 1.3548387096774193, 231.9784946236559
787, 453.8573396539848, 27.920750537634405, 2.3870967741935485, 1.3978494623655915, 231.46236559139786
788, 453.5909201409992, 27.25002688172044, 1.6666666666666667, 0.7849462365591398, 230.6236559139785
789, 453.3245006280134, 27.53433225806452, 2.161290322580645, 1.096774193548387, 230.21505376344086
790, 453.05808111502773, 27.674022580645175, 2.247311827956989, 1.3118279569892473, 230.10752688172042
791, 452.79166160204204, 27.585131182795717, 2.236559139784946, 1.2473118279569892, 229.68817204301075
792, 452.52524208905635, 27.260897849462374, 1.881720430107527, 1.032258064516129, 228.88172043010752
793, 452.25882257607066, 27.631838709677435, 2.3655913978494625, 1.3655913978494623, 229.1505376344086
794, 451.99240306308496, 27.4842182795699, 2.225806451612903, 1.2688172043010753, 228.72043010752688
795, 451.7259835500993, 27.434303225806456, 2.129032258064516, 1.5483870967741935, 227.09677419354838
796, 451.4595640371135, 27.366263440860227, 2.096774193548387, 1.4301075268817205, 227.19354838709677
797, 451.1931445241279, 26.928891397849466, 1.8387096774193548, 1.1505376344086022, 225.4731182795699
798, 450.92672501114214, 27.361438709677426, 2.2795698924731185, 1.5376344086021505, 226.11827956989248
799, 450.6603054981565, 27.11782150537635, 2.10752688172043, 1.4086021505376345, 225.09677419354838
800, 450.39388598517075, 26.957425806451617, 1.978494623655914, 1.2365591397849462, 224.91397849462365
801, 450.12746647218506, 26.82555053763441, 1.913978494623656, 1.2473118279569892, 223.8709677419355
802, 449.86104695919937, 26.93049892473116, 2.0, 1.3655913978494623, 223.95698924731184
803, 449.5946274462137, 26.749941935483864, 1.8709677419354838, 1.1612903225806452, 223.76344086021504
804, 449.328207933228, 26.626374193548376, 1.7419354838709677, 1.064516129032258, 223.51612903225808
805, 449.06178842024224, 26.490192473118263, 1.6236559139784945, 1.118279569892473, 222.3548387096774
806, 448.7953689072566, 26.71362258064515, 1.8387096774193548, 1.3225806451612903, 222.69892473118279
807, 448.52894939427085, 26.65432043010751, 1.8494623655913978, 1.3225806451612903, 222.1505376344086
808, 448.2625298812852, 26.4013193548387, 1.6451612903225807, 1.064516129032258, 221.79569892473117
809, 447.99611036829947, 26.62147419354838, 1.924731182795699, 1.3118279569892473, 221.72043010752688
810, 447.72969085531383, 26.431956989247304, 1.7204301075268817, 1.1827956989247312, 221.25806451612902
811, 447.4632713423281, 26.38407311827958, 1.956989247311828, 1.1290322580645162, 220.49462365591398
812, 447.1968518293424, 26.09227204301074, 1.5806451612903225, 0.8924731182795699, 220.13978494623655
813, 446.9304323163567, 26.159641935483865, 1.8602150537634408, 1.021505376344086, 219.33333333333334
814, 446.664012803371, 26.451229032258066, 2.225806451612903, 1.2903225806451613, 219.5483870967742
815, 446.3975932903853, 26.014246236559135, 1.7311827956989247, 1.010752688172043, 218.4516129032258
816, 446.13117377739957, 26.11357849462365, 1.8494623655913978, 1.096774193548387, 218.56989247311827
817, 445.86475426441393, 26.177397849462356, 1.935483870967742, 1.2473118279569892, 218.1290322580645
818, 445.5983347514282, 26.21737419354839, 2.064516129032258, 1.2580645161290323, 218.08602150537635
819, 445.33191523844255, 25.8768440860215, 1.6666666666666667, 1.1290322580645162, 216.80645161290323
820, 445.0654957254568, 26.048259139784932, 1.8172043010752688, 1.3548387096774193, 216.752688172043
821, 444.7990762124711, 25.959308602150546, 2.075268817204301, 1.2473118279569892, 215.8494623655914
822, 444.5326566994854, 25.6511752688172, 1.6881720430107527, 1.032258064516129, 215.2688172043011
823, 444.2662371864997, 25.797964516129042, 1.967741935483871, 1.2903225806451613, 214.49462365591398
824, 443.99981767351403, 25.605550537634425, 1.8064516129032258, 1.1720430107526882, 213.83870967741936
825, 443.73339816052834, 25.595280645161292, 1.8172043010752688, 1.1720430107526882, 213.72043010752688
826, 443.46697864754265, 25.468004301075286, 1.6774193548387097, 1.118279569892473, 213.247311827957
827, 443.2005591345569, 25.775354838709685, 2.150537634408602, 1.5053763440860215, 212.70967741935485
828, 442.93413962157126, 25.466076344086026, 1.8172043010752688, 1.2150537634408602, 212.36559139784947
829, 442.6677201085855, 25.387482795698922, 1.8387096774193548, 1.3333333333333333, 211.01075268817203
830, 442.4013005955999, 24.86986774193548, 1.3225806451612903, 0.8709677419354839, 210.20430107526883
831, 442.13488108261413, 25.543530107526887, 2.118279569892473, 1.5591397849462365, 210.48387096774192
832, 441.86846156962844, 25.31759892473117, 1.8602150537634408, 1.3870967741935485, 210.06451612903226
833, 441.60204205664274, 25.020860215053766, 1.935483870967742, 1.1397849462365592, 208.53763440860214
834, 441.33562254365705, 25.1342064516129, 2.021505376344086, 1.2473118279569892, 208.752688172043
835, 441.06920303067136, 25.31975376344087, 2.3548387096774195, 1.3978494623655915, 208.7311827956989
836, 440.80278351768567, 25.340031182795705, 2.3763440860215055, 1.4193548387096775, 208.74193548387098
837, 440.5363640047, 25.18129247311828, 2.4516129032258065, 1.4301075268817205, 207.09677419354838
838, 440.2699444917142, 24.75671612903226, 2.086021505376344, 1.053763440860215, 206.2688172043011
839, 440.0035249787286, 24.83539247311827, 2.204301075268817, 1.1505376344086022, 206.1505376344086
840, 439.73710546574284, 24.9845064516129, 2.3548387096774195, 1.2903225806451613, 206.34408602150538
841, 439.4706859527572, 24.855943010752693, 2.2903225806451615, 1.2795698924731183, 205.44086021505376
842, 439.20426643977146, 24.960959139784944, 2.4516129032258065, 1.3763440860215055, 205.44086021505376
843, 438.93784692678577, 25.17682688172042, 2.806451612903226, 1.6344086021505377, 205.0752688172043
844, 438.6714274138001, 24.248879569892456, 1.7419354838709677, 0.8817204301075269, 203.6021505376344
845, 438.4050079008144, 24.414288172043, 2.064516129032258, 1.118279569892473, 202.98924731182797
846, 438.1385883878287, 24.290768817204295, 1.881720430107527, 1.032258064516129, 202.8279569892473
847, 437.872168874843, 24.48841827956988, 2.161290322580645, 1.3978494623655915, 201.94623655913978
848, 437.6057493618573, 23.889924731182795, 1.5053763440860215, 0.8709677419354839, 201.1290322580645
849, 437.33932984887156, 24.3924752688172, 2.129032258064516, 1.4408602150537635, 200.96774193548387
850, 437.0729103358859, 24.28714731182797, 1.967741935483871, 1.3978494623655915, 200.68817204301075
851, 436.8064908229002, 24.43742580645163, 2.193548387096774, 1.5806451612903225, 200.4731182795699
852, 436.54007130991454, 23.904770967741936, 1.6451612903225807, 1.1612903225806452, 199.3978494623656
853, 436.2736517969288, 23.807241935483876, 2.096774193548387, 0.967741935483871, 198.3548387096774
854, 436.0072322839431, 23.58673118279569, 1.8279569892473118, 0.8709677419354839, 197.6236559139785
855, 435.7408127709574, 23.863309677419355, 2.172043010752688, 1.1397849462365592, 197.76344086021504
856, 435.4743932579717, 23.86085913978495, 2.2688172043010755, 1.096774193548387, 197.70967741935485
857, 435.207973744986, 23.63884731182795, 2.064516129032258, 1.075268817204301, 196.40860215053763
858, 434.94155423200027, 23.609343010752674, 2.053763440860215, 1.043010752688172, 196.34408602150538
859, 434.67513471901464, 23.827619354838703, 2.5161290322580645, 1.3548387096774193, 195.44086021505376
860, 434.4087152060289, 23.18772795698925, 1.7526881720430108, 0.8602150537634409, 194.3763440860215
861, 434.14229569304325, 23.463773118279573, 2.161290322580645, 1.3333333333333333, 193.29032258064515
862, 433.8758761800575, 23.791907526881715, 2.5376344086021505, 1.6881720430107527, 193.3548387096774
863, 433.60945666707187, 23.155753763440863, 1.924731182795699, 1.2903225806451613, 191.43010752688173
864, 433.3430371540861, 23.152990322580653, 1.924731182795699, 1.3440860215053763, 191.1290322580645
865, 433.0766176411004, 23.45041290322581, 2.3225806451612905, 1.6774193548387097, 190.9784946236559
866, 432.81019812811473, 22.31833225806452, 1.086021505376344, 0.6666666666666666, 189.49462365591398
867, 432.54377861512904, 22.97033978494624, 1.8709677419354838, 1.2795698924731183, 190.0
868, 432.27735910214335, 22.597087096774192, 1.4946236559139785, 1.010752688172043, 189.09677419354838
869, 432.0109395891576, 22.565905376344094, 1.6989247311827957, 1.064516129032258, 188.01075268817203
870, 431.74452007617197, 22.875764516129035, 2.139784946236559, 1.3010752688172043, 188.3548387096774
871, 431.4781005631862, 22.524947311827948, 1.8172043010752688, 1.118279569892473, 187.06451612903226
872, 431.2116810502006, 22.334405376344083, 1.6451612903225807, 1.010752688172043, 186.3978494623656
873, 430.94526153721483, 22.124225806451616, 1.6129032258064515, 0.967741935483871, 184.86021505376345
874, 430.67884202422914, 22.645536559139785, 2.161290322580645, 1.4408602150537635, 185.55913978494624
875, 430.41242251124345, 22.535304301075268, 2.225806451612903, 1.5376344086021505, 183.9247311827957
876, 430.14600299825776, 22.00697311827958, 1.6666666666666667, 1.1290322580645162, 182.86021505376345
877, 429.87958348527206, 22.213167741935493, 1.978494623655914, 1.4301075268817205, 182.30107526881721
878, 429.6131639722864, 22.1393559139785, 1.924731182795699, 1.4946236559139785, 181.46236559139786
879, 429.3467444593007, 21.673848387096776, 1.7311827956989247, 1.021505376344086, 180.32258064516128
880, 429.08032494631493, 21.52349999999999, 1.5591397849462365, 1.043010752688172, 179.34408602150538
881, 428.8139054333293, 22.05336881720431, 2.4408602150537635, 1.4946236559139785, 179.3548387096774
882, 428.54748592034355, 21.37213010752689, 1.7096774193548387, 0.956989247311828, 178.06451612903226
883, 428.2810664073579, 21.286023655913972, 1.5913978494623655, 1.0, 177.3978494623656
884, 428.01464689437216, 21.259190322580647, 1.6451612903225807, 1.0, 177.0215053763441
885, 427.74822738138647, 21.588659139784948, 2.118279569892473, 1.4623655913978495, 176.29032258064515
886, 427.4818078684008, 21.18901720430108, 1.6559139784946237, 1.2258064516129032, 175.21505376344086
887, 427.2153883554151, 21.1854430107527, 1.6989247311827957, 1.2688172043010753, 174.8494623655914
888, 426.9489688424294, 21.254081720430115, 1.8709677419354838, 1.3440860215053763, 174.61290322580646
889, 426.6825493294437, 21.209336559139786, 2.118279569892473, 1.4301075268817205, 173.1290322580645
890, 426.416129816458, 20.73502580645162, 1.5698924731182795, 1.053763440860215, 172.34408602150538
891, 426.14971030347226, 21.007892473118282, 2.3655913978494625, 1.3118279569892473, 171.32258064516128
892, 425.8832907904866, 20.953706451612902, 2.2903225806451615, 1.3225806451612903, 170.98924731182797
893, 425.6168712775009, 20.536855913978503, 1.978494623655914, 1.032258064516129, 169.6451612903226
894, 425.35045176451524, 20.651482795698918, 2.161290322580645, 1.1720430107526882, 169.4516129032258
895, 425.0840322515295, 20.453872043010755, 2.032258064516129, 1.118279569892473, 168.33333333333334
896, 424.8176127385438, 20.380983870967736, 2.096774193548387, 1.032258064516129, 167.96774193548387
897, 424.5511932255581, 20.31386774193549, 2.075268817204301, 1.1397849462365592, 166.88172043010752
898, 424.2847737125724, 20.08502150537635, 1.8279569892473118, 0.967741935483871, 166.40860215053763
899, 424.0183541995867, 20.00891397849463, 1.7204301075268817, 1.1935483870967742, 164.86021505376345
900, 423.751934686601, 19.738104301075275, 1.4301075268817205, 0.967741935483871, 164.40860215053763
901, 423.48551517361534, 20.182367741935472, 2.3440860215053765, 1.4408602150537635, 163.4731182795699
902, 423.2190956606296, 19.276393548387098, 1.4408602150537635, 0.7311827956989247, 161.5483870967742
903, 422.95267614764396, 19.98893978494624, 2.3225806451612905, 1.4731182795698925, 161.66666666666666
904, 422.6862566346582, 19.56697634408603, 1.956989247311828, 1.3225806451612903, 159.69892473118279
905, 422.4198371216726, 19.367482795698926, 2.053763440860215, 1.2258064516129032, 158.19354838709677
906, 422.1534176086868, 19.336963440860217, 2.086021505376344, 1.3870967741935485, 157.01075268817203
907, 421.88699809570113, 19.176273118279575, 2.21505376344086, 1.4193548387096775, 155.09677419354838
908, 421.62057858271544, 18.809813978494628, 1.8602150537634408, 1.1720430107526882, 154.08602150537635
909, 421.35415906972975, 18.76764731182796, 1.913978494623656, 1.2795698924731183, 153.0215053763441
910, 421.08773955674405, 18.445621505376344, 1.6344086021505377, 1.096774193548387, 151.8709677419355
911, 420.8213200437583, 18.69535591397849, 2.247311827956989, 1.3333333333333333, 151.23655913978496
912, 420.55490053077267, 18.852633333333344, 2.4838709677419355, 1.6666666666666667, 150.27956989247312
913, 420.2884810177869, 18.128498924731183, 2.0, 1.10752688172043, 148.0752688172043
914, 420.0220615048013, 17.6515688172043, 1.5161290322580645, 0.956989247311828, 145.93548387096774
915, 419.75564199181554, 17.68112043010752, 1.6989247311827957, 1.1397849462365592, 144.7741935483871
916, 419.48922247882984, 17.701604301075275, 1.8064516129032258, 1.2473118279569892, 144.11827956989248
917, 419.22280296584415, 17.544267741935485, 2.161290322580645, 0.967741935483871, 143.247311827957
918, 418.95638345285846, 17.68793978494623, 2.3225806451612905, 1.2473118279569892, 142.6451612903226
919, 418.68996393987277, 17.515064516129033, 2.2580645161290325, 1.2258064516129032, 141.40860215053763
920, 418.4235444268871, 17.32516559139785, 2.10752688172043, 1.3548387096774193, 139.4731182795699
921, 418.1571249139014, 17.21941182795699, 2.118279569892473, 1.2903225806451613, 138.8494623655914
922, 417.89070540091564, 16.943929032258062, 2.0, 1.2258064516129032, 137.0752688172043
923, 417.62428588793, 16.74036129032258, 2.086021505376344, 1.1505376344086022, 135.4516129032258
924, 417.35786637494425, 16.520496774193553, 1.8064516129032258, 1.064516129032258, 134.69892473118279
925, 417.0914468619586, 17.16623225806452, 2.946236559139785, 1.5591397849462365, 134.8279569892473
926, 416.82502734897287, 16.340061290322577, 2.075268817204301, 1.010752688172043, 132.68817204301075
927, 416.5586078359872, 16.167669892473118, 2.225806451612903, 0.9139784946236559, 131.27956989247312
928, 416.2921883230015, 16.081030107526875, 2.172043010752688, 1.1612903225806452, 129.38709677419354
929, 416.0257688100158, 15.993072043010747, 2.2903225806451615, 1.118279569892473, 128.5268817204301
930, 415.7593492970301, 15.218290322580646, 1.6129032258064515, 0.8387096774193549, 124.94623655913979
931, 415.4929297840444, 15.528384946236558, 1.956989247311828, 1.2043010752688172, 124.88172043010752
932, 415.2265102710587, 15.274727956989246, 1.967741935483871, 1.2365591397849462, 122.46236559139786
933, 414.96009075807297, 15.427050537634404, 2.827956989247312, 1.1290322580645162, 122.09677419354838
