Extraction [ img/s4/seq3/mys2.jpg ] effectuee 2026-05-28 17:40:59.135518
Calibration: -0.2664195129856975*x + 663.5294963737288 [largueur 2619 + 934]

pixel, longueur d'onde, intensite, r, g, b
0, 663.5294963737288, 99.83207073170729, 193.1951219512195, 55.31707317073171, 84.34146341463415
1, 663.263076860743, 100.5317951219512, 194.4878048780488, 55.51219512195122, 86.08536585365853
2, 662.9966573477574, 100.51621951219512, 194.5121951219512, 55.47560975609756, 86.07317073170732
3, 662.7302378347716, 101.09850121951217, 195.84146341463415, 55.5609756097561, 87.2560975609756
4, 662.463818321786, 101.58928170731707, 196.4512195121951, 55.96341463414634, 87.89024390243902
5, 662.1973988088002, 102.74281219512194, 199.4390243902439, 55.829268292682926, 90.86585365853658
6, 661.9309792958146, 102.37047439024387, 199.15853658536585, 55.3780487804878, 90.65853658536585
7, 661.6645597828289, 102.90315365853657, 200.17073170731706, 55.58536585365854, 91.60975609756098
8, 661.3981402698432, 102.54953048780487, 199.8170731707317, 55.23170731707317, 91.2560975609756
9, 661.1317207568575, 103.29698414634147, 201.6219512195122, 55.28048780487805, 92.82926829268293
10, 660.8653012438718, 102.21589756097563, 200.53658536585365, 54.19512195121951, 91.78048780487805
11, 660.5988817308861, 103.52385731707315, 203.0121951219512, 54.73170731707317, 94.0
12, 660.3324622179003, 103.46288780487806, 202.9512195121951, 54.670731707317074, 93.9390243902439
13, 660.0660427049147, 104.25251585365855, 204.96341463414635, 54.53658536585366, 96.28048780487805
14, 659.799623191929, 103.90437926829267, 204.7439024390244, 54.109756097560975, 96.0
15, 659.5332036789433, 104.74797317073168, 207.09756097560975, 53.926829268292686, 98.17073170731707
16, 659.2667841659576, 104.93101341463417, 207.3048780487805, 54.09756097560975, 98.35365853658537
17, 659.0003646529719, 105.91416951219509, 209.28048780487805, 54.3780487804878, 100.35365853658537
18, 658.7339451399862, 105.69885000000001, 209.0609756097561, 54.15853658536585, 100.17073170731707
19, 658.4675256270006, 105.55951219512197, 209.6341463414634, 53.548780487804876, 100.58536585365853
20, 658.2011061140148, 105.57593292682925, 209.6951219512195, 53.52439024390244, 100.6951219512195
21, 657.9346866010292, 107.06458780487803, 212.41463414634146, 54.26829268292683, 102.79268292682927
22, 657.6682670880434, 106.70168292682929, 212.0731707317073, 53.890243902439025, 102.45121951219512
23, 657.4018475750577, 106.9358841463415, 212.7439024390244, 53.829268292682926, 103.0609756097561
24, 657.135428062072, 107.05782317073174, 212.8658536585366, 53.951219512195124, 103.1829268292683
25, 656.8690085490863, 107.38592804878047, 213.890243902439, 53.76829268292683, 104.3170731707317
26, 656.6025890361007, 107.55782560975611, 214.0609756097561, 53.926829268292686, 104.5609756097561
27, 656.3361695231149, 108.09681463414638, 215.6341463414634, 53.71951219512195, 106.23170731707317
28, 656.0697500101293, 108.15778414634148, 215.6951219512195, 53.78048780487805, 106.29268292682927
29, 655.8033304971435, 109.185, 217.8048780487805, 54.048780487804876, 108.39024390243902
30, 655.5369109841579, 108.96550975609752, 217.58536585365854, 53.829268292682926, 108.17073170731707
31, 655.2704914711721, 110.05271707317075, 219.53658536585365, 54.28048780487805, 110.26829268292683
32, 655.0040719581864, 110.14324146341464, 219.65853658536585, 54.353658536585364, 110.36585365853658
33, 654.7376524452008, 109.5977987804878, 219.8170731707317, 53.25609756097561, 110.8170731707317
34, 654.471232932215, 109.69535, 219.91463414634146, 53.353658536585364, 110.91463414634147
35, 654.2048134192294, 109.99074756097565, 220.5731707317073, 53.426829268292686, 111.40243902439025
36, 653.9383939062436, 110.10550975609756, 220.8780487804878, 53.426829268292686, 111.60975609756098
37, 653.671974393258, 109.78942560975607, 221.71951219512195, 52.34146341463415, 112.21951219512195
38, 653.4055548802722, 109.92983414634149, 222.02439024390245, 52.3780487804878, 112.46341463414635
39, 653.1391353672866, 109.2807975609756, 222.390243902439, 51.109756097560975, 112.34146341463415
40, 652.8727158543008, 109.40856219512195, 222.67073170731706, 51.15853658536585, 112.47560975609755
41, 652.6062963413152, 110.09249024390243, 224.609756097561, 51.0, 114.20731707317073
42, 652.3398768283295, 110.37605243902438, 225.20731707317074, 51.1219512195122, 114.5
43, 652.0734573153437, 110.49919512195122, 226.82926829268294, 50.292682926829265, 115.59756097560975
44, 651.8070378023581, 110.48790487804877, 227.17073170731706, 50.08536585365854, 115.67073170731707
45, 651.5406182893723, 110.78082195121952, 228.97560975609755, 49.40243902439025, 117.02439024390245
46, 651.2741987763867, 110.64436097560979, 229.0731707317073, 49.146341463414636, 116.89024390243902
47, 651.007779263401, 110.61922439024389, 230.9268292682927, 47.951219512195124, 117.96341463414635
48, 650.7413597504153, 110.82783780487807, 231.3780487804878, 48.03658536585366, 118.17073170731707
49, 650.4749402374296, 111.24081707317066, 233.17073170731706, 47.59756097560975, 119.35365853658537
50, 650.2085207244439, 110.98957560975609, 233.14634146341464, 47.23170731707317, 119.09756097560975
51, 649.9421012114582, 111.17388048780495, 234.3658536585366, 46.853658536585364, 119.46341463414635
52, 649.6756816984725, 110.82275731707321, 234.2560975609756, 46.36585365853659, 119.1829268292683
53, 649.4092621854868, 111.30993536585369, 236.5, 45.792682926829265, 120.52439024390245
54, 649.142842672501, 110.9087024390244, 236.390243902439, 45.21951219512195, 120.2439024390244
55, 648.8764231595154, 110.08408658536582, 236.4512195121951, 43.890243902439025, 119.6951219512195
56, 648.6100036465297, 110.26725975609754, 236.79268292682926, 44.0, 119.84146341463415
57, 648.343584133544, 110.41234999999999, 238.08536585365854, 43.46341463414634, 120.48780487804878
58, 648.0771646205583, 110.29550487804876, 238.2439024390244, 43.207317073170735, 120.36585365853658
59, 647.8107451075726, 110.98680731707314, 240.46341463414635, 43.048780487804876, 121.42682926829268
60, 647.5443255945869, 111.04704634146337, 240.7560975609756, 43.0, 121.4390243902439
61, 647.2779060816013, 110.50384999999997, 241.5, 41.71951219512195, 121.3170731707317
62, 647.0114865686155, 110.20197317073172, 241.4878048780488, 41.26829268292683, 121.02439024390245
63, 646.7450670556299, 111.190856097561, 244.2439024390244, 41.329268292682926, 122.15853658536585
64, 646.4786475426441, 110.932193902439, 244.28048780487805, 40.926829268292686, 121.86585365853658
65, 646.2122280296584, 111.58047073170735, 246.14634146341464, 40.9390243902439, 122.59756097560975
66, 645.9458085166727, 112.29354146341457, 246.90243902439025, 41.6219512195122, 123.35365853658537
67, 645.679389003687, 112.50634756097561, 247.9878048780488, 41.353658536585364, 123.7560975609756
68, 645.4129694907014, 111.9598243902439, 247.73170731707316, 40.69512195121951, 123.02439024390245
69, 645.1465499777156, 112.01807682926835, 248.9878048780488, 40.109756097560975, 123.2560975609756
70, 644.88013046473, 111.78938414634146, 249.08536585365854, 39.74390243902439, 122.8780487804878
71, 644.6137109517442, 112.16240365853663, 249.7439024390244, 40.048780487804876, 122.85365853658537
72, 644.3472914387586, 111.97823902439026, 249.8048780487805, 39.75609756097561, 122.58536585365853
73, 644.0808719257728, 112.58298414634152, 251.2560975609756, 40.0, 122.82926829268293
74, 643.8144524127872, 112.73647073170734, 251.5121951219512, 40.109756097560975, 122.9390243902439
75, 643.5480328998015, 113.14538292682926, 252.5121951219512, 40.36585365853659, 122.58536585365853
76, 643.2816133868157, 113.32120975609756, 252.78048780487805, 40.51219512195122, 122.67073170731707
77, 643.0151938738301, 113.16294756097562, 253.5731707317073, 40.0, 121.84146341463415
78, 642.7487743608443, 113.0859536585366, 253.6341463414634, 39.8780487804878, 121.63414634146342
79, 642.4823548478587, 112.7712329268293, 253.76829268292684, 39.451219512195124, 120.71951219512195
80, 642.2159353348729, 112.4915853658537, 253.78048780487805, 39.0609756097561, 120.2439024390244
81, 641.9495158218873, 112.71442560975616, 254.28048780487805, 39.207317073170735, 120.13414634146342
82, 641.6830963089016, 112.63451829268296, 254.20731707317074, 39.146341463414636, 119.9390243902439
83, 641.4166767959159, 112.75589878048785, 254.5487804878049, 39.21951219512195, 119.73170731707317
84, 641.1502572829302, 112.84247926829275, 254.59756097560975, 39.36585365853659, 119.60975609756098
85, 640.8838377699444, 113.01124634146345, 254.609756097561, 39.75609756097561, 119.04878048780488
86, 640.6174182569588, 112.80194756097559, 254.79268292682926, 39.4390243902439, 118.36585365853658
87, 640.350998743973, 112.81872560975609, 254.6951219512195, 39.52439024390244, 118.32926829268293
88, 640.0845792309874, 112.99667317073173, 254.73170731707316, 39.78048780487805, 118.47560975609755
89, 639.8181597180017, 112.90767926829274, 254.91463414634146, 39.670731707317074, 117.78048780487805
90, 639.551740205016, 112.87322073170735, 254.8658536585366, 39.646341463414636, 117.73170731707317
91, 639.2853206920303, 112.94079268292681, 254.8780487804878, 39.890243902439025, 117.03658536585365
92, 639.0189011790446, 112.7647256097561, 254.8170731707317, 39.68292682926829, 116.71951219512195
93, 638.7524816660589, 113.76535975609758, 254.9390243902439, 41.28048780487805, 116.95121951219512
94, 638.4860621530732, 113.57379390243904, 254.9878048780488, 41.01219512195122, 116.52439024390245
95, 638.2196426400875, 113.86341097560977, 254.91463414634146, 41.670731707317074, 115.86585365853658
96, 637.9532231271018, 114.16429146341464, 254.890243902439, 42.13414634146341, 116.1829268292683
97, 637.6868036141161, 114.1338987804878, 254.91463414634146, 42.207317073170735, 115.47560975609755
98, 637.4203841011304, 114.26611341463409, 254.84146341463415, 42.4390243902439, 115.63414634146342
99, 637.1539645881447, 114.96115, 254.96341463414635, 43.5609756097561, 115.63414634146342
100, 636.887545075159, 115.08038292682926, 254.9512195121951, 43.75609756097561, 115.70731707317073
101, 636.6211255621733, 115.38685000000004, 254.91463414634146, 44.353658536585364, 115.41463414634147
102, 636.3547060491876, 115.34842926829273, 254.97560975609755, 44.292682926829265, 115.23170731707317
103, 636.088286536202, 115.68568902439031, 254.9390243902439, 44.90243902439025, 115.14634146341463
104, 635.8218670232162, 115.71360975609758, 254.8780487804878, 45.0, 115.04878048780488
105, 635.5554475102306, 116.41811463414628, 254.9512195121951, 46.146341463414636, 115.13414634146342
106, 635.2890279972448, 116.37179999999998, 254.8048780487805, 46.15853658536585, 115.04878048780488
107, 635.0226084842591, 117.06819146341458, 254.91463414634146, 47.329268292682926, 114.84146341463415
108, 634.7561889712734, 116.88331219512195, 254.8048780487805, 47.13414634146341, 114.51219512195122
109, 634.4897694582877, 117.58571463414627, 254.9268292682927, 48.28048780487805, 114.45121951219512
110, 634.2233499453021, 117.30991829268288, 254.84146341463415, 47.951219512195124, 113.95121951219512
111, 633.9569304323163, 117.83407560975606, 254.97560975609755, 48.86585365853659, 113.48780487804878
112, 633.6905109193307, 117.81513780487805, 254.96341463414635, 48.86585365853659, 113.35365853658537
113, 633.4240914063449, 118.93650487804865, 254.9512195121951, 50.68292682926829, 113.86585365853658
114, 633.1576718933593, 119.13160487804869, 254.9268292682927, 50.97560975609756, 114.13414634146342
115, 632.8912523803735, 119.97649390243899, 254.9390243902439, 52.292682926829265, 114.73170731707317
116, 632.6248328673878, 120.1207365853659, 254.9512195121951, 52.548780487804876, 114.64634146341463
117, 632.3584133544022, 120.54304512195118, 254.91463414634146, 53.5, 113.54878048780488
118, 632.0919938414164, 120.99882073170727, 254.96341463414635, 54.18292682926829, 113.90243902439025
119, 631.8255743284308, 121.83713780487807, 254.96341463414635, 55.573170731707314, 114.09756097560975
120, 631.559154815445, 122.16458536585365, 255.0, 56.03658536585366, 114.48780487804878
121, 631.2927353024594, 122.73139390243907, 254.96341463414635, 57.146341463414636, 113.84146341463415
122, 631.0263157894736, 122.88253170731703, 254.9268292682927, 57.4390243902439, 113.7560975609756
123, 630.759896276488, 123.62248048780488, 254.9512195121951, 58.829268292682926, 113.02439024390245
124, 630.4934767635023, 123.92313902439032, 254.9512195121951, 59.34146341463415, 113.02439024390245
125, 630.2270572505166, 124.69659024390252, 254.9512195121951, 60.84146341463415, 112.08536585365853
126, 629.9606377375309, 124.80739024390249, 254.8780487804878, 61.1219512195122, 111.8048780487805
127, 629.6942182245452, 125.86544878048778, 254.90243902439025, 62.98780487804878, 111.41463414634147
128, 629.4277987115595, 126.44211097560964, 254.9878048780488, 63.84146341463415, 111.85365853658537
129, 629.1613791985737, 127.04834268292682, 254.9878048780488, 65.07317073170732, 110.82926829268293
130, 628.8949596855881, 127.34770121951225, 254.9390243902439, 65.54878048780488, 111.13414634146342
131, 628.6285401726024, 128.04850487804876, 254.9512195121951, 66.73170731707317, 111.15853658536585
132, 628.3621206596167, 128.65158658536586, 254.9878048780488, 67.70731707317073, 111.32926829268293
133, 628.095701146631, 129.30161341463415, 254.96341463414635, 69.0, 110.4390243902439
134, 627.8292816336453, 129.64757439024385, 254.9878048780488, 69.6219512195122, 110.20731707317073
135, 627.5628621206596, 130.24613658536586, 254.97560975609755, 70.78048780487805, 109.52439024390245
136, 627.296442607674, 130.58204146341458, 254.9512195121951, 71.34146341463415, 109.64634146341463
137, 627.0300230946882, 131.46412439024382, 254.97560975609755, 72.91463414634147, 109.21951219512195
138, 626.7636035817025, 131.54653902439017, 254.97560975609755, 73.1829268292683, 108.5609756097561
139, 626.4971840687168, 132.3352829268292, 254.97560975609755, 74.6829268292683, 107.7560975609756
140, 626.2307645557311, 132.91837439024377, 254.91463414634146, 75.70731707317073, 107.7560975609756
141, 625.9643450427454, 134.0736597560974, 254.9878048780488, 77.60975609756098, 107.90243902439025
142, 625.6979255297597, 134.23705243902432, 254.96341463414635, 78.0, 107.39024390243902
143, 625.431506016774, 134.77927195121947, 254.96341463414635, 79.14634146341463, 106.2439024390244
144, 625.1650865037883, 135.19394146341463, 254.97560975609755, 79.85365853658537, 106.20731707317073
145, 624.8986669908027, 136.1130000000001, 255.0, 81.47560975609755, 105.85365853658537
146, 624.6322474778169, 135.8289987804879, 254.890243902439, 81.2560975609756, 104.78048780487805
147, 624.3658279648313, 136.51190121951223, 254.890243902439, 82.5, 104.36585365853658
148, 624.0994084518455, 137.53385853658543, 254.9512195121951, 84.13414634146342, 104.7560975609756
149, 623.8329889388598, 138.46523658536597, 254.9512195121951, 85.6829268292683, 104.95121951219512
150, 623.5665694258741, 138.53660487804888, 254.9268292682927, 85.97560975609755, 104.13414634146342
151, 623.3001499128884, 139.26933414634155, 254.9512195121951, 87.26829268292683, 103.84146341463415
152, 623.0337303999028, 139.53787073170722, 254.9512195121951, 87.85365853658537, 103.1829268292683
153, 622.767310886917, 140.7329170731707, 254.97560975609755, 89.92682926829268, 102.92682926829268
154, 622.5008913739314, 141.25575853658535, 254.97560975609755, 90.91463414634147, 102.42682926829268
155, 622.2344718609456, 142.36383048780476, 254.9878048780488, 92.82926829268293, 102.2560975609756
156, 621.96805234796, 142.50712195121943, 254.8780487804878, 93.29268292682927, 101.41463414634147
157, 621.7016328349742, 143.9494414634146, 254.97560975609755, 95.6219512195122, 101.8170731707317
158, 621.4352133219886, 144.50328292682929, 254.97560975609755, 96.63414634146342, 101.46341463414635
159, 621.1687938090029, 145.56937926829264, 254.9878048780488, 98.45121951219512, 101.42682926829268
160, 620.9023742960171, 146.2877963414633, 254.96341463414635, 99.84146341463415, 100.63414634146342
161, 620.6359547830315, 146.89069634146335, 254.9878048780488, 100.9390243902439, 100.20731707317073
162, 620.3695352700457, 147.43619634146333, 254.9878048780488, 101.95121951219512, 99.78048780487805
163, 620.1031157570601, 147.80940609756098, 254.96341463414635, 102.7439024390244, 99.03658536585365
164, 619.8366962440743, 148.37050243902445, 254.97560975609755, 103.8048780487805, 98.46341463414635
165, 619.5702767310887, 149.0194926829269, 254.9512195121951, 105.03658536585365, 97.8780487804878
166, 619.303857218103, 149.9173536585366, 255.0, 106.53658536585365, 97.90243902439025
167, 619.0374377051173, 150.4593597560976, 254.9390243902439, 107.59756097560975, 97.35365853658537
168, 618.7710181921316, 150.56841707317082, 254.97560975609755, 107.89024390243902, 96.70731707317073
169, 618.5045986791458, 151.24979756097557, 254.9512195121951, 109.14634146341463, 96.28048780487805
170, 618.2381791661602, 151.23049146341458, 254.96341463414635, 109.26829268292683, 95.45121951219512
171, 617.9717596531744, 151.8780012195122, 254.9878048780488, 110.53658536585365, 94.53658536585365
172, 617.7053401401888, 152.29435853658532, 254.9512195121951, 111.21951219512195, 94.76829268292683
173, 617.4389206272031, 153.13178170731703, 254.9878048780488, 112.73170731707317, 94.23170731707317
174, 617.1725011142174, 153.08334999999994, 254.91463414634146, 112.8048780487805, 93.6219512195122
175, 616.9060816012317, 154.04372682926825, 254.9268292682927, 114.53658536585365, 93.09756097560975
176, 616.639662088246, 154.95520731707308, 255.0, 116.0, 93.36585365853658
177, 616.3732425752603, 155.36661585365843, 254.9390243902439, 116.90243902439025, 92.48780487804878
178, 616.1068230622747, 155.83701707317073, 254.9512195121951, 117.78048780487805, 92.0609756097561
179, 615.8404035492889, 157.14602804878038, 254.96341463414635, 119.90243902439025, 92.58536585365853
180, 615.5739840363033, 157.5195365853659, 255.0, 120.6219512195122, 92.0609756097561
181, 615.3075645233175, 158.35800975609757, 254.90243902439025, 122.1829268292683, 91.63414634146342
182, 615.0411450103318, 158.71052804878053, 254.96341463414635, 122.79268292682927, 91.42682926829268
183, 614.7747254973461, 159.69712195121951, 255.0, 124.32926829268293, 92.07317073170732
184, 614.5083059843604, 159.8505146341464, 254.97560975609755, 124.6219512195122, 91.97560975609755
185, 614.2418864713748, 160.66997560975622, 255.0, 126.10975609756098, 91.4390243902439
186, 613.975466958389, 160.85925731707323, 254.9878048780488, 126.5, 91.1219512195122
187, 613.7090474454034, 161.96548902439025, 254.9878048780488, 128.4390243902439, 90.84146341463415
188, 613.4426279324176, 161.8689048780488, 254.97560975609755, 128.4512195121951, 89.96341463414635
189, 613.176208419432, 162.84823414634144, 254.97560975609755, 130.1219512195122, 89.95121951219512
190, 612.9097889064462, 163.38702560975602, 254.9878048780488, 131.09756097560975, 89.6219512195122
191, 612.6433693934605, 163.81260487804877, 254.9268292682927, 132.09756097560975, 88.36585365853658
192, 612.3769498804749, 164.24991829268293, 254.96341463414635, 132.890243902439, 88.02439024390245
193, 612.1105303674891, 164.90949024390238, 254.97560975609755, 134.1829268292683, 87.1219512195122
194, 611.8441108545035, 165.34828414634143, 254.96341463414635, 134.9390243902439, 87.10975609756098
195, 611.5776913415177, 165.59900975609747, 254.90243902439025, 135.5487804878049, 86.32926829268293
196, 611.3112718285321, 165.88276341463404, 254.9268292682927, 136.109756097561, 85.86585365853658
197, 611.0448523155463, 166.80978414634149, 254.96341463414635, 137.65853658536585, 85.92682926829268
198, 610.7784328025607, 166.95074634146343, 254.97560975609755, 138.0487804878049, 85.1219512195122
199, 610.512013289575, 167.44243536585364, 254.91463414634146, 139.0121951219512, 84.63414634146342
200, 610.2455937765892, 168.02435975609757, 254.9390243902439, 139.9390243902439, 84.90243902439025
201, 609.9791742636036, 168.50739024390248, 255.0, 140.8658536585366, 84.20731707317073
202, 609.7127547506178, 168.85284390243908, 254.85365853658536, 141.59756097560975, 83.85365853658537
203, 609.4463352376322, 169.60740853658535, 254.9390243902439, 142.9390243902439, 83.34146341463415
204, 609.1799157246464, 170.0523707317073, 254.9512195121951, 143.79268292682926, 82.8170731707317
205, 608.9134962116608, 170.51155365853666, 254.9512195121951, 144.6341463414634, 82.51219512195122
206, 608.647076698675, 171.24048048780494, 254.9512195121951, 145.8048780487805, 82.8780487804878
207, 608.3806571856894, 171.61352317073172, 254.890243902439, 146.65853658536585, 81.91463414634147
208, 608.1142376727037, 171.80817926829266, 254.91463414634146, 147.0487804878049, 81.54878048780488
209, 607.847818159718, 173.0716865853659, 254.96341463414635, 149.1219512195122, 81.82926829268293
210, 607.5813986467323, 173.26527073170732, 254.97560975609755, 149.5, 81.54878048780488
211, 607.3149791337466, 173.7062487804878, 254.9512195121951, 150.35365853658536, 81.08536585365853
212, 607.0485596207609, 174.071824390244, 254.9268292682927, 151.02439024390245, 80.90243902439025
213, 606.7821401077751, 175.29183414634147, 254.9512195121951, 153.0121951219512, 81.3048780487805
214, 606.5157205947895, 176.12500000000009, 255.0, 154.3048780487805, 81.82926829268293
215, 606.2493010818038, 176.8643414634146, 255.0, 155.59756097560975, 81.65853658536585
216, 605.9828815688181, 177.260037804878, 254.9878048780488, 156.35365853658536, 81.26829268292683
217, 605.7164620558324, 178.4676109756098, 254.9878048780488, 158.3658536585366, 81.5
218, 605.4500425428467, 178.88314999999994, 254.96341463414635, 159.1951219512195, 80.9390243902439
219, 605.183623029861, 179.55587073170727, 254.9512195121951, 160.46341463414635, 80.34146341463415
220, 604.9172035168754, 180.21503780487814, 254.9878048780488, 161.5487804878049, 80.4390243902439
221, 604.6507840038896, 181.0842085365853, 254.9878048780488, 163.03658536585365, 80.40243902439025
222, 604.3843644909039, 181.569037804878, 254.9878048780488, 163.91463414634146, 80.13414634146342
223, 604.1179449779182, 182.04237073170734, 254.9512195121951, 164.84146341463415, 79.60975609756098
224, 603.8515254649325, 182.55762439024394, 254.97560975609755, 165.85365853658536, 78.85365853658537
225, 603.5851059519468, 183.32472073170726, 254.9878048780488, 167.2560975609756, 78.32926829268293
226, 603.3186864389611, 183.73868292682928, 255.0, 168.08536585365854, 77.65853658536585
227, 603.0522669259755, 184.08232317073168, 254.9390243902439, 168.9268292682927, 76.5
228, 602.7858474129897, 184.17950975609753, 254.90243902439025, 169.3170731707317, 75.4390243902439
229, 602.5194279000041, 185.06534878048777, 254.9268292682927, 170.8658536585366, 75.17073170731707
230, 602.2530083870183, 185.47335609756104, 254.97560975609755, 171.6829268292683, 74.41463414634147
231, 601.9865888740327, 185.80566219512187, 254.96341463414635, 172.390243902439, 73.71951219512195
232, 601.7201693610469, 186.35304878048768, 255.0, 173.52439024390245, 72.58536585365853
233, 601.4537498480612, 187.1950158536586, 254.96341463414635, 175.03658536585365, 72.28048780487805
234, 601.1873303350756, 187.45696585365852, 254.97560975609755, 175.7560975609756, 70.84146341463415
235, 600.9209108220898, 188.59092682926823, 255.0, 177.67073170731706, 70.86585365853658
236, 600.6544913091042, 188.46456585365848, 254.9512195121951, 177.71951219512195, 69.63414634146342
237, 600.3880717961184, 189.44215121951214, 254.9512195121951, 179.4512195121951, 69.29268292682927
238, 600.1216522831328, 189.84026951219522, 254.9878048780488, 180.14634146341464, 69.10975609756098
239, 599.855232770147, 190.20863658536584, 254.97560975609755, 181.0121951219512, 67.91463414634147
240, 599.5888132571614, 190.30668780487795, 254.9512195121951, 181.40243902439025, 66.82926829268293
241, 599.3223937441757, 190.8668085365854, 254.96341463414635, 182.4878048780488, 66.1219512195122
242, 599.05597423119, 191.3837097560976, 254.97560975609755, 183.40243902439025, 65.91463414634147
243, 598.7895547182043, 191.56443292682926, 254.9390243902439, 183.96341463414635, 64.70731707317073
244, 598.5231352052185, 192.09739512195114, 254.9512195121951, 184.84146341463415, 64.82926829268293
245, 598.2567156922329, 192.75430731707317, 254.97560975609755, 185.9268292682927, 64.9390243902439
246, 597.9902961792471, 193.17763658536586, 254.97560975609755, 186.6219512195122, 65.07317073170732
247, 597.7238766662615, 193.69799024390238, 254.97560975609755, 187.46341463414635, 65.3048780487805
248, 597.4574571532758, 194.02572073170725, 254.9878048780488, 187.96341463414635, 65.57317073170732
249, 597.1910376402901, 194.75923292682924, 254.9878048780488, 189.15853658536585, 65.85365853658537
250, 596.9246181273044, 194.99961463414627, 254.9512195121951, 189.5487804878049, 66.04878048780488
251, 596.6581986143187, 195.87062560975608, 254.96341463414635, 191.0121951219512, 66.1219512195122
252, 596.391779101333, 196.3558792682927, 254.9878048780488, 191.73170731707316, 66.60975609756098
253, 596.1253595883472, 197.15633536585358, 254.9390243902439, 193.0609756097561, 66.91463414634147
254, 595.8589400753616, 197.23767317073163, 254.97560975609755, 193.1951219512195, 66.84146341463415
255, 595.5925205623759, 198.18511707317072, 254.9268292682927, 194.82926829268294, 66.86585365853658
256, 595.3261010493902, 198.35299390243895, 254.9390243902439, 195.08536585365854, 66.98780487804878
257, 595.0596815364045, 199.18195853658546, 254.9268292682927, 196.5487804878049, 66.7560975609756
258, 594.7932620234188, 199.11112682926827, 254.9512195121951, 196.4512195121951, 66.57317073170732
259, 594.5268425104331, 200.05144268292685, 254.96341463414635, 197.90243902439025, 67.3170731707317
260, 594.2604229974474, 200.29800731707314, 254.9268292682927, 198.32926829268294, 67.3780487804878
261, 593.9940034844617, 200.95084512195115, 254.96341463414635, 199.4512195121951, 67.23170731707317
262, 593.7275839714761, 201.14482317073168, 254.9390243902439, 199.84146341463415, 66.98780487804878
263, 593.4611644584903, 201.37867439024382, 254.96341463414635, 200.32926829268294, 66.46341463414635
264, 593.1947449455047, 201.34508658536575, 254.9878048780488, 200.3780487804878, 65.85365853658537
265, 592.9283254325189, 201.89497926829267, 254.96341463414635, 201.34146341463415, 65.78048780487805
266, 592.6619059195332, 201.94013536585362, 254.9878048780488, 201.52439024390245, 65.17073170731707
267, 592.3954864065475, 202.50617560975607, 254.9512195121951, 202.67073170731706, 64.32926829268293
268, 592.1290668935618, 202.71978902439017, 254.91463414634146, 203.1219512195122, 63.97560975609756
269, 591.8626473805762, 203.34290609756096, 254.96341463414635, 204.2439024390244, 63.53658536585366
270, 591.5962278675904, 203.4304170731706, 254.97560975609755, 204.59756097560975, 62.451219512195124
271, 591.3298083546048, 204.09710609756092, 254.91463414634146, 205.8780487804878, 61.86585365853659
272, 591.063388841619, 204.3182134146342, 254.9390243902439, 206.59756097560975, 60.03658536585366
273, 590.7969693286334, 204.6532036585367, 254.91463414634146, 207.26829268292684, 59.58536585365854
274, 590.5305498156476, 205.1976926829269, 254.90243902439025, 208.35365853658536, 58.80487804878049
275, 590.2641303026619, 205.66009146341466, 254.9390243902439, 209.23170731707316, 58.24390243902439
276, 589.9977107896763, 205.76319878048787, 254.96341463414635, 209.6341463414634, 57.01219512195122
277, 589.7312912766905, 206.36782682926827, 254.90243902439025, 210.78048780487805, 56.573170731707314
278, 589.4648717637049, 206.42239268292676, 254.97560975609755, 211.23170731707316, 54.53658536585366
279, 589.1984522507191, 206.8321231707316, 254.9878048780488, 211.97560975609755, 54.26829268292683
280, 588.9320327377335, 207.19427195121946, 254.96341463414635, 212.85365853658536, 52.98780487804878
281, 588.6656132247477, 207.57824512195117, 254.9878048780488, 213.58536585365854, 52.52439024390244
282, 588.3991937117621, 207.6683548780488, 254.9878048780488, 214.0609756097561, 50.86585365853659
283, 588.1327741987764, 208.0769280487805, 254.9878048780488, 214.9512195121951, 49.86585365853659
284, 587.8663546857906, 208.19927073170743, 254.97560975609755, 215.32926829268294, 49.02439024390244
285, 587.599935172805, 208.80248902439027, 254.9878048780488, 216.41463414634146, 48.69512195121951
286, 587.3335156598193, 208.88455000000005, 254.9878048780488, 216.7439024390244, 47.71951219512195
287, 587.0670961468336, 209.3656841463416, 254.9878048780488, 217.73170731707316, 46.853658536585364
288, 586.8006766338478, 209.25082439024393, 254.9268292682927, 217.85365853658536, 45.3780487804878
289, 586.5342571208622, 209.962306097561, 254.9878048780488, 219.1341463414634, 44.86585365853659
290, 586.2678376078765, 209.83970121951208, 254.9390243902439, 219.15853658536585, 43.792682926829265
291, 586.0014180948908, 210.39829512195112, 254.97560975609755, 220.1341463414634, 43.573170731707314
292, 585.7349985819051, 210.1477012195121, 254.9390243902439, 219.9390243902439, 42.47560975609756
293, 585.4685790689194, 211.05127439024386, 254.9390243902439, 221.4878048780488, 42.426829268292686
294, 585.2021595559337, 211.01204999999985, 254.9878048780488, 221.5121951219512, 41.829268292682926
295, 584.935740042948, 211.2309414634145, 254.97560975609755, 221.9268292682927, 41.646341463414636
296, 584.6693205299623, 211.10406463414634, 254.96341463414635, 221.79268292682926, 41.25609756097561
297, 584.4029010169766, 211.60364024390236, 254.9390243902439, 222.65853658536585, 41.24390243902439
298, 584.1364815039909, 211.49527195121942, 254.96341463414635, 222.5609756097561, 40.73170731707317
299, 583.8700619910052, 211.78468292682928, 255.0, 223.15853658536585, 40.09756097560975
300, 583.6036424780195, 211.7917707317073, 254.97560975609755, 223.26829268292684, 39.65853658536585
301, 583.3372229650338, 211.84343292682928, 254.9390243902439, 223.59756097560975, 38.51219512195122
302, 583.0708034520482, 212.05689512195124, 254.9512195121951, 224.0, 38.28048780487805
303, 582.8043839390624, 211.99700853658524, 254.91463414634146, 224.14634146341464, 37.09756097560975
304, 582.5379644260768, 212.0932853658537, 254.9512195121951, 224.34146341463415, 36.84146341463415
305, 582.271544913091, 212.33742926829268, 254.97560975609755, 224.78048780487805, 36.65853658536585
306, 582.0051254001053, 212.31069634146345, 254.9878048780488, 224.79268292682926, 36.329268292682926
307, 581.7387058871196, 212.1825804878049, 254.9268292682927, 224.70731707317074, 35.80487804878049
308, 581.4722863741339, 212.04987926829264, 254.8658536585366, 224.59756097560975, 35.36585365853659
309, 581.2058668611483, 212.32395731707322, 254.9390243902439, 225.1219512195122, 34.8780487804878
310, 580.9394473481625, 212.5218792682926, 254.9878048780488, 225.4390243902439, 34.853658536585364
311, 580.6730278351769, 212.21129146341463, 254.890243902439, 225.15853658536585, 33.829268292682926
312, 580.4066083221911, 212.29067804878048, 254.9268292682927, 225.34146341463415, 33.48780487804878
313, 580.1401888092055, 212.2074707317073, 254.9268292682927, 225.35365853658536, 32.69512195121951
314, 579.8737692962197, 212.31635609756103, 254.97560975609755, 225.58536585365854, 32.329268292682926
315, 579.6073497832341, 212.2268597560977, 254.9390243902439, 225.70731707317074, 31.01219512195122
316, 579.3409302702484, 212.32945000000004, 254.890243902439, 225.97560975609755, 30.658536585365855
317, 579.0745107572627, 212.59022682926826, 254.9268292682927, 226.52439024390245, 30.024390243902438
318, 578.808091244277, 212.05102195121958, 254.90243902439025, 225.90243902439025, 28.5609756097561
319, 578.5416717312912, 212.3379560975609, 254.9512195121951, 226.5487804878049, 27.621951219512194
320, 578.2752522183056, 212.20050853658526, 254.91463414634146, 226.5487804878049, 26.51219512195122
321, 578.0088327053198, 212.22526585365844, 254.90243902439025, 226.82926829268294, 25.317073170731707
322, 577.7424131923342, 212.00428170731703, 254.8658536585366, 226.65853658536585, 24.353658536585368
323, 577.4759936793484, 212.25023048780477, 254.890243902439, 227.1219512195122, 24.0609756097561
324, 577.2095741663628, 212.0586597560975, 254.8658536585366, 227.15853658536585, 22.25609756097561
325, 576.9431546533771, 211.65729390243905, 254.9878048780488, 226.7560975609756, 20.48780487804878
326, 576.6767351403914, 211.43024878048786, 254.9512195121951, 226.71951219512195, 18.78048780487805
327, 576.4103156274057, 211.63640609756098, 254.96341463414635, 227.1829268292683, 18.170731707317074
328, 576.1438961144199, 211.44580975609753, 254.82926829268294, 227.2439024390244, 16.536585365853657
329, 575.8774766014343, 211.74706097560983, 254.8780487804878, 227.91463414634146, 15.597560975609756
330, 575.6110570884485, 211.2208548780488, 254.8658536585366, 227.59756097560975, 12.646341463414634
331, 575.3446375754629, 211.31870000000006, 254.9512195121951, 227.9268292682927, 11.585365853658537
332, 575.0782180624772, 210.63820121951224, 254.9390243902439, 227.3658536585366, 8.536585365853659
333, 574.8117985494915, 210.2839390243903, 254.7560975609756, 227.2439024390244, 6.536585365853658
334, 574.5453790365058, 210.26377317073164, 254.21951219512195, 227.8048780487805, 4.878048780487805
335, 574.2789595235201, 210.47346097560973, 253.9268292682927, 228.4390243902439, 4.219512195121951
336, 574.0125400105344, 209.98634268292682, 252.0609756097561, 228.82926829268294, 2.8292682926829267
337, 573.7461204975486, 209.55368170731708, 249.76829268292684, 229.3780487804878, 2.2195121951219514
338, 573.479700984563, 208.55004024390246, 246.4268292682927, 229.5, 1.548780487804878
339, 573.2132814715774, 208.04175609756106, 244.7560975609756, 229.5487804878049, 1.2195121951219512
340, 572.9468619585916, 206.75473658536572, 241.0487804878049, 229.32926829268294, 0.7804878048780488
341, 572.6804424456059, 206.65771463414634, 237.609756097561, 230.76829268292684, 1.5365853658536586
342, 572.4140229326202, 205.38232317073172, 233.47560975609755, 230.8048780487805, 1.0
343, 572.1476034196345, 205.44880609756095, 232.91463414634146, 231.08536585365854, 1.6097560975609757
344, 571.8811839066489, 204.59368658536582, 229.35365853658536, 231.53658536585365, 1.1219512195121952
345, 571.6147643936631, 204.2168914634147, 226.9390243902439, 232.03658536585365, 1.5731707317073171
346, 571.3483448806775, 203.32868292682923, 223.29268292682926, 232.4512195121951, 1.2073170731707317
347, 571.0819253676917, 203.19561707317072, 221.390243902439, 233.0487804878049, 1.951219512195122
348, 570.8155058547061, 201.94901463414632, 217.53658536585365, 233.03658536585365, 1.1829268292682926
349, 570.5490863417203, 201.12507317073158, 215.97560975609755, 232.3780487804878, 1.4390243902439024
350, 570.2826668287346, 200.43044756097564, 212.71951219512195, 232.90243902439025, 1.1829268292682926
351, 570.016247315749, 200.0464280487805, 211.6951219512195, 232.65853658536585, 1.7560975609756098
352, 569.7498278027632, 199.39053048780482, 208.71951219512195, 233.14634146341464, 1.2926829268292683
353, 569.4834082897776, 199.3007036585366, 207.71951219512195, 233.34146341463415, 2.1219512195121952
354, 569.2169887767918, 198.04954390243904, 204.5609756097561, 233.02439024390245, 1.0609756097560976
355, 568.9505692638062, 197.65969999999993, 203.4878048780488, 232.8048780487805, 1.5853658536585367
356, 568.6841497508204, 197.80383414634156, 201.90243902439025, 233.82926829268294, 1.7317073170731707
357, 568.4177302378348, 196.88123536585377, 200.32926829268294, 233.0609756097561, 1.7195121951219512
358, 568.151310724849, 195.68740975609754, 196.7560975609756, 232.9390243902439, 1.2439024390243902
359, 567.8848912118633, 194.95573902439034, 195.53658536585365, 232.1951219512195, 1.853658536585366
360, 567.6184716988777, 192.9647207317074, 190.84146341463415, 231.40243902439025, 0.7804878048780488
361, 567.3520521858919, 191.82128292682924, 188.26829268292684, 230.64634146341464, 1.3902439024390243
362, 567.0856326729063, 190.12242682926828, 183.78048780487805, 230.14634146341464, 0.8292682926829268
363, 566.8192131599205, 189.39191463414627, 182.1951219512195, 229.52439024390245, 1.7804878048780488
364, 566.5527936469349, 188.04366219512207, 178.3780487804878, 229.26829268292684, 1.2804878048780488
365, 566.2863741339492, 186.79120243902452, 176.6341463414634, 227.96341463414635, 1.5853658536585367
366, 566.0199546209635, 185.18110975609756, 172.5609756097561, 227.4390243902439, 0.8414634146341463
367, 565.7535351079778, 184.39149024390247, 171.0731707317073, 226.6951219512195, 1.646341463414634
368, 565.4871155949921, 182.86478170731704, 166.9390243902439, 226.34146341463415, 0.9146341463414634
369, 565.2206960820064, 182.37906341463423, 165.21951219512195, 226.1219512195122, 2.292682926829268
370, 564.9542765690207, 180.65657926829266, 161.28048780487805, 225.3780487804878, 1.3414634146341464
371, 564.687857056035, 178.283887804878, 157.9512195121951, 223.09756097560975, 1.0
372, 564.4214375430493, 176.81271707317072, 154.17073170731706, 222.5731707317073, 0.7073170731707317
373, 564.1550180300636, 175.73249878048773, 151.23170731707316, 222.0731707317073, 1.5121951219512195
374, 563.8885985170779, 174.3144085365854, 147.7439024390244, 221.4878048780488, 1.2317073170731707
375, 563.6221790040922, 172.5600195121951, 144.8048780487805, 220.0121951219512, 1.146341463414634
376, 563.3557594911065, 170.63070487804885, 140.7560975609756, 218.9268292682927, 0.4268292682926829
377, 563.0893399781208, 169.70559878048783, 138.76829268292684, 218.26829268292684, 0.9146341463414634
378, 562.8229204651351, 168.43608902439033, 135.32926829268294, 217.8780487804878, 0.8048780487804879
379, 562.5565009521495, 168.11446341463414, 134.26829268292684, 217.6951219512195, 1.7073170731707317
380, 562.2900814391637, 167.34556829268297, 132.0, 217.5, 1.9146341463414633
381, 562.023661926178, 166.79443048780493, 130.5731707317073, 217.03658536585365, 3.207317073170732
382, 561.7572424131923, 164.2029268292683, 126.58536585365853, 214.85365853658536, 2.1707317073170733
383, 561.4908229002066, 161.66631707317077, 123.29268292682927, 212.1829268292683, 2.3048780487804876
384, 561.224403387221, 159.96052317073176, 119.64634146341463, 211.03658536585365, 2.8048780487804876
385, 560.9579838742352, 158.60636707317082, 117.42682926829268, 209.65853658536585, 3.841463414634146
386, 560.6915643612496, 158.46557317073177, 115.73170731707317, 210.0, 5.2926829268292686
387, 560.4251448482638, 158.27835609756096, 114.60975609756098, 209.96341463414635, 6.780487804878049
388, 560.1587253352782, 157.33236951219513, 112.52439024390245, 209.21951219512195, 7.780487804878049
389, 559.8923058222924, 157.6822963414634, 112.52439024390245, 209.1951219512195, 10.975609756097562
390, 559.6258863093067, 156.61626341463418, 110.53658536585365, 208.09756097560975, 12.487804878048781
391, 559.359466796321, 155.2979012195121, 108.42682926829268, 206.73170731707316, 13.487804878048781
392, 559.0930472833353, 154.31276585365853, 106.0, 205.9268292682927, 15.353658536585366
393, 558.8266277703497, 153.33914268292682, 104.1829268292683, 204.64634146341464, 18.170731707317074
394, 558.5602082573639, 152.3810268292683, 102.04878048780488, 203.71951219512195, 20.134146341463413
395, 558.2937887443783, 150.98770731707316, 99.51219512195122, 202.34146341463415, 21.658536585365855
396, 558.0273692313925, 149.5617036585366, 97.35365853658537, 200.8170731707317, 22.658536585365855
397, 557.7609497184069, 149.81349878048783, 96.84146341463415, 201.0, 25.26829268292683
398, 557.4945302054211, 148.90154268292684, 95.42682926829268, 199.9512195121951, 26.378048780487806
399, 557.2281106924355, 148.67789878048774, 94.1829268292683, 199.67073170731706, 29.121951219512194
400, 556.9616911794498, 147.7443207317073, 92.76829268292683, 198.65853658536585, 29.853658536585368
401, 556.6952716664641, 146.69673414634147, 90.70731707317073, 197.5609756097561, 31.71951219512195
402, 556.4288521534784, 144.67226219512196, 88.23170731707317, 195.4390243902439, 31.378048780487806
403, 556.1624326404926, 144.87154146341464, 87.26829268292683, 195.8048780487805, 33.76829268292683
404, 555.896013127507, 143.5052597560976, 85.20731707317073, 194.52439024390245, 33.78048780487805
405, 555.6295936145212, 143.16898780487804, 84.14634146341463, 194.1341463414634, 35.6219512195122
406, 555.3631741015356, 141.70111585365854, 82.01219512195122, 192.7439024390244, 35.5
407, 555.0967545885499, 140.4520707317073, 80.51219512195122, 191.1951219512195, 36.451219512195124
408, 554.8303350755642, 139.90975975609757, 79.96341463414635, 190.4512195121951, 36.96341463414634
409, 554.5639155625785, 140.3598268292683, 79.65853658536585, 190.71951219512195, 40.329268292682926
410, 554.2974960495928, 139.2775609756098, 78.53658536585365, 189.390243902439, 40.6219512195122
411, 554.0310765366071, 136.8569768292683, 75.47560975609755, 186.85365853658536, 40.47560975609756
412, 553.7646570236213, 136.87825365853658, 75.39024390243902, 186.7439024390244, 41.451219512195124
413, 553.4982375106357, 137.7984085365853, 75.54878048780488, 187.70731707317074, 44.146341463414636
414, 553.23181799765, 137.17166463414637, 74.8170731707317, 187.0121951219512, 44.146341463414636
415, 552.9653984846643, 137.042443902439, 74.21951219512195, 186.64634146341464, 46.46341463414634
416, 552.6989789716786, 136.10127317073164, 73.2439024390244, 185.64634146341464, 45.91463414634146
417, 552.4325594586929, 135.36201829268293, 72.01219512195122, 184.67073170731706, 47.68292682926829
418, 552.1661399457072, 134.6867475609756, 71.3048780487805, 183.96341463414635, 47.25609756097561
419, 551.8997204327216, 134.29231219512198, 70.65853658536585, 183.32926829268294, 48.75609756097561
420, 551.6333009197358, 133.33056463414638, 69.59756097560975, 182.29268292682926, 48.4390243902439
421, 551.36688140675, 133.16202560975614, 68.76829268292683, 182.1341463414634, 49.951219512195124
422, 551.1004618937644, 132.3355585365853, 67.82926829268293, 181.26829268292684, 49.6219512195122
423, 550.8340423807788, 132.5871243902439, 67.53658536585365, 181.58536585365854, 50.96341463414634
424, 550.567622867793, 131.1445024390244, 66.07317073170732, 180.109756097561, 49.74390243902439
425, 550.3012033548073, 130.80282439024387, 65.29268292682927, 179.6219512195122, 51.30487804878049
426, 550.0347838418216, 130.74559024390237, 65.1951219512195, 179.52439024390245, 51.5609756097561
427, 549.7683643288359, 131.00058536585368, 64.63414634146342, 179.85365853658536, 53.573170731707314
428, 549.5019448158503, 130.54213536585362, 64.13414634146342, 179.34146341463415, 53.5
429, 549.2355253028645, 130.18588048780492, 63.146341463414636, 179.02439024390245, 54.59756097560975
430, 548.9691057898789, 129.64951463414633, 62.53658536585366, 178.47560975609755, 54.31707317073171
431, 548.7026862768931, 129.6440280487805, 62.03658536585366, 178.4390243902439, 55.76829268292683
432, 548.4362667639075, 129.04165731707312, 61.353658536585364, 177.82926829268294, 55.41463414634146
433, 548.1698472509217, 129.45290609756097, 61.18292682926829, 178.28048780487805, 57.146341463414636
434, 547.903427737936, 129.2694304878049, 60.9390243902439, 178.0731707317073, 57.24390243902439
435, 547.6370082249504, 129.52421463414635, 60.90243902439025, 178.32926829268294, 58.25609756097561
436, 547.3705887119646, 129.49627073170734, 60.707317073170735, 178.3170731707317, 58.58536585365854
437, 547.104169198979, 129.06560853658536, 59.646341463414636, 177.85365853658536, 59.97560975609756
438, 546.8377496859932, 128.95243780487803, 59.28048780487805, 177.79268292682926, 60.25609756097561
439, 546.5713301730076, 128.54248902439025, 57.792682926829265, 177.79268292682926, 60.5609756097561
440, 546.3049106600218, 127.4911012195122, 56.0609756097561, 177.0609756097561, 59.646341463414636
441, 546.0384911470362, 127.87493292682927, 55.30487804878049, 177.76829268292684, 61.353658536585364
442, 545.7720716340505, 127.68344756097557, 54.426829268292686, 177.85365853658536, 61.53658536585366
443, 545.5056521210647, 127.28709512195122, 53.19512195121951, 177.58536585365854, 62.670731707317074
444, 545.2392326080791, 127.28030853658545, 53.01219512195122, 177.6219512195122, 62.90243902439025
445, 544.9728130950933, 127.74930853658536, 52.646341463414636, 178.1951219512195, 65.02439024390245
446, 544.7063935821077, 126.90009024390245, 51.53658536585366, 177.4390243902439, 64.3780487804878
447, 544.439974069122, 125.99168780487805, 49.58536585365854, 176.79268292682926, 64.85365853658537
448, 544.1735545561363, 126.39362560975604, 48.98780487804878, 177.65853658536585, 65.48780487804878
449, 543.9071350431506, 127.60978292682924, 49.609756097560975, 178.890243902439, 68.1829268292683
450, 543.6407155301649, 127.66138414634142, 48.23170731707317, 179.65853658536585, 68.29268292682927
451, 543.3742960171792, 127.99873780487806, 47.6219512195122, 180.29268292682926, 69.58536585365853
452, 543.1078765041935, 126.72800487804872, 45.5609756097561, 179.3170731707317, 68.86585365853658
453, 542.8414569912078, 126.49738414634145, 44.207317073170735, 179.32926829268294, 70.32926829268293
454, 542.5750374782222, 126.94860487804873, 43.829268292682926, 180.1341463414634, 71.13414634146342
455, 542.3086179652364, 126.92966585365855, 42.853658536585364, 180.390243902439, 72.20731707317073
456, 542.0421984522507, 126.73466341463416, 41.170731707317074, 180.9268292682927, 72.14634146341463
457, 541.775778939265, 127.32986829268286, 40.829268292682926, 181.70731707317074, 74.2439024390244
458, 541.5093594262793, 127.54567804878052, 39.19512195121951, 182.8170731707317, 74.70731707317073
459, 541.2429399132936, 127.89674390243904, 38.78048780487805, 183.28048780487805, 76.48780487804878
460, 540.9765204003079, 128.21839268292686, 37.41463414634146, 184.4268292682927, 76.98780487804878
461, 540.7101008873223, 127.44675487804876, 35.86585365853659, 183.76829268292684, 77.67073170731707
462, 540.4436813743365, 126.40755365853664, 33.0, 183.65853658536585, 76.63414634146342
463, 540.1772618613509, 126.56039756097559, 32.36585365853659, 183.9268292682927, 78.2560975609756
464, 539.9108423483651, 127.45464756097567, 30.963414634146343, 185.9512195121951, 79.35365853658537
465, 539.6444228353794, 128.37183536585357, 30.670731707317074, 187.23170731707316, 81.57317073170732
466, 539.3780033223937, 127.62415975609758, 28.036585365853657, 187.4390243902439, 80.85365853658537
467, 539.111583809408, 126.58989756097566, 26.146341463414632, 186.65853658536585, 80.7560975609756
468, 538.8451642964224, 125.7463219512195, 23.24390243902439, 186.84146341463415, 80.02439024390245
469, 538.5787447834366, 126.51621219512194, 21.902439024390244, 188.32926829268294, 82.63414634146342
470, 538.312325270451, 125.95606341463412, 19.24390243902439, 188.79268292682926, 82.3048780487805
471, 538.0459057574652, 125.68095731707317, 18.109756097560975, 188.70731707317074, 83.3048780487805
472, 537.7794862444796, 125.20610975609756, 15.487804878048781, 189.29268292682926, 83.0
473, 537.5130667314938, 124.20903536585358, 12.695121951219512, 188.90243902439025, 83.58536585365853
474, 537.2466472185081, 123.51479024390238, 9.536585365853659, 189.4512195121951, 82.95121951219512
475, 536.9802277055225, 123.91680000000004, 8.21951219512195, 190.3780487804878, 85.15853658536585
476, 536.7138081925368, 123.59119512195116, 6.097560975609756, 190.9512195121951, 84.91463414634147
477, 536.4473886795511, 124.52542439024387, 5.7560975609756095, 192.29268292682926, 87.09756097560975
478, 536.1809691665653, 125.0344182926829, 4.841463414634147, 193.5, 87.7439024390244
479, 535.9145496535797, 124.9843048780488, 3.658536585365854, 193.76829268292684, 89.02439024390245
480, 535.6481301405939, 124.53719999999993, 2.268292682926829, 193.79268292682926, 88.6219512195122
481, 535.3817106276083, 125.32393780487799, 2.0853658536585367, 194.79268292682926, 90.85365853658537
482, 535.1152911146226, 125.66507560975609, 1.6829268292682926, 195.4390243902439, 91.57317073170732
483, 534.8488716016368, 126.92353048780494, 2.1341463414634148, 196.9268292682927, 93.76829268292683
484, 534.5824520886512, 127.24548536585367, 1.975609756097561, 197.390243902439, 94.6219512195122
485, 534.3160325756655, 127.74915731707307, 1.7195121951219512, 198.0731707317073, 96.1951219512195
486, 534.0496130626798, 127.7668487804878, 1.5121951219512195, 198.09756097560975, 96.76829268292683
487, 533.783193549694, 128.5883134146341, 1.3780487804878048, 199.21951219512195, 98.54878048780488
488, 533.5167740367084, 129.15896341463412, 1.829268292682927, 199.82926829268294, 99.23170731707317
489, 533.2503545237226, 130.2626341463415, 2.1951219512195124, 201.0731707317073, 101.54878048780488
490, 532.983935010737, 129.81566585365852, 1.7560975609756098, 200.5731707317073, 101.35365853658537
491, 532.7175154977513, 130.7149853658536, 1.7317073170731707, 201.64634146341464, 103.78048780487805
492, 532.4510959847656, 131.18992439024396, 2.097560975609756, 202.1341463414634, 104.47560975609755
493, 532.1846764717799, 131.45416341463414, 1.2926829268292683, 202.6341463414634, 106.32926829268293
494, 531.9182569587942, 131.4388853658536, 1.2682926829268293, 202.5731707317073, 106.57317073170732
495, 531.6518374458085, 132.54043048780483, 1.4268292682926829, 203.90243902439025, 108.97560975609755
496, 531.3854179328227, 132.32073414634144, 1.3170731707317074, 203.6219512195122, 108.78048780487805
497, 531.1189984198371, 133.2988951219512, 1.4146341463414633, 204.8170731707317, 110.95121951219512
498, 530.8525789068515, 133.22811829268286, 1.3780487804878048, 204.73170731707316, 110.86585365853658
499, 530.5861593938657, 133.63853170731713, 1.5121951219512195, 205.17073170731706, 111.85365853658537
500, 530.31973988088, 133.4412085365853, 1.2073170731707317, 204.97560975609755, 111.92682926829268
501, 530.0533203678943, 134.17059512195127, 1.2439024390243902, 205.9390243902439, 113.26829268292683
502, 529.7869008549086, 134.9718548780487, 1.6951219512195121, 206.8658536585366, 114.34146341463415
503, 529.520481341923, 136.29138170731702, 2.768292682926829, 208.20731707317074, 116.1951219512195
504, 529.2540618289372, 135.31660365853656, 1.8902439024390243, 207.1951219512195, 115.15853658536585
505, 528.9876423159515, 134.9650207317073, 1.3780487804878048, 206.8048780487805, 115.42682926829268
506, 528.7212228029658, 134.86461219512194, 1.1951219512195121, 206.73170731707316, 115.40243902439025
507, 528.4548032899802, 135.68263902439023, 1.5365853658536586, 207.5487804878049, 117.47560975609755
508, 528.1883837769944, 135.93677195121944, 1.548780487804878, 207.890243902439, 117.91463414634147
509, 527.9219642640087, 137.4895292682927, 2.3902439024390243, 209.52439024390245, 120.91463414634147
510, 527.6555447510231, 137.00694024390242, 1.9390243902439024, 209.02439024390245, 120.4390243902439
511, 527.3891252380373, 137.09267682926827, 1.646341463414634, 209.0731707317073, 121.70731707317073
512, 527.1227057250517, 136.97690000000003, 1.4878048780487805, 208.97560975609755, 121.60975609756098
513, 526.8562862120659, 136.85989146341464, 1.0853658536585367, 208.84146341463415, 122.32926829268293
514, 526.5898666990803, 137.07917439024382, 1.3048780487804879, 209.0487804878049, 122.60975609756098
515, 526.3234471860945, 137.39149146341467, 1.4268292682926829, 209.32926829268294, 123.58536585365853
516, 526.0570276731089, 137.04226219512196, 1.1585365853658536, 208.8780487804878, 123.54878048780488
517, 525.7906081601232, 137.9235231707317, 1.5975609756097562, 209.5731707317073, 126.54878048780488
518, 525.5241886471374, 138.0636256097561, 1.670731707317073, 209.65853658536585, 127.14634146341463
519, 525.2577691341518, 138.0135780487805, 1.4146341463414633, 209.5, 128.1951219512195
520, 524.991349621166, 137.96045975609755, 1.3780487804878048, 209.390243902439, 128.390243902439
521, 524.7249301081804, 138.3010353658537, 0.9878048780487805, 209.70731707317074, 130.76829268292684
522, 524.4585105951946, 139.44374024390245, 1.8658536585365855, 210.8658536585366, 132.52439024390245
523, 524.192091082209, 139.9281085365853, 1.9634146341463414, 211.14634146341464, 135.0731707317073
524, 523.9256715692233, 139.88702560975614, 1.8170731707317074, 210.97560975609755, 135.97560975609755
525, 523.6592520562376, 139.55166341463413, 1.170731707317073, 210.46341463414635, 137.3658536585366
526, 523.3928325432519, 139.97282073170734, 1.4268292682926829, 210.78048780487805, 138.7560975609756
527, 523.1264130302661, 140.37316219512192, 1.548780487804878, 210.84146341463415, 141.6341463414634
528, 522.8599935172805, 140.02764999999988, 1.4268292682926829, 210.2439024390244, 142.0
529, 522.5935740042949, 140.21701707317075, 1.048780487804878, 210.3658536585366, 144.02439024390245
530, 522.3271544913091, 140.64754024390243, 1.548780487804878, 210.70731707317074, 144.73170731707316
531, 522.0607349783234, 141.48758536585362, 2.073170731707317, 211.40243902439025, 147.14634146341464
532, 521.7943154653377, 141.02534024390235, 1.7195121951219512, 210.79268292682926, 147.15853658536585
533, 521.527895952352, 140.8242036585366, 1.3780487804878048, 210.28048780487805, 148.9268292682927
534, 521.2614764393663, 140.46721341463416, 1.0365853658536586, 209.84146341463415, 148.9512195121951
535, 520.9950569263806, 141.15152073170728, 1.6219512195121952, 210.28048780487805, 151.15853658536585
536, 520.7286374133948, 140.8712292682927, 1.4878048780487805, 209.890243902439, 151.0609756097561
537, 520.4622179004092, 141.13981341463412, 1.3780487804878048, 210.03658536585365, 152.9512195121951
538, 520.1957983874236, 141.0596585365854, 1.3414634146341464, 209.890243902439, 153.09756097560975
539, 519.9293788744378, 141.9272621951219, 2.0121951219512195, 210.4512195121951, 156.0609756097561
540, 519.6629593614521, 141.37650487804876, 1.5365853658536586, 209.8048780487805, 155.8048780487805
541, 519.3965398484664, 141.34878780487801, 1.3902439024390243, 209.4390243902439, 157.82926829268294
542, 519.1301203354807, 141.48573780487794, 1.646341463414634, 209.47560975609755, 158.17073170731706
543, 518.863700822495, 141.69209146341467, 1.7682926829268293, 209.32926829268294, 160.41463414634146
544, 518.5972813095093, 141.20019634146345, 1.451219512195122, 208.6219512195122, 160.5731707317073
545, 518.3308617965237, 141.4824353658537, 1.3780487804878048, 208.6829268292683, 162.9268292682927
546, 518.0644422835379, 141.59384878048783, 1.5121951219512195, 208.70731707317074, 163.4268292682927
547, 517.7980227705523, 142.118506097561, 1.7682926829268293, 209.0609756097561, 165.53658536585365
548, 517.5316032575665, 142.155587804878, 1.8048780487804879, 208.96341463414635, 166.26829268292684
549, 517.2651837445808, 141.64984634146344, 1.170731707317073, 208.109756097561, 167.890243902439
550, 516.9987642315951, 141.81437317073176, 1.3902439024390243, 208.1219512195122, 168.6951219512195
551, 516.7323447186095, 142.60827317073168, 2.024390243902439, 208.67073170731706, 171.17073170731706
552, 516.4659252056238, 142.55413780487808, 1.9146341463414633, 208.5609756097561, 171.5487804878049
553, 516.199505692638, 141.68473658536587, 1.2926829268292683, 207.03658536585365, 173.40243902439025
554, 515.9330861796524, 141.3505378048781, 1.0853658536585367, 206.5609756097561, 173.46341463414635
555, 515.6666666666666, 142.14106829268303, 1.5121951219512195, 207.1219512195122, 176.390243902439
556, 515.400247153681, 141.94353902439025, 1.3170731707317074, 206.8658536585366, 176.4878048780488
557, 515.1338276406952, 142.8080597560975, 2.0853658536585367, 207.32926829268294, 179.67073170731706
558, 514.8674081277095, 142.43649146341463, 1.9146341463414633, 206.79268292682926, 179.6219512195122
559, 514.6009886147239, 141.8976817073171, 1.7195121951219512, 205.59756097560975, 181.5609756097561
560, 514.3345691017382, 141.22977317073173, 1.170731707317073, 204.7439024390244, 181.53658536585365
561, 514.0681495887525, 141.5127829268293, 1.3170731707317074, 204.67073170731706, 184.0121951219512
562, 513.8017300757667, 142.1687829268293, 1.6829268292682926, 205.34146341463415, 185.35365853658536
563, 513.5353105627811, 142.5914951219513, 2.2439024390243905, 205.3780487804878, 187.40243902439025
564, 513.2688910497953, 141.91441097560968, 1.7439024390243902, 204.35365853658536, 188.0487804878049
565, 513.0024715368097, 142.25287926829273, 1.451219512195122, 204.5487804878049, 190.78048780487805
566, 512.736052023824, 142.3420036585366, 1.670731707317073, 204.3780487804878, 191.8658536585366
567, 512.4696325108383, 142.5397597560976, 1.9146341463414633, 204.28048780487805, 193.46341463414635
568, 512.2032129978526, 141.999637804878, 1.3048780487804879, 203.7560975609756, 193.02439024390245
569, 511.9367934848669, 141.65535487804877, 1.329268292682927, 202.8658536585366, 194.52439024390245
570, 511.6703739718812, 141.46393414634142, 1.2682926829268293, 202.5731707317073, 194.5121951219512
571, 511.4039544588955, 141.67782317073176, 1.646341463414634, 202.29268292682926, 196.84146341463415
572, 511.1375349459098, 141.425168292683, 1.3658536585365855, 202.0121951219512, 196.8048780487805
573, 510.87111543292406, 141.22909146341465, 1.4024390243902438, 201.3658536585366, 198.3170731707317
574, 510.6046959199384, 140.78749878048782, 1.1097560975609757, 200.8170731707317, 198.03658536585365
575, 510.3382764069527, 141.09287195121948, 1.524390243902439, 200.6951219512195, 200.2560975609756
576, 510.07185689396704, 141.25535365853654, 1.4634146341463414, 200.9390243902439, 200.58536585365854
577, 509.8054373809813, 141.3126573170732, 1.5975609756097562, 200.5609756097561, 202.6829268292683
578, 509.5390178679956, 141.31145487804872, 1.670731707317073, 200.5121951219512, 202.73170731707316
579, 509.2725983550099, 141.69274512195113, 1.9390243902439024, 200.8048780487805, 203.8658536585366
580, 509.0061788420242, 140.72980243902435, 1.1219512195121952, 199.7439024390244, 203.02439024390245
581, 508.7397593290385, 141.01033048780494, 1.329268292682927, 199.59756097560975, 205.6951219512195
582, 508.4733398160528, 140.6873707317073, 1.170731707317073, 199.17073170731706, 205.47560975609755
583, 508.20692030306714, 140.90497439024395, 1.353658536585366, 199.26829268292684, 206.40243902439025
584, 507.9405007900814, 140.97462317073175, 1.329268292682927, 199.3780487804878, 206.5121951219512
585, 507.67408127709575, 140.94749634146345, 1.5, 198.9512195121951, 208.02439024390245
586, 507.40766176411, 140.58026951219514, 1.2073170731707317, 198.52439024390245, 207.76829268292684
587, 507.14124225112437, 140.89900487804874, 1.6585365853658536, 198.46341463414635, 209.6951219512195
588, 506.8748227381386, 140.97928536585357, 1.6585365853658536, 198.52439024390245, 210.08536585365854
589, 506.6084032251529, 141.21718780487802, 2.024390243902439, 198.3170731707317, 212.28048780487805
590, 506.34198371216723, 140.67883170731702, 1.5609756097560976, 197.6951219512195, 211.97560975609755
591, 506.07556419918154, 140.5258731707317, 1.6341463414634145, 197.0609756097561, 213.70731707317074
592, 505.80914468619585, 140.2534170731708, 1.4390243902439024, 196.73170731707316, 213.52439024390245
593, 505.54272517321016, 140.59240853658542, 1.7682926829268293, 196.8170731707317, 215.1951219512195
594, 505.27630566022447, 140.4232170731707, 1.7317073170731707, 196.58536585365854, 215.0
595, 505.0098861472387, 140.43243536585365, 1.9878048780487805, 196.3048780487805, 215.85365853658536
596, 504.7434666342531, 139.23282926829265, 0.975609756097561, 194.97560975609755, 214.82926829268294
597, 504.47704712126733, 139.56250975609757, 1.4878048780487805, 194.73170731707316, 217.6341463414634
598, 504.2106276082817, 139.50787073170727, 1.5365853658536586, 194.58536585365854, 217.78048780487805
599, 503.94420809529595, 139.98742439024392, 1.853658536585366, 194.97560975609755, 219.14634146341464
600, 503.67778858231026, 139.51065853658537, 1.3414634146341464, 194.5, 218.7560975609756
601, 503.41136906932456, 139.91532682926825, 1.3658536585365855, 194.73170731707316, 221.0487804878049
602, 503.1449495563389, 139.5228487804878, 1.146341463414634, 194.23170731707316, 220.7560975609756
603, 502.8785300433532, 140.11514146341466, 1.7560975609756098, 194.390243902439, 223.53658536585365
604, 502.6121105303675, 140.02125121951218, 1.7560975609756098, 194.1829268292683, 223.78048780487805
605, 502.3456910173818, 139.23522804878044, 1.3780487804878048, 192.8658536585366, 224.65853658536585
606, 502.07927150439605, 138.93019024390236, 1.2682926829268293, 192.390243902439, 224.71951219512195
607, 501.8128519914104, 138.9947134146342, 1.8902439024390243, 191.79268292682926, 226.73170731707316
608, 501.54643247842466, 139.2498768292683, 1.8414634146341464, 192.1219512195122, 227.40243902439025
609, 501.280012965439, 139.1379719512195, 1.7439024390243902, 191.67073170731706, 229.0
610, 501.0135934524533, 138.5830463414634, 1.4878048780487805, 190.9268292682927, 228.6341463414634
611, 500.7471739394676, 138.35211951219512, 1.2439024390243902, 190.46341463414635, 229.6341463414634
612, 500.4807544264819, 138.49268536585367, 1.1951219512195121, 190.5121951219512, 230.7439024390244
613, 500.2143349134962, 138.6706317073171, 1.2439024390243902, 190.390243902439, 232.8048780487805
614, 499.9479154005105, 138.62221951219507, 1.2195121951219512, 190.09756097560975, 233.9512195121951
615, 499.68149588752476, 138.78902682926832, 1.5609756097560976, 189.8170731707317, 235.96341463414635
616, 499.4150763745391, 138.77850975609755, 1.4878048780487805, 189.58536585365854, 237.2560975609756
617, 499.1486568615534, 139.0232475609756, 1.9146341463414633, 189.28048780487805, 239.85365853658536
618, 498.88223734856774, 137.92294634146336, 1.024390243902439, 187.8048780487805, 240.1341463414634
619, 498.615817835582, 138.233581707317, 1.8658536585365855, 187.4390243902439, 242.53658536585365
620, 498.34939832259636, 137.1377207317073, 1.0853658536585367, 186.0121951219512, 242.3170731707317
621, 498.0829788096106, 137.62636097560974, 1.6341463414634145, 186.1341463414634, 244.53658536585365
622, 497.8165592966249, 136.71720487804876, 1.0, 184.9390243902439, 244.3780487804878
623, 497.5501397836392, 136.88247682926828, 1.9390243902439024, 184.3658536585366, 246.3170731707317
624, 497.28372027065353, 135.98814146341465, 1.146341463414634, 183.23170731707316, 246.390243902439
625, 497.01730075766784, 136.01367804878058, 1.3902439024390243, 182.8170731707317, 248.109756097561
626, 496.7508812446821, 135.8297853658536, 1.4146341463414633, 182.3658536585366, 248.7560975609756
627, 496.48446173169646, 136.50725487804877, 2.207317073170732, 182.6829268292683, 250.9878048780488
628, 496.2180422187107, 135.7761731707316, 1.6829268292682926, 181.609756097561, 251.47560975609755
629, 495.9516227057251, 134.94960487804883, 1.2682926829268293, 180.26829268292684, 252.21951219512195
630, 495.6852031927393, 134.56041463414635, 1.2195121951219512, 179.65853658536585, 252.0731707317073
631, 495.41878367975363, 134.78758658536577, 1.6951219512195121, 179.67073170731706, 252.7560975609756
632, 495.15236416676794, 134.2914414634146, 1.0731707317073171, 179.08536585365854, 253.0487804878049
633, 494.88594465378225, 133.63510853658542, 1.353658536585366, 177.7439024390244, 253.46341463414635
634, 494.61952514079655, 133.16662560975604, 1.0609756097560976, 177.08536585365854, 253.5121951219512
635, 494.35310562781086, 132.71163414634142, 1.5853658536585367, 175.9390243902439, 254.0487804878049
636, 494.08668611482517, 132.2902390243902, 1.3902439024390243, 175.35365853658536, 253.8780487804878
637, 493.8202666018394, 131.67528170731703, 1.8170731707317074, 174.03658536585365, 254.14634146341464
638, 493.5538470888538, 130.87241219512185, 1.2439024390243902, 172.9512195121951, 254.1951219512195
639, 493.28742757586804, 130.2107963414634, 1.0609756097560976, 171.84146341463415, 254.58536585365854
640, 493.0210080628824, 130.16404878048775, 1.0975609756097562, 171.71951219512195, 254.70731707317074
641, 492.75458854989665, 130.0734524390244, 1.8170731707317074, 171.15853658536585, 254.91463414634146
642, 492.48816903691096, 130.09306829268297, 1.8780487804878048, 171.15853658536585, 254.9268292682927
643, 492.22174952392527, 129.17145731707316, 1.4024390243902438, 169.8780487804878, 254.6829268292683
644, 491.9553300109396, 128.07338658536582, 1.0121951219512195, 168.32926829268294, 254.0487804878049
645, 491.6889104979539, 127.76500243902441, 1.4390243902439024, 167.46341463414635, 254.6829268292683
646, 491.4224909849682, 127.62191097560978, 1.7439024390243902, 167.09756097560975, 254.5121951219512
647, 491.1560714719825, 127.05969268292688, 1.7317073170731707, 166.1341463414634, 254.5731707317073
648, 490.88965195899675, 126.61535243902439, 1.2317073170731707, 165.6341463414634, 254.5609756097561
649, 490.6232324460111, 126.38782073170724, 1.670731707317073, 164.97560975609755, 254.8048780487805
650, 490.35681293302537, 126.23993292682924, 1.646341463414634, 164.71951219512195, 254.890243902439
651, 490.09039342003973, 125.32644390243901, 1.9024390243902438, 163.0731707317073, 254.6829268292683
652, 489.823973907054, 124.29756341463414, 1.1951219512195121, 161.6829268292683, 254.67073170731706
653, 489.5575543940683, 123.36103292682927, 1.1341463414634145, 160.08536585365854, 254.84146341463415
654, 489.2911348810826, 122.39168780487805, 1.048780487804878, 158.6219512195122, 254.09756097560975
655, 489.0247153680969, 122.52569146341462, 1.8658536585365855, 158.35365853658536, 254.5121951219512
656, 488.7582958551112, 121.62547804878051, 1.1951219512195121, 157.1829268292683, 254.40243902439025
657, 488.4918763421255, 121.89863536585364, 2.182926829268293, 157.109756097561, 254.58536585365854
658, 488.22545682913983, 121.51248658536579, 1.9634146341463414, 156.5731707317073, 254.53658536585365
659, 487.9590373161541, 121.15346585365853, 1.8048780487804879, 155.9878048780488, 254.8170731707317
660, 487.69261780316845, 120.11770975609757, 1.0731707317073171, 154.6219512195122, 254.6829268292683
661, 487.4261982901827, 119.65334756097559, 1.7682926829268293, 153.4390243902439, 254.8780487804878
662, 487.15977877719706, 118.76420243902443, 1.2682926829268293, 152.20731707317074, 254.73170731707316
663, 486.8933592642113, 117.8353036585366, 1.475609756097561, 150.5121951219512, 254.76829268292684
664, 486.6269397512256, 116.49327073170733, 0.5853658536585366, 148.71951219512195, 254.5609756097561
665, 486.3605202382399, 115.69911097560978, 1.329268292682927, 146.9878048780488, 254.5609756097561
666, 486.09410072525424, 114.97940243902438, 1.0975609756097562, 145.85365853658536, 254.6951219512195
667, 485.82768121226854, 114.21949146341464, 1.670731707317073, 144.23170731707316, 254.8780487804878
668, 485.5612616992828, 113.06702195121946, 1.1219512195121952, 142.59756097560975, 254.6219512195122
669, 485.29484218629716, 112.10191829268288, 1.548780487804878, 140.71951219512195, 254.70731707317074
670, 485.0284226733114, 111.01252195121944, 1.1219512195121952, 139.09756097560975, 254.6219512195122
671, 484.7620031603258, 109.99644756097558, 1.8658536585365855, 136.9878048780488, 254.6219512195122
672, 484.49558364734, 108.01249878048776, 1.1097560975609757, 134.08536585365854, 254.14634146341464
673, 484.22916413435433, 106.77534756097559, 1.2804878048780488, 131.82926829268294, 254.46341463414635
674, 483.96274462136864, 105.670356097561, 0.9512195121951219, 130.109756097561, 254.4878048780488
675, 483.69632510838295, 104.78130731707321, 1.4390243902439024, 128.28048780487805, 254.82926829268294
676, 483.42990559539726, 104.02558902439026, 1.670731707317073, 126.9390243902439, 254.5
677, 483.16348608241157, 102.39646341463421, 1.4634146341463414, 124.21951219512195, 254.7560975609756
678, 482.8970665694259, 100.58040853658538, 0.9146341463414634, 121.41463414634147, 254.70731707317074
679, 482.6306470564401, 98.69095121951221, 1.0975609756097562, 118.10975609756098, 254.67073170731706
680, 482.3642275434545, 96.5749743902439, 0.8658536585365854, 114.65853658536585, 254.4878048780488
681, 482.09780803046874, 95.30740853658538, 1.4024390243902438, 112.1951219512195, 254.64634146341464
682, 481.8313885174831, 93.01433048780491, 1.329268292682927, 108.3780487804878, 254.3780487804878
683, 481.56496900449736, 90.8146097560976, 1.0975609756097562, 104.7439024390244, 254.40243902439025
684, 481.29854949151166, 87.97178780487805, 0.7804878048780488, 100.10975609756098, 254.15853658536585
685, 481.032129978526, 85.6569658536585, 0.7073170731707317, 96.15853658536585, 254.390243902439
686, 480.7657104655403, 82.9117170731707, 0.6341463414634146, 91.58536585365853, 254.0487804878049
687, 480.4992909525546, 81.07774268292685, 1.2317073170731707, 88.09756097560975, 254.35365853658536
688, 480.2328714395689, 78.43885000000002, 0.6463414634146342, 83.90243902439025, 254.34146341463415
689, 479.9664519265832, 76.416443902439, 1.2926829268292683, 80.08536585365853, 254.5609756097561
690, 479.70003241359746, 73.61546219512196, 0.6219512195121951, 75.70731707317073, 254.29268292682926
691, 479.4336129006118, 71.74973414634142, 1.1951219512195121, 72.17073170731707, 254.6341463414634
692, 479.16719338762607, 69.21719268292682, 1.0, 68.02439024390245, 254.28048780487805
693, 478.90077387464044, 66.95804756097557, 1.475609756097561, 63.91463414634146, 254.3780487804878
694, 478.6343543616547, 64.18857439024393, 1.0853658536585367, 59.40243902439025, 254.34146341463415
695, 478.367934848669, 62.027693902439054, 1.2317073170731707, 55.65853658536585, 254.28048780487805
696, 478.1015153356833, 59.39315, 1.1829268292682926, 51.28048780487805, 253.84146341463415
697, 477.8350958226976, 57.203423170731725, 1.3780487804878048, 47.353658536585364, 254.34146341463415
698, 477.5686763097119, 53.27930609756101, 0.8414634146341463, 41.03658536585366, 253.85365853658536
699, 477.3022567967262, 50.83271829268292, 1.2317073170731707, 36.5609756097561, 254.41463414634146
700, 477.03583728374053, 46.64371585365851, 0.7682926829268293, 29.73170731707317, 254.0487804878049
701, 476.7694177707548, 42.76769999999999, 1.048780487804878, 23.0, 253.97560975609755
702, 476.50299825776915, 38.43262439024389, 0.9512195121951219, 15.865853658536585, 252.9390243902439
703, 476.2365787447834, 34.174502439024394, 0.8292682926829268, 8.78048780487805, 252.390243902439
704, 475.97015923179777, 31.524709756097547, 1.0731707317073171, 4.329268292682927, 251.4268292682927
705, 475.703739718812, 30.927718292682908, 1.475609756097561, 2.7804878048780486, 253.109756097561
706, 475.4373202058263, 30.51788292682926, 2.024390243902439, 1.8170731707317074, 253.03658536585365
707, 475.17090069284063, 30.454973170731698, 2.097560975609756, 1.5731707317073171, 253.5487804878049
708, 474.90448117985494, 30.340234146341473, 2.048780487804878, 1.4878048780487805, 253.109756097561
709, 474.63806166686925, 30.59314634146341, 2.317073170731707, 1.670731707317073, 253.6829268292683
710, 474.3716421538835, 30.287924390243905, 1.975609756097561, 1.4146341463414633, 253.21951219512195
711, 474.10522264089786, 30.80168170731706, 2.573170731707317, 1.829268292682927, 254.02439024390245
712, 473.8388031279121, 30.684049999999992, 2.426829268292683, 1.8170731707317074, 253.4390243902439
713, 473.5723836149265, 30.53495731707316, 2.2560975609756095, 1.6097560975609757, 253.64634146341464
714, 473.30596410194073, 30.410631707317062, 2.097560975609756, 1.5, 253.53658536585365
715, 473.0395445889551, 30.521241463414626, 2.2195121951219514, 1.6097560975609757, 253.6219512195122
716, 472.77312507596935, 30.76805243902438, 2.524390243902439, 1.853658536585366, 253.73170731707316
717, 472.50670556298365, 30.6243743902439, 2.3536585365853657, 1.7195121951219512, 253.609756097561
718, 472.24028604999796, 30.759599999999995, 2.5365853658536586, 1.8780487804878048, 253.5
719, 471.97386653701227, 30.65838292682926, 2.3902439024390243, 1.7682926829268293, 253.5609756097561
720, 471.7074470240266, 30.248126829268287, 1.9024390243902438, 1.3414634146341464, 253.4390243902439
721, 471.44102751104083, 30.49737926829268, 2.182926829268293, 1.5853658536585367, 253.6341463414634
722, 471.1746079980552, 29.839696341463412, 1.451219512195122, 0.9512195121951219, 253.0487804878049
723, 470.90818848506945, 30.96157804878047, 2.7560975609756095, 2.048780487804878, 253.8170731707317
724, 470.6417689720838, 30.720009756097554, 2.4634146341463414, 1.8170731707317074, 253.65853658536585
725, 470.37534945909806, 30.517035365853665, 2.207317073170732, 1.6585365853658536, 253.3658536585366
726, 470.10892994611237, 30.56156463414633, 2.2804878048780486, 1.6829268292682926, 253.4390243902439
727, 469.8425104331267, 30.476601219512187, 2.158536585365854, 1.6097560975609757, 253.390243902439
728, 469.576090920141, 30.24854146341463, 1.9024390243902438, 1.3658536585365855, 253.3170731707317
729, 469.3096714071553, 30.63431341463413, 2.3536585365853657, 1.7317073170731707, 253.6341463414634
730, 469.0432518941696, 30.6593231707317, 2.3780487804878048, 1.7926829268292683, 253.47560975609755
731, 468.7768323811839, 30.65791219512196, 2.341463414634146, 1.7804878048780488, 253.6219512195122
732, 468.51041286819816, 30.394267073170724, 2.0853658536585367, 1.4878048780487805, 253.4878048780488
733, 468.2439933552125, 30.31287317073171, 2.0, 1.3902439024390243, 253.5
734, 467.9775738422268, 30.55678658536584, 2.2560975609756095, 1.5853658536585367, 253.96341463414635
735, 467.71115432924114, 30.60455121951218, 2.292682926829268, 1.7073170731707317, 253.65853658536585
736, 467.4447348162554, 30.458542682926822, 2.1341463414634148, 1.548780487804878, 253.609756097561
737, 467.1783153032697, 30.333934146341463, 2.0, 1.4024390243902438, 253.6219512195122
738, 466.911895790284, 30.278525609756095, 1.9390243902439024, 1.3414634146341464, 253.609756097561
739, 466.6454762772983, 30.75837560975609, 2.4634146341463414, 1.8658536585365855, 253.7439024390244
740, 466.3790567643126, 30.464331707317072, 2.1707317073170733, 1.5731707317073171, 253.4390243902439
741, 466.11263725132693, 30.235820731707317, 1.7926829268292683, 1.4024390243902438, 253.3048780487805
742, 465.84621773834124, 30.421641463414627, 2.0, 1.5731707317073171, 253.5121951219512
743, 465.5797982253555, 30.43597926829268, 2.0365853658536586, 1.6097560975609757, 253.35365853658536
744, 465.31337871236985, 29.921974390243903, 1.475609756097561, 1.1097560975609757, 252.890243902439
745, 465.0469591993841, 31.08188414634145, 2.8658536585365852, 2.207317073170732, 253.76829268292684
746, 464.78053968639847, 30.568080487804874, 2.2439024390243905, 1.646341463414634, 253.78048780487805
747, 464.5141201734127, 30.35539512195121, 2.024390243902439, 1.5, 253.2439024390244
748, 464.24770066042703, 30.421642682926826, 2.1097560975609757, 1.524390243902439, 253.47560975609755
749, 463.98128114744134, 30.718412195121946, 2.4634146341463414, 1.8048780487804879, 253.70731707317074
750, 463.71486163445564, 30.406703658536582, 2.1097560975609757, 1.4634146341463414, 253.65853658536585
751, 463.44844212146995, 30.14572682926829, 1.7560975609756098, 1.2439024390243902, 253.4268292682927
752, 463.18202260848426, 30.460625609756086, 2.158536585365854, 1.4878048780487805, 253.8780487804878
753, 462.91560309549857, 30.475320731707313, 2.0365853658536586, 1.6341463414634145, 253.5731707317073
754, 462.6491835825128, 30.38255609756097, 1.8780487804878048, 1.5, 253.8658536585366
755, 462.3827640695272, 30.39048902439024, 1.9390243902439024, 1.548780487804878, 253.52439024390245
756, 462.11634455654143, 30.41820365853658, 1.9878048780487805, 1.5853658536585367, 253.4512195121951
757, 461.8499250435558, 31.243731707317068, 3.048780487804878, 2.3780487804878048, 253.82926829268294
758, 461.58350553057005, 30.5081475609756, 2.182926829268293, 1.646341463414634, 253.41463414634146
759, 461.31708601758436, 30.63600731707315, 2.3658536585365852, 1.7804878048780488, 253.3658536585366
760, 461.05066650459867, 30.46910365853658, 2.1341463414634148, 1.5975609756097562, 253.4512195121951
761, 460.784246991613, 30.40291219512194, 2.097560975609756, 1.5365853658536586, 253.28048780487805
762, 460.5178274786273, 30.368564634146345, 2.0365853658536586, 1.4878048780487805, 253.390243902439
763, 460.25140796564153, 30.492475609756085, 2.1951219512195124, 1.5731707317073171, 253.6219512195122
764, 459.9849884526559, 30.386547560975618, 2.0853658536585367, 1.524390243902439, 253.23170731707316
765, 459.71856893967015, 30.82096341463415, 2.5609756097560976, 1.951219512195122, 253.59756097560975
766, 459.4521494266845, 30.28544146341464, 1.9268292682926829, 1.3902439024390243, 253.4512195121951
767, 459.18572991369876, 30.935536585365842, 2.682926829268293, 2.048780487804878, 253.78048780487805
768, 458.9193104007131, 30.147062195121933, 1.8170731707317074, 1.2317073170731707, 253.34146341463415
769, 458.6528908877274, 30.361010975609744, 1.9634146341463414, 1.5121951219512195, 253.390243902439
770, 458.3864713747417, 30.328614634146334, 1.9024390243902438, 1.4146341463414633, 253.76829268292684
771, 458.120051861756, 30.84784756097561, 2.5, 1.9878048780487805, 253.8048780487805
772, 457.8536323487703, 30.172106097560977, 1.7439024390243902, 1.2926829268292683, 253.4390243902439
773, 457.5872128357846, 30.14279512195121, 1.8048780487804879, 1.1951219512195121, 253.52439024390245
774, 457.32079332279886, 30.984893902439016, 2.768292682926829, 2.0609756097560976, 253.9268292682927
775, 457.0543738098132, 30.748754878048775, 2.451219512195122, 1.8414634146341464, 253.8170731707317
776, 456.7879542968275, 30.290912195121948, 1.975609756097561, 1.4268292682926829, 253.1829268292683
777, 456.52153478384184, 30.29609390243902, 1.9878048780487805, 1.353658536585366, 253.5731707317073
778, 456.2551152708561, 30.59064878048781, 2.292682926829268, 1.7073170731707317, 253.53658536585365
779, 455.9886957578704, 30.105970731707313, 1.7560975609756098, 1.1951219512195121, 253.32926829268294
780, 455.7222762448847, 30.33997073170732, 2.0, 1.5121951219512195, 253.109756097561
781, 455.455856731899, 31.107586585365837, 2.9146341463414633, 2.207317073170732, 253.8658536585366
782, 455.1894372189133, 30.518592682926826, 2.2439024390243905, 1.5975609756097562, 253.59756097560975
783, 454.92301770592763, 30.317119512195116, 1.975609756097561, 1.4146341463414633, 253.47560975609755
784, 454.65659819294194, 30.594854878048782, 2.3048780487804876, 1.6585365853658536, 253.79268292682926
785, 454.3901786799562, 30.487121951219507, 2.1951219512195124, 1.5853658536585367, 253.5121951219512
786, 454.12375916697056, 30.447026829268275, 2.1707317073170733, 1.5365853658536586, 253.47560975609755
787, 453.8573396539848, 30.96954024390242, 2.768292682926829, 1.975609756097561, 254.23170731707316
788, 453.5909201409992, 30.470267073170717, 2.207317073170732, 1.524390243902439, 253.64634146341464
789, 453.3245006280134, 30.487551219512177, 2.1707317073170733, 1.548780487804878, 253.76829268292684
790, 453.05808111502773, 30.097947560975598, 1.7439024390243902, 1.1829268292682926, 253.35365853658536
791, 452.79166160204204, 30.47613170731705, 2.2195121951219514, 1.5731707317073171, 253.41463414634146
792, 452.52524208905635, 30.37904999999999, 2.0609756097560976, 1.5121951219512195, 253.29268292682926
793, 452.25882257607066, 30.521337804878037, 2.231707317073171, 1.646341463414634, 253.40243902439025
794, 451.99240306308496, 30.67572317073171, 2.402439024390244, 1.7560975609756098, 253.7439024390244
795, 451.7259835500993, 30.475903658536563, 2.182926829268293, 1.548780487804878, 253.6341463414634
796, 451.4595640371135, 30.441784146341455, 2.158536585365854, 1.524390243902439, 253.52439024390245
797, 451.1931445241279, 30.48443780487803, 2.207317073170732, 1.6219512195121952, 253.26829268292684
798, 450.92672501114214, 30.82504390243901, 2.6097560975609757, 1.9878048780487805, 253.3170731707317
799, 450.6603054981565, 30.673281707317056, 2.426829268292683, 1.7560975609756098, 253.65853658536585
800, 450.39388598517075, 29.772099999999988, 1.4390243902439024, 0.9512195121951219, 252.4878048780488
801, 450.12746647218506, 30.441132926829248, 2.207317073170732, 1.6097560975609757, 252.9512195121951
802, 449.86104695919937, 30.719434146341445, 2.4878048780487805, 1.9268292682926829, 253.02439024390245
803, 449.5946274462137, 30.358895121951196, 2.1463414634146343, 1.524390243902439, 252.82926829268294
804, 449.328207933228, 30.376413414634122, 2.207317073170732, 1.646341463414634, 252.1951219512195
805, 449.06178842024224, 30.643891463414626, 2.548780487804878, 1.8902439024390243, 252.390243902439
806, 448.7953689072566, 30.06540853658537, 1.8902439024390243, 1.4390243902439024, 251.3658536585366
807, 448.52894939427085, 30.10822926829267, 1.975609756097561, 1.475609756097561, 251.32926829268294
808, 448.2625298812852, 30.592376829268282, 2.573170731707317, 1.8658536585365855, 252.0
809, 447.99611036829947, 30.27913780487805, 2.2804878048780486, 1.670731707317073, 251.02439024390245
810, 447.72969085531383, 29.680943902439022, 1.6585365853658536, 1.1341463414634145, 250.17073170731706
811, 447.4632713423281, 29.80151341463415, 1.8170731707317074, 1.2682926829268293, 250.1219512195122
812, 447.1968518293424, 29.72153536585367, 1.7195121951219512, 1.3048780487804879, 249.4878048780488
813, 446.9304323163567, 29.93146707317072, 2.0365853658536586, 1.5365853658536586, 249.3048780487805
814, 446.664012803371, 29.383313414634152, 1.5, 1.1341463414634145, 247.97560975609755
815, 446.3975932903853, 29.841502439024396, 2.1707317073170733, 1.5731707317073171, 247.97560975609755
816, 446.13117377739957, 29.700286585365852, 2.0121951219512195, 1.451219512195122, 247.78048780487805
817, 445.86475426441393, 29.264976829268278, 1.5731707317073171, 1.146341463414634, 246.6829268292683
818, 445.5983347514282, 29.340097560975614, 1.7073170731707317, 1.2439024390243902, 246.4878048780488
819, 445.33191523844255, 29.745975609756098, 2.1951219512195124, 1.6585365853658536, 246.6341463414634
820, 445.0654957254568, 29.363289024390227, 1.8658536585365855, 1.2926829268292683, 246.02439024390245
821, 444.7990762124711, 29.09099512195123, 1.6341463414634145, 1.2073170731707317, 244.6829268292683
822, 444.5326566994854, 28.90555487804879, 1.524390243902439, 1.0609756097560976, 244.09756097560975
823, 444.2662371864997, 29.552509756097564, 2.2195121951219514, 1.7073170731707317, 244.6219512195122
824, 443.99981767351403, 29.08735609756097, 1.6829268292682926, 1.2804878048780488, 244.14634146341464
825, 443.73339816052834, 29.148510975609753, 1.9634146341463414, 1.5, 242.8170731707317
826, 443.46697864754265, 29.132914634146346, 1.951219512195122, 1.451219512195122, 242.96341463414635
827, 443.2005591345569, 28.852690243902448, 1.8780487804878048, 1.2195121951219512, 241.890243902439
828, 442.93413962157126, 28.48299634146342, 1.5, 1.0853658536585367, 240.32926829268294
829, 442.6677201085855, 28.748567073170744, 2.1341463414634148, 1.3048780487804879, 239.8658536585366
830, 442.4013005955999, 28.636378048780486, 2.1951219512195124, 1.4024390243902438, 238.21951219512195
831, 442.13488108261413, 27.961174390243908, 1.548780487804878, 0.8536585365853658, 236.8170731707317
832, 441.86846156962844, 28.316608536585374, 1.9634146341463414, 1.3048780487804879, 236.52439024390245
833, 441.60204205664274, 28.633121951219508, 2.4390243902439024, 1.829268292682927, 235.35365853658536
834, 441.33562254365705, 28.214813414634143, 1.9878048780487805, 1.5121951219512195, 234.5
835, 441.06920303067136, 27.79794268292682, 1.670731707317073, 1.2926829268292683, 232.8048780487805
836, 440.80278351768567, 27.707985365853652, 1.6097560975609757, 1.2439024390243902, 232.4268292682927
837, 440.5363640047, 27.66724024390243, 1.7439024390243902, 1.2317073170731707, 231.78048780487805
838, 440.2699444917142, 27.46199756097561, 1.6097560975609757, 1.0853658536585367, 231.08536585365854
839, 440.0035249787286, 27.53490487804878, 1.8048780487804879, 1.2073170731707317, 230.58536585365854
840, 439.73710546574284, 27.292063414634136, 1.5609756097560976, 1.024390243902439, 230.03658536585365
841, 439.4706859527572, 27.86193414634146, 2.3658536585365852, 1.5853658536585367, 230.03658536585365
842, 439.20426643977146, 27.306560975609738, 1.829268292682927, 1.0853658536585367, 229.14634146341464
843, 438.93784692678577, 27.269348780487817, 1.8780487804878048, 1.146341463414634, 228.3780487804878
844, 438.6714274138001, 27.17974999999999, 1.7682926829268293, 1.1585365853658536, 227.8170731707317
845, 438.4050079008144, 26.94856951219513, 1.7439024390243902, 1.0731707317073171, 226.29268292682926
846, 438.1385883878287, 26.89744878048782, 1.7317073170731707, 1.0609756097560976, 225.9390243902439
847, 437.872168874843, 26.81078902439025, 1.7439024390243902, 1.146341463414634, 224.70731707317074
848, 437.6057493618573, 26.645432926829276, 1.524390243902439, 1.0853658536585367, 224.14634146341464
849, 437.33932984887156, 27.024670731707307, 2.1951219512195124, 1.3780487804878048, 224.20731707317074
850, 437.0729103358859, 26.726910975609755, 1.8658536585365855, 1.1829268292682926, 223.46341463414635
851, 436.8064908229002, 26.952059756097565, 2.207317073170732, 1.3902439024390243, 223.47560975609755
852, 436.54007130991454, 26.453768292682923, 1.7073170731707317, 0.9878048780487805, 222.4878048780488
853, 436.2736517969288, 26.596765853658532, 1.975609756097561, 1.329268292682927, 221.28048780487805
854, 436.0072322839431, 26.03795487804879, 1.4268292682926829, 0.8414634146341463, 220.32926829268294
855, 435.7408127709574, 26.588825609756103, 2.1097560975609757, 1.3658536585365855, 220.67073170731706
856, 435.4743932579717, 26.51481707317074, 1.951219512195122, 1.353658536585366, 220.5
857, 435.207973744986, 26.45628292682926, 2.1707317073170733, 1.329268292682927, 219.53658536585365
858, 434.94155423200027, 25.94475975609756, 1.548780487804878, 0.9024390243902439, 218.8780487804878
859, 434.67513471901464, 25.948528048780485, 1.670731707317073, 1.024390243902439, 217.96341463414635
860, 434.4087152060289, 25.940884146341453, 1.646341463414634, 1.0853658536585367, 217.64634146341464
861, 434.14229569304325, 26.324656097560986, 2.2195121951219514, 1.5609756097560976, 217.0609756097561
862, 433.8758761800575, 25.825969512195115, 1.646341463414634, 1.1951219512195121, 216.0731707317073
863, 433.60945666707187, 25.699180487804867, 1.7317073170731707, 1.2317073170731707, 214.5487804878049
864, 433.3430371540861, 25.8089256097561, 1.8414634146341464, 1.3414634146341464, 214.65853658536585
865, 433.0766176411004, 25.78509268292682, 2.1219512195121952, 1.3048780487804879, 213.90243902439025
866, 432.81019812811473, 25.738743902439015, 2.073170731707317, 1.3170731707317074, 213.5609756097561
867, 432.54377861512904, 26.32008902439025, 2.768292682926829, 1.8658536585365855, 214.0121951219512
868, 432.27735910214335, 25.21741951219512, 1.5365853658536586, 0.9390243902439024, 212.34146341463415
869, 432.0109395891576, 25.23040853658537, 1.646341463414634, 1.0, 211.85365853658536
870, 431.74452007617197, 25.491930487804883, 1.9146341463414633, 1.2804878048780488, 212.0
871, 431.4781005631862, 25.801365853658524, 2.4390243902439024, 1.5121951219512195, 212.14634146341464
872, 431.2116810502006, 25.85748780487806, 2.5609756097560976, 1.524390243902439, 212.2560975609756
873, 430.94526153721483, 24.9965243902439, 1.7073170731707317, 0.8902439024390244, 210.20731707317074
874, 430.67884202422914, 25.283197560975605, 2.048780487804878, 1.0365853658536586, 211.0731707317073
875, 430.41242251124345, 25.61708658536585, 2.548780487804878, 1.5, 210.3048780487805
876, 430.14600299825776, 25.035580487804875, 1.8780487804878048, 1.0853658536585367, 209.09756097560975
877, 429.87958348527206, 25.197607317073174, 2.2195121951219514, 1.3414634146341464, 208.3048780487805
878, 429.6131639722864, 25.129782926829275, 2.1707317073170733, 1.3170731707317074, 207.96341463414635
879, 429.3467444593007, 25.01574756097561, 2.158536585365854, 1.3658536585365855, 206.7439024390244
880, 429.08032494631493, 24.74710731707317, 1.853658536585366, 1.146341463414634, 206.3170731707317
881, 428.8139054333293, 24.725946341463406, 1.8780487804878048, 1.353658536585366, 205.0
882, 428.54748592034355, 24.678056097560965, 1.8780487804878048, 1.3170731707317074, 204.76829268292684
883, 428.2810664073579, 25.18026219512196, 2.5, 1.7682926829268293, 205.21951219512195
884, 428.01464689437216, 24.305092682926826, 1.6341463414634145, 1.0853658536585367, 203.32926829268294
885, 427.74822738138647, 24.440347560975606, 2.1341463414634148, 1.2317073170731707, 202.4512195121951
886, 427.4818078684008, 24.657984146341462, 2.475609756097561, 1.4878048780487805, 202.14634146341464
887, 427.2153883554151, 24.61244512195121, 2.5, 1.4878048780487805, 201.6829268292683
888, 426.9489688424294, 23.827418292682918, 1.548780487804878, 0.9024390243902439, 200.3048780487805
889, 426.6825493294437, 24.30574878048781, 2.268292682926829, 1.3414634146341464, 200.35365853658536
890, 426.416129816458, 24.121490243902432, 2.048780487804878, 1.2317073170731707, 199.8780487804878
891, 426.14971030347226, 24.344371951219518, 2.6219512195121952, 1.4024390243902438, 199.4512195121951
892, 425.8832907904866, 23.79544268292683, 1.9146341463414633, 1.0121951219512195, 198.5
893, 425.6168712775009, 23.73428414634145, 2.0365853658536586, 1.1585365853658536, 196.890243902439
894, 425.35045176451524, 23.60017195121953, 1.9390243902439024, 1.0365853658536586, 196.59756097560975
895, 425.0840322515295, 23.673256097560966, 2.073170731707317, 1.3414634146341464, 195.3170731707317
896, 424.8176127385438, 23.29147439024391, 1.7195121951219512, 1.048780487804878, 194.40243902439025
897, 424.5511932255581, 23.78313048780488, 2.3536585365853657, 1.646341463414634, 193.97560975609755
898, 424.2847737125724, 23.412223170731718, 2.0365853658536586, 1.2682926829268293, 193.5
899, 424.0183541995867, 23.32668414634147, 1.9390243902439024, 1.3048780487804879, 192.8170731707317
900, 423.751934686601, 23.184762195121948, 1.8902439024390243, 1.2560975609756098, 191.9512195121951
901, 423.48551517361534, 23.349923170731707, 2.231707317073171, 1.451219512195122, 191.5
902, 423.2190956606296, 22.84978170731708, 1.6951219512195121, 1.2560975609756098, 189.52439024390245
903, 422.95267614764396, 22.573236585365855, 1.5365853658536586, 1.024390243902439, 188.70731707317074
904, 422.6862566346582, 22.35643536585366, 1.2560975609756098, 0.8902439024390244, 188.23170731707316
905, 422.4198371216726, 22.709415853658534, 1.9390243902439024, 1.3048780487804879, 187.40243902439025
906, 422.1534176086868, 22.390201219512207, 1.646341463414634, 1.0853658536585367, 186.5
907, 421.88699809570113, 22.10942195121951, 1.6341463414634145, 0.975609756097561, 184.6341463414634
908, 421.62057858271544, 22.520452439024396, 2.182926829268293, 1.4390243902439024, 184.41463414634146
909, 421.35415906972975, 21.86490487804878, 1.5609756097560976, 0.9634146341463414, 182.7439024390244
910, 421.08773955674405, 21.756258536585374, 1.5609756097560976, 0.9512195121951219, 181.85365853658536
911, 420.8213200437583, 21.610307317073172, 1.4390243902439024, 1.1341463414634145, 179.9512195121951
912, 420.55490053077267, 21.546259756097566, 1.4268292682926829, 1.0975609756097562, 179.609756097561
913, 420.2884810177869, 22.10392073170732, 2.1341463414634148, 1.7560975609756098, 179.2560975609756
914, 420.0220615048013, 21.22786829268293, 1.4390243902439024, 0.9634146341463414, 177.47560975609755
915, 419.75564199181554, 20.973857317073175, 1.4268292682926829, 0.7926829268292683, 176.15853658536585
916, 419.48922247882984, 21.475036585365867, 1.951219512195122, 1.4268292682926829, 175.91463414634146
917, 419.22280296584415, 21.451675609756094, 2.3902439024390243, 1.329268292682927, 175.0609756097561
918, 418.95638345285846, 21.10189512195122, 2.024390243902439, 1.170731707317073, 173.76829268292684
919, 418.68996393987277, 20.646624390243904, 1.8048780487804879, 0.9024390243902439, 171.73170731707316
920, 418.4235444268871, 20.685745121951218, 1.9390243902439024, 0.926829268292683, 171.59756097560975
921, 418.1571249139014, 20.49757682926829, 1.9146341463414633, 1.0, 169.6341463414634
922, 417.89070540091564, 20.465323170731715, 1.8902439024390243, 1.0853658536585367, 168.97560975609755
923, 417.62428588793, 20.67036219512196, 2.231707317073171, 1.5, 167.7439024390244
924, 417.35786637494425, 20.299806097560975, 2.0609756097560976, 1.2682926829268293, 166.1341463414634
925, 417.0914468619586, 20.101639024390245, 2.1463414634146343, 1.1951219512195121, 164.5487804878049
926, 416.82502734897287, 19.895695121951224, 2.073170731707317, 1.2439024390243902, 162.6829268292683
927, 416.5586078359872, 19.906248780487804, 2.268292682926829, 1.3780487804878048, 161.5731707317073
928, 416.2921883230015, 19.249943902439025, 1.6585365853658536, 1.1341463414634145, 158.67073170731706
929, 416.0257688100158, 19.044106097560977, 1.6219512195121952, 1.0365853658536586, 157.46341463414635
930, 415.7593492970301, 18.941036585365858, 1.5853658536585367, 1.3414634146341464, 155.08536585365854
931, 415.4929297840444, 19.05501707317074, 2.024390243902439, 1.3902439024390243, 154.6829268292683
932, 415.2265102710587, 18.579264634146345, 1.6219512195121952, 1.170731707317073, 152.6951219512195
933, 414.96009075807297, 18.76393292682927, 2.2560975609756095, 1.2926829268292683, 152.02439024390245
