Extraction [ img/sample.png ] effectuée 2026-03-22 10:13:01.860111
Calibration: -1.0901551988276827*x + 942.3587668465109

pixel, longueur d'onde, intensite, r, g, b
0, 942.3587668465109, 1.3399999999999996, 1.34, 1.34, 1.34
1, 941.2686116476832, 1.3399999999999996, 1.34, 1.34, 1.34
2, 940.1784564488555, 1.3399999999999996, 1.34, 1.34, 1.34
3, 939.0883012500278, 1.3399999999999996, 1.34, 1.34, 1.34
4, 937.9981460512001, 1.3399999999999996, 1.34, 1.34, 1.34
5, 936.9079908523724, 1.3399999999999996, 1.34, 1.34, 1.34
6, 935.8178356535448, 1.3399999999999996, 1.34, 1.34, 1.34
7, 934.7276804547171, 1.3399999999999996, 1.34, 1.34, 1.34
8, 933.6375252558894, 1.3399999999999996, 1.34, 1.34, 1.34
9, 932.5473700570617, 1.3399999999999996, 1.34, 1.34, 1.34
10, 931.457214858234, 1.3399999999999996, 1.34, 1.34, 1.34
11, 930.3670596594063, 1.3199999999999996, 1.32, 1.32, 1.32
12, 929.2769044605787, 1.2599999999999998, 1.26, 1.26, 1.26
13, 928.1867492617511, 1.0199999999999998, 1.02, 1.02, 1.02
14, 927.0965940629234, 1.0199999999999998, 1.02, 1.02, 1.02
15, 926.0064388640957, 0.9999999999999999, 1.0, 1.0, 1.0
16, 924.916283665268, 0.9999999999999999, 1.0, 1.0, 1.0
17, 923.8261284664403, 0.9999999999999999, 1.0, 1.0, 1.0
18, 922.7359732676126, 1.3199999999999996, 1.32, 1.32, 1.32
19, 921.6458180687849, 1.3199999999999996, 1.32, 1.32, 1.32
20, 920.5556628699572, 1.3199999999999996, 1.32, 1.32, 1.32
21, 919.4655076711296, 1.3199999999999996, 1.32, 1.32, 1.32
22, 918.3753524723019, 1.3199999999999996, 1.32, 1.32, 1.32
23, 917.2851972734742, 1.3199999999999996, 1.32, 1.32, 1.32
24, 916.1950420746465, 1.3199999999999996, 1.32, 1.32, 1.32
25, 915.1048868758188, 1.3199999999999996, 1.32, 1.32, 1.32
26, 914.0147316769911, 1.3199999999999996, 1.32, 1.32, 1.32
27, 912.9245764781634, 1.3199999999999996, 1.32, 1.32, 1.32
28, 911.8344212793357, 1.3199999999999996, 1.32, 1.32, 1.32
29, 910.744266080508, 1.3199999999999996, 1.32, 1.32, 1.32
30, 909.6541108816804, 1.3199999999999996, 1.32, 1.32, 1.32
31, 908.5639556828527, 1.3199999999999996, 1.32, 1.32, 1.32
32, 907.473800484025, 1.3199999999999996, 1.32, 1.32, 1.32
33, 906.3836452851974, 1.3199999999999996, 1.32, 1.32, 1.32
34, 905.2934900863697, 1.9999999999999998, 2.0, 2.0, 2.0
35, 904.203334887542, 1.9999999999999998, 2.0, 2.0, 2.0
36, 903.1131796887144, 1.9999999999999998, 2.0, 2.0, 2.0
37, 902.0230244898867, 1.9999999999999998, 2.0, 2.0, 2.0
38, 900.932869291059, 1.9999999999999998, 2.0, 2.0, 2.0
39, 899.8427140922313, 1.9999999999999998, 2.0, 2.0, 2.0
40, 898.7525588934036, 1.9999999999999998, 2.0, 2.0, 2.0
41, 897.6624036945759, 1.9999999999999998, 2.0, 2.0, 2.0
42, 896.5722484957482, 1.9999999999999998, 2.0, 2.0, 2.0
43, 895.4820932969205, 1.9999999999999998, 2.0, 2.0, 2.0
44, 894.3919380980929, 1.9999999999999998, 2.0, 2.0, 2.0
45, 893.3017828992652, 1.9999999999999998, 2.0, 2.0, 2.0
46, 892.2116277004375, 1.9999999999999998, 2.0, 2.0, 2.0
47, 891.1214725016098, 1.9999999999999998, 2.0, 2.0, 2.0
48, 890.0313173027821, 1.9999999999999998, 2.0, 2.0, 2.0
49, 888.9411621039544, 1.9999999999999998, 2.0, 2.0, 2.0
50, 887.8510069051267, 1.9999999999999998, 2.0, 2.0, 2.0
51, 886.760851706299, 1.9999999999999998, 2.0, 2.0, 2.0
52, 885.6706965074713, 1.9999999999999998, 2.0, 2.0, 2.0
53, 884.5805413086437, 1.9999999999999998, 2.0, 2.0, 2.0
54, 883.490386109816, 1.9999999999999998, 2.0, 2.0, 2.0
55, 882.4002309109883, 1.9999999999999998, 2.0, 2.0, 2.0
56, 881.3100757121606, 1.9999999999999998, 2.0, 2.0, 2.0
57, 880.219920513333, 1.9999999999999998, 2.0, 2.0, 2.0
58, 879.1297653145053, 1.9999999999999998, 2.0, 2.0, 2.0
59, 878.0396101156776, 1.9999999999999998, 2.0, 2.0, 2.0
60, 876.94945491685, 1.9999999999999998, 2.0, 2.0, 2.0
61, 875.8592997180223, 1.9999999999999998, 2.0, 2.0, 2.0
62, 874.7691445191946, 1.9999999999999998, 2.0, 2.0, 2.0
63, 873.6789893203669, 1.9999999999999998, 2.0, 2.0, 2.0
64, 872.5888341215392, 1.9999999999999998, 2.0, 2.0, 2.0
65, 871.4986789227115, 1.9999999999999998, 2.0, 2.0, 2.0
66, 870.4085237238838, 1.9999999999999998, 2.0, 2.0, 2.0
67, 869.3183685250561, 1.9999999999999998, 2.0, 2.0, 2.0
68, 868.2282133262285, 1.9999999999999998, 2.0, 2.0, 2.0
69, 867.1380581274008, 1.9999999999999998, 2.0, 2.0, 2.0
70, 866.0479029285731, 1.9999999999999998, 2.0, 2.0, 2.0
71, 864.9577477297454, 1.9999999999999998, 2.0, 2.0, 2.0
72, 863.8675925309177, 1.9999999999999998, 2.0, 2.0, 2.0
73, 862.77743733209, 1.9999999999999998, 2.0, 2.0, 2.0
74, 861.6872821332623, 1.9999999999999998, 2.0, 2.0, 2.0
75, 860.5971269344346, 1.9999999999999998, 2.0, 2.0, 2.0
76, 859.506971735607, 1.9999999999999998, 2.0, 2.0, 2.0
77, 858.4168165367794, 1.9999999999999998, 2.0, 2.0, 2.0
78, 857.3266613379517, 1.9999999999999998, 2.0, 2.0, 2.0
79, 856.236506139124, 1.9999999999999998, 2.0, 2.0, 2.0
80, 855.1463509402963, 1.9999999999999998, 2.0, 2.0, 2.0
81, 854.0561957414686, 1.9999999999999998, 2.0, 2.0, 2.0
82, 852.9660405426409, 1.9999999999999998, 2.0, 2.0, 2.0
83, 851.8758853438133, 1.9999999999999998, 2.0, 2.0, 2.0
84, 850.7857301449856, 1.9999999999999998, 2.0, 2.0, 2.0
85, 849.6955749461579, 1.9999999999999998, 2.0, 2.0, 2.0
86, 848.6054197473302, 1.9999999999999998, 2.0, 2.0, 2.0
87, 847.5152645485025, 1.9999999999999998, 2.0, 2.0, 2.0
88, 846.4251093496748, 1.9999999999999998, 2.0, 2.0, 2.0
89, 845.3349541508471, 1.9999999999999998, 2.0, 2.0, 2.0
90, 844.2447989520194, 1.9999999999999998, 2.0, 2.0, 2.0
91, 843.1546437531917, 1.9999999999999998, 2.0, 2.0, 2.0
92, 842.0644885543641, 1.9999999999999998, 2.0, 2.0, 2.0
93, 840.9743333555364, 1.9999999999999998, 2.0, 2.0, 2.0
94, 839.8841781567087, 1.9999999999999998, 2.0, 2.0, 2.0
95, 838.794022957881, 1.9999999999999998, 2.0, 2.0, 2.0
96, 837.7038677590533, 1.9999999999999998, 2.0, 2.0, 2.0
97, 836.6137125602256, 1.9999999999999998, 2.0, 2.0, 2.0
98, 835.5235573613979, 1.9999999999999998, 2.0, 2.0, 2.0
99, 834.4334021625702, 1.9999999999999998, 2.0, 2.0, 2.0
100, 833.3432469637426, 1.9999999999999998, 2.0, 2.0, 2.0
101, 832.2530917649149, 1.9999999999999998, 2.0, 2.0, 2.0
102, 831.1629365660873, 1.9999999999999998, 2.0, 2.0, 2.0
103, 830.0727813672596, 1.9999999999999998, 2.0, 2.0, 2.0
104, 828.9826261684319, 1.9999999999999998, 2.0, 2.0, 2.0
105, 827.8924709696042, 1.9999999999999998, 2.0, 2.0, 2.0
106, 826.8023157707765, 1.9999999999999998, 2.0, 2.0, 2.0
107, 825.7121605719489, 1.9999999999999998, 2.0, 2.0, 2.0
108, 824.6220053731212, 1.9999999999999998, 2.0, 2.0, 2.0
109, 823.5318501742935, 1.9999999999999998, 2.0, 2.0, 2.0
110, 822.4416949754658, 1.9999999999999998, 2.0, 2.0, 2.0
111, 821.3515397766381, 1.9999999999999998, 2.0, 2.0, 2.0
112, 820.2613845778104, 1.6008399999999978, 2.0, 1.32, 2.0
113, 819.1712293789827, 1.6008399999999978, 2.0, 1.32, 2.0
114, 818.081074180155, 1.7742600000000015, 2.58, 1.32, 2.0
115, 816.9909189813274, 1.786220000000002, 2.62, 1.32, 2.0
116, 815.9007637824997, 1.786220000000002, 2.62, 1.32, 2.0
117, 814.810608583672, 1.786220000000002, 2.62, 1.32, 2.0
118, 813.7204533848443, 1.786220000000002, 2.62, 1.32, 2.0
119, 812.6302981860166, 1.809920000000002, 2.66, 1.34, 2.0
120, 811.540142987189, 2.1764799999999993, 3.26, 1.62, 2.2
121, 810.4499877883613, 2.188439999999999, 3.3, 1.62, 2.2
122, 809.3598325895337, 2.34878, 3.76, 1.62, 2.4
123, 808.269677390706, 2.4416200000000012, 4.04, 1.62, 2.48
124, 807.1795221918783, 2.5321800000000008, 4.32, 1.62, 2.54
125, 806.0893669930506, 2.9918400000000016, 5.08, 1.88, 3.24
126, 804.9992117942229, 3.101760000000004, 5.44, 1.88, 3.26
127, 803.9090565953952, 3.1314400000000036, 5.5, 1.9, 3.26
128, 802.8189013965675, 3.23864, 5.78, 1.94, 3.26
129, 801.7287461977398, 3.2446200000000003, 5.8, 1.94, 3.26
130, 800.6385909989122, 3.249180000000001, 5.8, 1.94, 3.3
131, 799.5484358000845, 3.2657000000000007, 5.84, 1.94, 3.34
132, 798.4582806012568, 3.2941799999999994, 5.92, 1.94, 3.38
133, 797.3681254024291, 3.8268999999999975, 6.68, 2.34, 4.0
134, 796.2779702036014, 3.981719999999998, 7.08, 2.4, 4.0
135, 795.1878150047737, 4.077399999999999, 7.4, 2.4, 4.0
136, 794.097659805946, 4.506300000000001, 8.08, 2.66, 4.64
137, 793.0075046071183, 4.526520000000001, 8.14, 2.66, 4.66
138, 791.9173494082906, 4.508580000000001, 8.08, 2.66, 4.66
139, 790.827194209463, 4.350599999999999, 7.52, 2.68, 4.64
140, 789.7370390106353, 4.358639999999999, 7.5, 2.7, 4.66
141, 788.6468838118076, 4.418020000000006, 6.98, 3.0, 5.0
142, 787.5567286129799, 4.5196800000000055, 7.32, 3.0, 5.0
143, 786.4665734141522, 4.7947599999999975, 8.24, 3.0, 5.0
144, 785.3764182153245, 4.604680000000003, 8.9, 2.34, 5.0
145, 784.2862630164968, 4.504299999999999, 9.86, 1.68, 5.0
146, 783.1961078176691, 4.415879999999994, 10.86, 1.02, 5.0
147, 782.1059526188415, 4.413039999999996, 11.86, 0.7, 4.0
148, 781.0157974200139, 4.425219999999996, 11.94, 0.68, 4.0
149, 779.9256422211862, 4.598259999999997, 12.9, 0.68, 3.0
150, 778.8354870223585, 4.783639999999998, 13.52, 0.68, 3.0
151, 777.7453318235308, 4.801359999999999, 13.54, 0.7, 3.0
152, 776.6551766247031, 5.028640000000003, 13.24, 1.24, 3.0
153, 775.5650214258754, 5.016680000000003, 13.2, 1.24, 3.0
154, 774.4748662270478, 4.866960000000001, 12.66, 1.26, 3.0
155, 773.3847110282201, 4.748820000000001, 12.34, 1.28, 2.7
156, 772.2945558293924, 4.758280000000002, 12.34, 1.3, 2.68
157, 771.2044006305647, 5.268219999999997, 12.38, 2.16, 2.62
158, 770.114245431737, 5.478059999999999, 12.94, 2.24, 2.58
159, 769.0240902329093, 5.528939999999999, 13.0, 2.3, 2.56
160, 767.9339350340816, 5.95254, 13.58, 2.8, 2.18
161, 766.8437798352539, 6.201579999999998, 14.44, 2.86, 1.8
162, 765.7536246364263, 6.474639999999999, 15.46, 2.86, 1.52
163, 764.6634694375986, 6.4437199999999955, 16.48, 2.28, 1.56
164, 763.5733142387709, 6.8505800000000034, 17.88, 2.26, 1.56
165, 762.4831590399433, 6.965459999999996, 19.98, 1.32, 1.9
166, 761.3930038411156, 7.358119999999999, 21.78, 0.94, 2.58
167, 760.3028486422879, 8.245220000000003, 24.48, 0.94, 3.28
168, 759.2126934434602, 9.411660000000005, 27.34, 1.28, 4.26
169, 758.1225382446326, 10.412720000000004, 29.6, 1.64, 5.26
170, 757.0323830458049, 11.815999999999999, 32.54, 2.3, 6.46
171, 755.9422278469772, 13.359700000000005, 35.52, 3.14, 7.86
172, 754.8520726481495, 14.432719999999986, 38.92, 3.24, 7.84
173, 753.7619174493218, 15.877620000000006, 42.96, 3.9, 6.52
174, 752.6717622504941, 17.195779999999992, 47.48, 4.22, 4.58
175, 751.5816070516664, 18.219619999999985, 51.34, 4.2, 3.54
176, 750.4914518528387, 18.985340000000008, 56.12, 3.26, 2.56
177, 749.401296654011, 19.989019999999986, 59.94, 3.16, 1.86
178, 748.3111414551834, 21.099659999999993, 63.6, 3.18, 1.9
179, 747.2209862563557, 22.21263999999998, 66.76, 3.28, 2.86
180, 746.130831057528, 23.30305999999999, 70.14, 3.28, 3.56
181, 745.0406758587003, 24.5413, 73.9, 3.28, 4.56
182, 743.9505206598726, 25.909159999999996, 77.88, 3.28, 6.12
183, 742.8603654610449, 27.259939999999975, 82.22, 3.32, 6.38
184, 741.7702102622172, 28.631279999999975, 86.4, 3.36, 7.24
185, 740.6800550633895, 30.089180000000006, 91.12, 3.42, 7.34
186, 739.5898998645619, 31.360799999999973, 95.18, 3.46, 7.64
187, 738.4997446657342, 33.13001999999997, 99.18, 4.32, 8.24
188, 737.4095894669065, 34.16520000000001, 102.58, 4.34, 8.3
189, 736.3194342680788, 35.48735999999998, 105.58, 4.94, 8.94
190, 735.2292790692511, 36.59821999999997, 108.16, 5.46, 9.24
191, 734.1391238704234, 37.244480000000046, 110.22, 5.5, 9.3
192, 733.0489686715957, 38.107660000000024, 112.24, 5.86, 9.72
193, 731.9588134727682, 38.862440000000014, 114.22, 6.18, 9.5
194, 730.8686582739405, 40.10083999999997, 116.5, 7.14, 9.44
195, 729.7785030751128, 41.15747999999997, 119.1, 7.74, 8.8
196, 728.6883478762851, 42.196640000000016, 121.68, 8.2, 8.78
197, 727.5981926774574, 42.97222, 124.02, 8.24, 9.24
198, 726.5080374786297, 43.65016, 126.16, 8.2, 9.78
199, 725.417882279802, 44.24033999999999, 128.22, 8.16, 9.76
200, 724.3277270809743, 44.383200000000045, 130.22, 7.54, 8.96
201, 723.2375718821467, 44.60898000000002, 131.94, 7.2, 8.18
202, 722.147416683319, 45.17943999999998, 133.96, 7.24, 7.68
203, 721.0572614844913, 46.20003999999995, 136.72, 7.6, 7.54
204, 719.9671062856636, 47.05828000000001, 138.9, 7.94, 7.6
205, 718.8769510868359, 48.17827999999999, 141.44, 8.36, 8.6
206, 717.7867958880082, 49.46007999999998, 144.0, 8.96, 10.04
207, 716.6966406891805, 51.304900000000025, 147.88, 9.94, 11.0
208, 715.6064854903528, 53.66048000000005, 152.54, 11.42, 11.82
209, 714.5163302915253, 56.155480000000004, 157.94, 12.78, 12.54
210, 713.4261750926976, 60.271839999999976, 164.58, 16.22, 13.52
211, 712.3360198938699, 64.88264000000004, 172.12, 20.04, 14.52
212, 711.2458646950422, 69.68741999999999, 179.48, 24.22, 15.84
213, 710.1557094962145, 74.92045999999993, 186.46, 29.16, 18.0
214, 709.0655542973868, 80.22856000000006, 193.16, 34.32, 20.42
215, 707.9753990985591, 84.18676, 198.82, 37.78, 22.48
216, 706.8852438997314, 87.41931999999998, 203.22, 40.7, 24.26
217, 705.7950887009038, 90.30853999999998, 207.14, 43.4, 25.42
218, 704.7049335020761, 91.33703999999996, 210.26, 43.66, 24.92
219, 703.6147783032484, 91.42506000000004, 212.6, 42.82, 23.88
220, 702.5246231044207, 90.94872, 213.94, 41.66, 22.16
221, 701.434467905593, 89.85244000000003, 213.56, 40.32, 20.44
222, 700.3443127067653, 88.1482, 212.28, 38.36, 18.94
223, 699.2541575079376, 85.46700000000003, 208.28, 36.16, 17.24
224, 698.16400230911, 82.05088000000005, 201.88, 33.88, 15.8
225, 697.0738471102823, 77.81929999999994, 193.14, 31.36, 14.58
226, 695.9836919114546, 72.66830000000004, 182.06, 28.52, 13.08
227, 694.8935367126269, 66.38985999999996, 167.82, 25.4, 11.42
228, 693.8033815137992, 59.52291999999994, 151.64, 22.32, 9.48
229, 692.7132263149715, 52.70766000000001, 135.48, 19.38, 7.22
230, 691.6230711161438, 45.98794, 119.2, 16.66, 4.98
231, 690.5329159173161, 39.69159999999999, 103.84, 14.08, 3.32
232, 689.4427607184884, 34.484899999999975, 91.48, 11.7, 2.32
233, 688.3526055196608, 30.50974, 83.24, 9.3, 1.42
234, 687.2624503208331, 27.96548000000001, 77.44, 7.92, 1.42
235, 686.1722951220054, 27.801720000000003, 76.2, 8.16, 2.0
236, 685.0821399231777, 28.533080000000012, 77.38, 8.7, 2.54
237, 683.99198472435, 29.312260000000016, 78.54, 9.32, 3.14
238, 682.9018295255223, 30.23374000000001, 79.72, 10.18, 3.7
239, 681.8116743266946, 31.34174000000001, 81.48, 11.14, 3.86
240, 680.721519127867, 32.26336000000001, 82.2, 12.32, 3.98
241, 679.6313639290394, 33.22058000000001, 82.98, 13.6, 3.74
242, 678.5412087302117, 34.12038, 83.64, 14.82, 3.62
243, 677.451053531384, 35.36397999999998, 84.66, 16.52, 3.1
244, 676.3608983325563, 36.475919999999995, 85.76, 17.92, 2.76
245, 675.2707431337286, 37.745600000000024, 87.2, 19.4, 2.5
246, 674.1805879349009, 38.84407999999997, 88.94, 20.42, 2.32
247, 673.0904327360732, 40.04887999999998, 90.8, 21.56, 2.14
248, 672.0002775372456, 41.216540000000016, 92.54, 22.76, 1.64
249, 670.9101223384179, 42.68025999999999, 94.34, 24.36, 1.52
250, 669.8199671395902, 44.00349999999996, 95.86, 25.84, 1.52
251, 668.7298119407626, 45.87444000000002, 97.6, 28.04, 2.04
252, 667.6396567419349, 47.4067, 98.94, 29.96, 2.08
253, 666.5495015431072, 48.95107999999998, 100.34, 31.94, 1.76
254, 665.4593463442795, 49.576420000000006, 101.48, 32.58, 0.96
255, 664.3691911454519, 50.9271, 103.42, 33.92, 0.82
256, 663.2790359466242, 53.29494, 105.66, 36.84, 0.68
257, 662.1888807477965, 55.95431999999996, 108.62, 39.82, 0.9
258, 661.0987255489688, 58.66967999999994, 111.2, 43.12, 0.96
259, 660.0085703501411, 61.37724000000003, 114.1, 46.1, 1.76
260, 658.9184151513134, 64.16858000000006, 117.0, 49.18, 2.78
261, 657.8282599524857, 67.05452000000002, 120.2, 52.28, 3.74
262, 656.738104753658, 70.96957999999998, 123.74, 56.96, 4.7
263, 655.6479495548303, 74.23885999999995, 126.56, 60.86, 5.9
264, 654.5577943560027, 77.06211999999994, 128.86, 64.3, 6.92
265, 653.467639157175, 79.5406999999999, 130.86, 67.36, 7.66
266, 652.3774839583473, 82.00516000000007, 132.78, 70.46, 8.28
267, 651.2873287595196, 84.45736000000007, 134.5, 73.54, 9.42
268, 650.1971735606919, 86.59852000000005, 135.88, 76.24, 10.68
269, 649.1070183618642, 88.65082000000004, 136.98, 79.04, 11.38
270, 648.0168631630365, 90.47246000000003, 138.18, 81.4, 12.06
271, 646.9267079642088, 91.80658, 138.6, 83.42, 12.26
272, 645.8365527653812, 92.79625999999999, 138.34, 85.32, 11.84
273, 644.7463975665535, 93.29285999999996, 137.48, 86.74, 11.14
274, 643.6562423677258, 93.12873999999996, 136.5, 87.08, 10.52
275, 642.5660871688981, 92.26653999999999, 135.24, 86.42, 9.66
276, 641.4759319700704, 91.12268, 133.46, 85.58, 8.62
277, 640.3857767712427, 89.76269999999998, 131.16, 84.66, 7.46
278, 639.295621572415, 88.32998000000002, 128.68, 83.7, 6.34
279, 638.2054663735873, 86.58786000000002, 125.62, 82.52, 5.16
280, 637.1153111747597, 84.35422000000005, 121.08, 81.14, 4.58
281, 636.025155975932, 81.54353999999991, 115.22, 79.36, 4.46
282, 634.9350007771043, 78.26939999999998, 108.58, 77.18, 4.38
283, 633.8448455782766, 74.66432000000005, 101.66, 74.54, 4.5
284, 632.754690379449, 70.57813999999996, 93.62, 71.48, 5.5
285, 631.6645351806213, 66.38392000000005, 85.72, 68.32, 5.7
286, 630.5743799817936, 61.82913999999998, 77.42, 64.8, 5.64
287, 629.484224782966, 56.83985999999999, 68.86, 60.68, 5.54
288, 628.3940695841383, 52.10912000000003, 60.48, 56.8, 6.0
289, 627.3039143853106, 47.85479999999998, 53.12, 53.08, 7.14
290, 626.2137591864829, 43.686380000000035, 46.18, 49.44, 7.52
291, 625.1236039876552, 39.652380000000015, 39.6, 45.9, 7.62
292, 624.0334487888275, 36.10678, 34.48, 42.46, 7.66
293, 622.9432935899998, 32.535180000000004, 29.66, 38.92, 7.2
294, 621.8531383911721, 29.201740000000015, 25.38, 35.6, 6.28
295, 620.7629831923446, 25.95479999999999, 21.7, 32.18, 5.06
296, 619.6728279935169, 22.7677, 18.28, 28.78, 3.58
297, 618.5826727946892, 20.363480000000003, 16.04, 26.0, 2.68
298, 617.4925175958615, 18.079279999999997, 13.8, 23.44, 1.7
299, 616.4023623970338, 16.352800000000006, 12.12, 21.44, 1.26
300, 615.3122071982061, 14.925919999999994, 10.72, 19.8, 0.86
301, 614.2220519993784, 14.072100000000004, 9.52, 18.98, 0.74
302, 613.1318968005507, 13.298879999999999, 7.68, 18.6, 0.74
303, 612.0417416017231, 12.89892000000001, 6.3, 18.54, 1.16
304, 610.9515864028954, 12.511599999999993, 4.96, 18.52, 1.38
305, 609.8614312040677, 11.939480000000005, 3.52, 18.24, 1.58
306, 608.77127600524, 11.677180000000003, 2.56, 18.22, 1.9
307, 607.6811208064123, 11.395760000000003, 1.74, 18.1, 2.2
308, 606.5909656075846, 11.178540000000007, 1.32, 17.94, 2.22
309, 605.5008104087569, 11.185940000000006, 1.36, 17.94, 2.18
310, 604.4106552099292, 11.283100000000001, 1.42, 18.04, 2.36
311, 603.3205000111016, 11.768419999999997, 2.02, 18.6, 2.16
312, 602.2303448122739, 11.770380000000005, 2.42, 18.52, 1.54
313, 601.1401896134462, 11.952259999999994, 3.7, 18.24, 1.22
314, 600.0500344146185, 12.42212, 4.92, 18.52, 0.7
315, 598.9598792157908, 13.198340000000005, 4.58, 20.0, 0.78
316, 597.8697240169631, 14.300199999999997, 3.98, 22.14, 1.0
317, 596.7795688181354, 15.375260000000008, 3.2, 24.26, 1.56
318, 595.6894136193077, 16.998099999999994, 2.84, 26.94, 2.94
319, 594.59925842048, 18.532920000000008, 2.3, 29.62, 4.02
320, 593.5091032216524, 20.3178, 2.32, 32.6, 4.28
321, 592.4189480228247, 21.998919999999995, 2.88, 35.0, 5.2
322, 591.328792823997, 23.51997999999998, 2.66, 37.68, 5.32
323, 590.2386376251693, 25.633159999999993, 2.48, 41.36, 5.38
324, 589.1484824263416, 28.02570000000001, 2.64, 45.3, 5.66
325, 588.0583272275139, 30.477600000000024, 2.32, 49.64, 5.66
326, 586.9681720286862, 32.941019999999995, 1.96, 54.02, 5.66
327, 585.8780168298586, 35.86035999999996, 1.9, 59.02, 5.68
328, 584.7878616310309, 38.80709999999995, 1.9, 64.04, 5.68
329, 583.6977064322033, 42.70152, 1.96, 70.64, 5.7
330, 582.6075512333756, 46.322919999999975, 2.26, 76.54, 6.3
331, 581.5173960345479, 49.732299999999995, 2.3, 82.32, 6.34
332, 580.4272408357202, 53.33746000000003, 2.54, 88.32, 6.44
333, 579.3370856368925, 56.678700000000035, 2.54, 93.88, 7.12
334, 578.2469304380649, 60.08862, 2.44, 99.74, 7.12
335, 577.1567752392372, 63.29421999999997, 2.66, 105.12, 6.96
336, 576.0666200404095, 66.45823999999993, 2.5, 110.58, 7.02
337, 574.9764648415818, 69.15311999999996, 2.0, 115.48, 6.74
338, 573.8863096427541, 72.0443399999999, 1.74, 120.6, 6.42
339, 572.7961544439264, 75.08874000000006, 1.52, 125.98, 6.0
340, 571.7059992450988, 78.26752000000006, 1.0, 131.8, 5.28
341, 570.6158440462711, 81.47146000000002, 0.68, 137.46, 5.08
342, 569.5256888474435, 83.62841999999996, 0.38, 141.4, 4.5
343, 568.4355336486158, 85.54683999999996, 0.0, 144.92, 4.2
344, 567.3453784497881, 87.78917999999996, 0.0, 148.74, 4.2
345, 566.2552232509604, 90.41723999999996, 0.0, 153.12, 4.7
346, 565.1650680521327, 93.70679999999994, 0.88, 158.0, 6.12
347, 564.074912853305, 97.05683999999992, 2.04, 162.72, 8.16
348, 562.9847576544773, 100.88733999999997, 4.02, 167.6, 11.44
349, 561.8946024556496, 105.28931999999995, 5.4, 174.0, 13.48
350, 560.804447256822, 110.88486, 5.06, 183.76, 13.2
351, 559.7142920579943, 117.5116, 3.62, 196.14, 11.36
352, 558.6241368591666, 124.25430000000001, 3.18, 208.08, 10.18
353, 557.5339816603389, 131.06943999999996, 3.14, 219.66, 10.44
354, 556.4438264615112, 137.6361199999999, 3.14, 230.54, 12.02
355, 555.3536712626835, 143.396, 3.54, 239.5, 15.36
356, 554.2635160638558, 148.07905999999997, 5.46, 245.56, 20.2
357, 553.1733608650281, 151.79476000000005, 7.64, 249.96, 24.42
358, 552.0832056662005, 154.12617999999992, 8.5, 252.88, 27.58
359, 550.9930504673728, 155.12397999999993, 8.66, 254.04, 29.94
360, 549.9028952685451, 155.41484000000003, 8.56, 254.4, 30.9
361, 548.8127400697174, 155.20722000000012, 7.08, 254.94, 30.18
362, 547.7225848708897, 154.4451800000001, 5.26, 255.0, 27.96
363, 546.632429672062, 153.99592000000013, 4.52, 255.0, 25.96
364, 545.5422744732343, 153.90699999999998, 4.52, 255.0, 25.18
365, 544.4521192744066, 153.86652000000007, 4.56, 255.0, 24.72
366, 543.361964075579, 153.73514000000011, 4.54, 255.0, 23.62
367, 542.2718088767513, 152.80470000000005, 3.0, 254.58, 21.66
368, 541.1816536779236, 151.12506000000008, 3.0, 251.94, 20.52
369, 540.0914984790959, 147.48312000000004, 3.04, 245.96, 19.26
370, 539.0013432802682, 142.25804000000005, 3.4, 237.12, 18.0
371, 537.9111880814405, 135.24693999999997, 3.48, 225.38, 16.74
372, 536.8210328826128, 125.63264000000001, 2.92, 209.64, 14.92
373, 535.7308776837853, 114.33236000000005, 1.94, 191.3, 12.8
374, 534.6407224849576, 103.92525999999994, 1.44, 174.14, 11.18
375, 533.5505672861299, 93.92004000000001, 1.32, 157.44, 9.72
376, 532.4604120873022, 84.42426000000002, 1.52, 141.34, 8.8
377, 531.3702568884745, 75.85378000000001, 1.76, 126.66, 8.58
378, 530.2801016896468, 68.77021999999995, 2.7, 114.04, 8.96
379, 529.1899464908191, 61.79699999999999, 3.0, 102.0, 9.0
380, 528.0997912919914, 55.62758000000004, 2.84, 91.82, 7.72
381, 527.0096360931637, 50.62115999999999, 2.4, 83.76, 6.46
382, 525.9194808943361, 46.22206, 2.1, 76.64, 5.32
383, 524.8293256955084, 42.947280000000006, 1.72, 71.48, 4.16
384, 523.7391704966807, 40.69032000000002, 1.54, 67.82, 3.68
385, 522.6490152978531, 38.97030000000004, 1.52, 64.9, 3.68
386, 521.5588600990254, 38.00438000000001, 2.06, 62.96, 3.78
387, 520.4687049001977, 37.22929999999999, 2.44, 61.38, 4.12
388, 519.37854970137, 36.34825999999996, 2.88, 59.62, 4.3
389, 518.2883945025424, 35.617379999999976, 3.12, 58.14, 4.88
390, 517.1982393037147, 34.71141999999998, 3.36, 56.42, 5.16
391, 516.108084104887, 33.498039999999975, 3.3, 54.5, 4.56
392, 515.0179289060593, 32.29937999999999, 3.2, 52.54, 4.4
393, 513.9277737072316, 30.799119999999995, 2.8, 50.32, 3.72
394, 512.8376185084039, 29.15740000000001, 1.88, 48.12, 3.06
395, 511.7474633095762, 27.199300000000026, 1.14, 45.2, 2.86
396, 510.65730811074855, 25.49058, 1.04, 42.34, 2.86
397, 509.56715291192086, 24.089820000000003, 1.32, 39.78, 3.02
398, 508.47699771309317, 22.403180000000003, 1.38, 36.88, 3.0
399, 507.3868425142655, 21.10266000000001, 1.38, 34.68, 2.92
400, 506.2966873154378, 19.763500000000008, 1.34, 32.52, 2.4
401, 505.2065321166101, 18.249039999999983, 1.34, 29.94, 2.4
402, 504.1163769177824, 16.912839999999996, 1.38, 27.62, 2.52
403, 503.02622171895473, 15.486380000000013, 1.38, 25.12, 2.88
404, 501.93606652012704, 14.363899999999996, 1.38, 23.2, 2.92
405, 500.84591132129935, 13.295439999999994, 1.42, 21.34, 3.02
406, 499.75575612247167, 12.329699999999992, 1.34, 19.72, 3.1
407, 498.66560092364404, 11.909859999999991, 1.32, 18.98, 3.28
408, 497.57544572481635, 11.939980000000002, 1.24, 18.94, 3.96
409, 496.48529052598866, 11.928760000000004, 1.22, 18.9, 4.12
410, 495.395135327161, 11.991400000000004, 1.24, 18.88, 4.72
411, 494.3049801283333, 12.26954, 1.42, 19.2, 5.04
412, 493.2148249295056, 12.298880000000002, 1.48, 19.2, 5.14
413, 492.1246697306779, 12.375139999999995, 1.48, 19.26, 5.5
414, 491.0345145318502, 12.659159999999993, 1.3, 19.82, 5.58
415, 489.94435933302253, 12.951240000000006, 1.28, 20.32, 5.62
416, 488.85420413419484, 13.067680000000001, 1.0, 20.56, 6.14
417, 487.76404893536716, 13.392479999999992, 0.94, 21.14, 6.16
418, 486.6738937365395, 13.718919999999995, 0.94, 21.7, 6.14
419, 485.58373853771184, 13.76660000000001, 0.7, 22.02, 5.54
420, 484.49358333888415, 13.869980000000009, 0.7, 22.2, 5.52
421, 483.40342814005646, 13.95984000000001, 0.72, 22.44, 5.02
422, 482.3132729412288, 14.20792000000001, 1.0, 22.72, 5.02
423, 481.2231177424011, 14.128120000000001, 1.68, 22.16, 5.42
424, 480.1329625435734, 14.43308000000001, 2.6, 22.04, 6.3
425, 479.0428073447457, 14.475600000000007, 3.24, 21.6, 7.26
426, 477.952652145918, 14.557160000000017, 3.26, 21.62, 7.82
427, 476.86249694709034, 14.768559999999995, 2.64, 22.16, 8.52
428, 475.77234174826265, 15.629139999999996, 2.52, 23.66, 8.66
429, 474.682186549435, 16.338300000000007, 0.74, 25.6, 9.56
430, 473.59203135060733, 16.976340000000015, 0.38, 26.68, 10.54
431, 472.50187615177964, 17.592420000000008, 0.34, 27.68, 10.9
432, 471.41172095295195, 18.140920000000012, 0.0, 28.64, 11.66
433, 470.32156575412426, 18.813879999999987, 0.0, 29.6, 12.62
434, 469.2314105552966, 19.46893999999999, 0.0, 30.58, 13.32
435, 468.1412553564689, 20.090380000000007, 0.0, 31.46, 14.24
436, 467.0511001576412, 20.240380000000005, 0.0, 31.7, 14.32
437, 465.9609449588135, 20.662000000000003, 0.0, 32.36, 14.62
438, 464.8707897599858, 21.083860000000005, 0.0, 32.9, 15.54
439, 463.78063456115814, 21.329959999999986, 0.0, 33.16, 16.36
440, 462.6904793623305, 22.008799999999983, 0.84, 33.64, 17.64
441, 461.6003241635028, 22.886340000000008, 1.0, 34.7, 19.46
442, 460.51016896467513, 24.345680000000016, 1.52, 36.56, 21.32
443, 459.42001376584744, 25.758079999999996, 2.22, 38.26, 23.12
444, 458.32985856701976, 26.991200000000017, 2.28, 40.0, 24.82
445, 457.23970336819207, 28.249700000000022, 2.5, 41.76, 26.22
446, 456.1495481693644, 29.573439999999962, 2.26, 43.78, 28.06
447, 455.0593929705367, 31.033799999999978, 2.18, 46.06, 29.34
448, 453.969237771709, 32.52002, 1.66, 48.48, 31.28
449, 452.8790825728813, 34.21406000000004, 1.28, 51.14, 33.44
450, 451.7889273740536, 35.80356000000001, 1.28, 53.44, 35.54
451, 450.698772175226, 37.391259999999974, 0.9, 55.88, 37.9
452, 449.6086169763983, 39.51559999999999, 1.04, 58.88, 40.72
453, 448.5184617775706, 41.71531999999999, 2.06, 61.7, 42.82
454, 447.42830657874293, 44.138400000000004, 3.02, 64.9, 45.08
455, 446.33815137991525, 46.98284, 2.98, 69.3, 47.48
456, 445.24799618108756, 49.71429999999997, 2.8, 73.54, 50.08
457, 444.15784098225987, 52.46551999999998, 2.28, 77.68, 54.26
458, 443.0676857834322, 55.20700000000002, 1.64, 81.48, 60.42
459, 441.9775305846045, 57.80395999999994, 0.92, 85.16, 66.14
460, 440.8873753857768, 60.39264000000003, 0.52, 88.76, 71.36
461, 439.7972201869491, 62.829040000000035, 0.64, 91.96, 75.94
462, 438.7070649881215, 65.38575999999996, 1.52, 95.04, 80.2
463, 437.6169097892938, 67.82397999999993, 1.6, 98.38, 84.18
464, 436.5267545904661, 70.33377999999998, 2.24, 101.58, 88.04
465, 435.4365993916384, 72.46238000000001, 2.52, 104.38, 91.56
466, 434.34644419281074, 74.30690000000006, 2.44, 106.86, 95.18
467, 433.25628899398305, 75.75720000000005, 1.82, 109.06, 98.2
468, 432.16613379515536, 77.20053999999993, 1.54, 111.04, 101.4
469, 431.0759785963277, 78.72559999999997, 1.3, 113.1, 104.8
470, 429.9858233975, 80.06478000000001, 0.64, 115.1, 107.98
471, 428.8956681986723, 81.63592000000007, 0.54, 117.14, 111.52
472, 427.8055129998446, 83.1015, 0.22, 119.12, 115.02
473, 426.7153578010169, 84.73645999999994, 0.16, 121.26, 118.5
474, 425.62520260218923, 86.39181999999997, 0.14, 123.36, 122.26
475, 424.53504740336155, 87.74417999999997, 0.28, 124.94, 125.62
476, 423.44489220453386, 88.85110000000006, 0.32, 126.18, 128.84
477, 422.35473700570617, 89.85071999999995, 0.3, 127.26, 132.1
478, 421.2645818068785, 90.82323999999993, 0.68, 128.16, 135.0
479, 420.1744266080509, 91.44479999999996, 0.8, 128.68, 137.46
480, 419.0842714092232, 92.38180000000003, 1.76, 129.36, 139.66
481, 417.99411621039553, 93.08358, 2.74, 129.8, 140.98
482, 416.90396101156784, 93.64836, 4.24, 129.8, 142.0
483, 415.81380581274016, 94.17811999999998, 5.3, 129.98, 142.94
484, 414.72365061391247, 93.46959999999999, 6.28, 128.2, 143.32
485, 413.6334954150848, 92.41598, 6.76, 126.18, 143.22
486, 412.5433402162571, 90.61647999999997, 6.48, 123.56, 141.66
487, 411.4531850174294, 88.53849999999998, 5.72, 120.78, 139.74
488, 410.3630298186017, 86.28979999999997, 3.98, 118.22, 137.76
489, 409.27287461977403, 84.14235999999995, 2.86, 115.54, 135.66
490, 408.18271942094634, 82.01961999999995, 1.9, 112.84, 133.46
491, 407.09256422211865, 80.33941999999993, 1.48, 110.58, 131.46
492, 406.00240902329097, 77.69155999999994, 0.86, 106.82, 129.22
493, 404.9122538244633, 74.00269999999996, 0.88, 100.98, 126.88
494, 403.8220986256356, 69.92637999999994, 1.36, 94.3, 124.26
495, 402.7319434268079, 65.67453999999996, 1.46, 87.6, 121.2
496, 401.6417882279802, 61.20847999999995, 1.5, 80.62, 117.86
497, 400.5516330291525, 56.73051999999996, 1.44, 73.76, 114.06
498, 399.46147783032484, 52.419100000000014, 1.3, 67.24, 110.18
499, 398.37132263149715, 48.30815999999998, 0.9, 61.26, 105.96
500, 397.28116743266946, 44.44818000000003, 0.66, 55.56, 102.08
501, 396.1910122338419, 40.88828, 0.62, 50.18, 98.66
502, 395.1008570350142, 37.55065999999998, 0.5, 45.2, 95.34
503, 394.0107018361865, 34.865619999999964, 0.52, 41.14, 92.64
504, 392.9205466373588, 32.48428, 0.94, 37.18, 91.04
505, 391.83039143853114, 30.329320000000003, 1.02, 33.74, 89.64
506, 390.74023623970345, 28.701840000000015, 0.96, 31.2, 88.6
507, 389.65008104087576, 27.29366000000001, 0.64, 29.1, 87.9
508, 388.5599258420481, 25.79706000000001, 0.2, 26.86, 87.46
509, 387.4697706432204, 24.4261, 0.2, 24.54, 87.38
510, 386.3796154443927, 23.110319999999987, 0.16, 22.28, 87.58
511, 385.289460245565, 22.21114, 0.16, 20.62, 88.24
512, 384.1993050467373, 21.62526000000001, 0.1, 19.4, 89.54
513, 383.10914984790963, 20.826119999999996, 0.04, 17.84, 90.72
514, 382.01899464908195, 19.997500000000006, 0.08, 16.14, 92.1
515, 380.92883945025426, 19.38037999999999, 0.92, 14.42, 93.34
516, 379.83868425142657, 18.46040000000001, 1.24, 12.48, 94.42
517, 378.7485290525989, 17.60956, 1.5, 10.7, 95.44
518, 377.6583738537712, 16.747139999999987, 1.78, 8.96, 96.1
519, 376.5682186549435, 15.808460000000018, 1.84, 7.14, 97.08
520, 375.4780634561158, 15.274819999999998, 1.84, 6.06, 97.96
521, 374.38790825728813, 14.596179999999995, 1.62, 4.88, 98.66
522, 373.29775305846044, 14.131620000000009, 1.62, 3.84, 99.94
523, 372.20759785963276, 13.74856, 1.62, 2.9, 101.42
524, 371.1174426608052, 13.478219999999983, 1.36, 2.3, 102.82
525, 370.0272874619775, 13.616039999999996, 1.66, 2.18, 103.86
526, 368.9371322631498, 13.407420000000007, 1.34, 1.84, 104.62
527, 367.8469770643221, 13.46384000000001, 1.42, 1.74, 105.42
528, 366.75682186549443, 13.62558, 2.02, 1.64, 105.78
529, 365.66666666666674, 13.52478000000001, 2.56, 1.1, 106.26
530, 364.57651146783905, 13.592300000000007, 2.92, 1.02, 106.32
531, 363.48635626901137, 13.558260000000011, 3.32, 0.7, 106.62
532, 362.3962010701837, 13.493620000000004, 3.96, 0.26, 106.64
533, 361.306045871356, 13.518620000000004, 4.06, 0.24, 106.7
534, 360.2158906725283, 13.72608000000001, 4.92, 0.0, 107.5
535, 359.1257354737006, 13.754000000000012, 4.96, 0.0, 107.64
536, 358.0355802748729, 13.797320000000008, 4.96, 0.0, 108.02
537, 356.94542507604524, 13.929219999999997, 5.18, 0.0, 108.6
538, 355.85526987721755, 13.976239999999992, 5.2, 0.0, 108.96
539, 354.76511467838986, 14.157699999999979, 5.54, 0.0, 109.66
540, 353.6749594795622, 14.298759999999993, 5.6, 0.0, 110.74
541, 352.5848042807345, 14.368579999999993, 5.62, 0.0, 111.3
542, 351.4946490819068, 14.664720000000006, 5.88, 0.24, 111.98
543, 350.4044938830791, 14.79330000000001, 5.92, 0.26, 112.9
544, 349.3143386842514, 14.853999999999992, 5.94, 0.26, 113.38
545, 348.22418348542374, 15.006679999999994, 6.26, 0.26, 113.88
546, 347.13402828659616, 15.0614, 6.26, 0.26, 114.36
547, 346.0438730877685, 15.595660000000002, 6.48, 0.86, 115.38
548, 344.9537178889408, 15.957320000000012, 7.16, 0.92, 116.46
549, 343.8635626901131, 16.008900000000008, 7.18, 0.92, 116.86
550, 342.7734074912854, 16.279160000000005, 7.78, 0.9, 117.76
551, 341.6832522924577, 16.35827999999999, 7.78, 0.86, 118.66
552, 340.59309709363004, 16.447419999999994, 7.82, 0.84, 119.44
553, 339.50294189480235, 16.0649, 7.9, 0.0, 120.2
554, 338.41278669597466, 16.089980000000004, 7.9, 0.0, 120.42
555, 337.322631497147, 16.190299999999993, 7.9, 0.0, 121.3
556, 336.2324762983193, 16.22449999999999, 7.9, 0.0, 121.6
557, 335.1423210994916, 16.247299999999985, 7.9, 0.0, 121.8
558, 334.0521659006639, 16.34305999999999, 7.9, 0.0, 122.64
559, 332.9620107018362, 16.361299999999993, 7.9, 0.0, 122.8
560, 331.87185550300853, 16.372699999999995, 7.9, 0.0, 122.9
561, 330.78170030418084, 16.44566000000001, 7.9, 0.0, 123.54
562, 329.69154510535316, 16.45250000000001, 7.9, 0.0, 123.6
563, 328.60138990652547, 16.457060000000013, 7.9, 0.0, 123.64
564, 327.5112347076978, 16.454780000000014, 7.9, 0.0, 123.62
565, 326.4210795088701, 16.46076000000001, 7.92, 0.0, 123.62
566, 325.3309243100424, 16.413599999999988, 7.98, 0.06, 122.74
567, 324.2407691112147, 16.40817999999999, 8.0, 0.06, 122.64
568, 323.15061391238714, 16.40589999999999, 8.0, 0.06, 122.62
569, 322.06045871355946, 16.39905999999999, 8.0, 0.06, 122.56
570, 320.97030351473177, 16.396779999999993, 8.0, 0.06, 122.54
571, 319.8801483159041, 16.403959999999994, 8.0, 0.08, 122.5
572, 318.7899931170764, 16.44635999999999, 8.0, 0.16, 122.46
573, 317.6998379182487, 16.44179999999999, 8.0, 0.16, 122.42
574, 316.609682719421, 16.434959999999993, 8.0, 0.16, 122.36
575, 315.51952752059333, 16.43267999999999, 8.0, 0.16, 122.34
576, 314.42937232176564, 16.43039999999999, 8.0, 0.16, 122.32
577, 313.33921712293795, 16.39027999999999, 8.0, 0.08, 122.38
578, 312.24906192411026, 16.38537999999999, 8.0, 0.06, 122.44
579, 311.1589067252826, 16.389939999999992, 8.0, 0.06, 122.48
580, 310.0687515264549, 16.37067999999999, 8.0, 0.0, 122.62
581, 308.9785963276272, 16.39119999999999, 8.0, 0.0, 122.8
582, 307.8884411287995, 16.51660000000001, 8.0, 0.0, 123.9
583, 306.7982859299718, 16.72863999999998, 8.0, 0.0, 125.76
584, 305.70813073114414, 16.85404, 8.0, 0.0, 126.86
585, 304.61797553231645, 17.06607999999999, 8.0, 0.0, 128.72
586, 303.52782033348876, 17.280400000000014, 8.0, 0.0, 130.6
587, 302.4376651346611, 17.417200000000022, 8.0, 0.0, 131.8
588, 301.3475099358334, 17.549439999999983, 8.0, 0.0, 132.96
589, 300.2573547370057, 17.759200000000014, 8.0, 0.0, 134.8
590, 299.1671995381781, 17.895999999999987, 8.0, 0.0, 136.0
591, 298.07704433935044, 18.397920000000003, 9.0, 0.0, 137.78
592, 296.98688914052275, 18.621359999999985, 9.0, 0.0, 139.74
593, 295.89673394169506, 19.239560000000008, 10.0, 0.0, 142.54
594, 294.8065787428674, 19.778299999999984, 11.0, 0.02, 144.54
595, 293.7164235440397, 20.855479999999996, 12.0, 1.0, 146.32
596, 292.626268345212, 21.925380000000033, 12.7, 2.0, 148.72
597, 291.5361131463843, 22.827839999999995, 13.66, 2.66, 150.72
598, 290.4459579475566, 23.483419999999995, 14.62, 2.88, 152.82
599, 289.35580274872893, 23.75140000000001, 15.0, 2.84, 154.38
600, 288.26564754990125, 23.965380000000003, 15.0, 2.82, 156.36
601, 287.17549235107356, 23.51149999999999, 14.34, 2.08, 157.92
602, 286.08533715224587, 23.17598, 13.96, 1.5, 158.96
603, 284.9951819534182, 23.119979999999977, 13.94, 1.24, 159.86
604, 283.9050267545905, 22.9452, 13.96, 0.8, 160.54
605, 282.8148715557628, 22.81368000000001, 13.88, 0.64, 160.42
606, 281.7247163569351, 22.321199999999997, 13.6, 0.2, 159.1
607, 280.63456115810743, 21.69414, 13.0, 0.02, 156.1
608, 279.54440595927974, 21.0396, 12.58, 0.02, 151.46
609, 278.45425076045206, 20.006580000000014, 11.42, 0.16, 144.72
610, 277.36409556162437, 18.724459999999986, 10.34, 0.2, 136.1
611, 276.2739403627967, 17.36698, 9.3, 0.2, 126.92
612, 275.183785163969, 15.638580000000013, 7.66, 0.2, 116.06
613, 274.0936299651414, 14.216400000000007, 6.64, 0.2, 106.26
614, 273.00347476631373, 13.062960000000002, 5.6, 0.4, 97.84
615, 271.91331956748604, 11.57696, 4.1, 0.26, 89.46
616, 270.82316436865835, 10.645340000000001, 3.92, 0.26, 81.76
617, 269.73300916983067, 9.740819999999992, 3.2, 0.22, 75.92
618, 268.642853971003, 9.085080000000003, 2.88, 0.0, 72.14
619, 267.5526987721753, 8.79836, 2.92, 0.0, 69.52
620, 266.4625435733476, 8.881399999999992, 3.64, 0.0, 68.36
621, 265.3723883745199, 8.779360000000002, 3.68, 0.0, 67.36
622, 264.2822331756922, 8.702699999999991, 3.66, 0.0, 66.74
623, 263.19207797686454, 8.442940000000004, 3.02, 0.0, 66.14
624, 262.10192277803685, 8.275940000000007, 2.98, 0.0, 64.78
625, 261.01176757920916, 8.256159999999992, 2.98, 0.58, 61.62
626, 259.9216123803815, 7.976400000000001, 2.98, 0.62, 58.96
627, 258.8314571815538, 7.718760000000002, 2.98, 0.62, 56.7
628, 257.7413019827261, 7.665720000000001, 3.32, 0.64, 55.24
629, 256.6511467838984, 7.544879999999991, 3.32, 0.64, 54.18
630, 255.56099158507072, 7.427740000000003, 3.34, 0.64, 53.1
631, 254.47083638624304, 7.403960000000005, 3.62, 0.62, 52.26
632, 253.38068118741535, 7.322440000000005, 3.66, 0.62, 51.44
633, 252.29052598858766, 7.222100000000001, 3.92, 0.74, 49.26
634, 251.20037078975997, 6.890719999999999, 4.52, 0.2, 47.56
635, 250.1102155909324, 6.575559999999996, 4.54, 0.22, 44.64
636, 249.0200603921047, 6.3816399999999955, 5.24, 0.24, 41.0
637, 247.92990519327702, 6.061920000000002, 5.26, 0.26, 38.04
638, 246.83974999444933, 5.771279999999998, 5.24, 0.28, 35.44
639, 245.74959479562165, 5.794900000000002, 4.92, 0.86, 33.5
640, 244.65943959679396, 5.578299999999998, 4.92, 0.86, 31.6
641, 243.56928439796627, 5.478659999999996, 4.92, 0.9, 30.52
642, 242.47912919913858, 5.349039999999993, 4.92, 0.92, 29.28
643, 241.3889740003109, 5.214520000000005, 4.92, 0.92, 28.1
644, 240.2988188014832, 4.97856, 4.84, 0.92, 26.24
645, 239.20866360265552, 4.748579999999997, 4.78, 0.92, 24.38
646, 238.11850840382783, 4.538820000000005, 4.78, 0.92, 22.54
647, 237.02835320500014, 4.078759999999997, 3.92, 0.92, 20.76
648, 235.93819800617246, 3.819700000000003, 3.9, 0.92, 18.54
649, 234.84804280734477, 4.149979999999996, 3.9, 1.84, 16.7
650, 233.75788760851708, 4.055239999999996, 3.9, 1.9, 15.56
651, 232.6677324096894, 3.8660000000000014, 3.9, 1.9, 13.9
652, 231.5775772108617, 3.1152599999999984, 2.98, 1.28, 12.92
653, 230.48742201203402, 2.8637400000000004, 2.92, 1.22, 11.18
654, 229.39726681320633, 2.673420000000003, 2.9, 1.24, 9.46
655, 228.30711161437864, 2.270020000000002, 2.26, 1.24, 7.6
656, 227.21695641555095, 2.1514599999999997, 2.26, 1.24, 6.56
657, 226.12680121672338, 2.3398599999999994, 2.22, 1.76, 5.64
658, 225.0366460178957, 2.087019999999998, 2.0, 1.62, 4.72
659, 223.946490819068, 2.082459999999999, 2.0, 1.62, 4.68
660, 222.85633562024032, 1.8401399999999994, 1.7, 1.36, 4.68
661, 221.76618042141263, 1.8046999999999995, 1.66, 1.32, 4.68
662, 220.67602522258494, 1.8046999999999995, 1.66, 1.32, 4.68
663, 219.58587002375725, 1.8046999999999995, 1.66, 1.32, 4.68
664, 218.49571482492956, 1.8069799999999996, 1.66, 1.32, 4.7
665, 217.40555962610188, 1.8069799999999996, 1.66, 1.32, 4.7
666, 216.3154044272742, 1.8092599999999992, 1.66, 1.32, 4.72
667, 215.2252492284465, 1.8069799999999991, 1.66, 1.32, 4.7
668, 214.1350940296188, 1.80276, 1.66, 1.34, 4.56
669, 213.04493883079112, 1.7187400000000002, 1.66, 1.36, 3.72
670, 211.95478363196344, 1.70574, 1.66, 1.4, 3.4
671, 210.86462843313575, 1.78368, 1.7, 1.66, 2.64
672, 209.77447323430806, 1.7472, 1.7, 1.66, 2.32
673, 208.68431803548037, 1.87758, 1.74, 1.92, 2.02
674, 207.59416283665269, 1.9999999999999998, 2.0, 2.0, 2.0
675, 206.504007637825, 1.9999999999999998, 2.0, 2.0, 2.0
676, 205.4138524389973, 1.9999999999999998, 2.0, 2.0, 2.0
677, 204.32369724016962, 1.9999999999999998, 2.0, 2.0, 2.0
678, 203.23354204134193, 1.9999999999999998, 2.0, 2.0, 2.0
679, 202.14338684251436, 1.9999999999999998, 2.0, 2.0, 2.0
680, 201.05323164368667, 1.9999999999999998, 2.0, 2.0, 2.0
681, 199.96307644485898, 1.9999999999999998, 2.0, 2.0, 2.0
682, 198.8729212460313, 1.9999999999999998, 2.0, 2.0, 2.0
683, 197.7827660472036, 1.9999999999999998, 2.0, 2.0, 2.0
684, 196.69261084837592, 1.9999999999999998, 2.0, 2.0, 2.0
685, 195.60245564954823, 1.9999999999999998, 2.0, 2.0, 2.0
686, 194.51230045072055, 1.9999999999999998, 2.0, 2.0, 2.0
687, 193.42214525189286, 1.9999999999999998, 2.0, 2.0, 2.0
688, 192.33199005306517, 1.9999999999999998, 2.0, 2.0, 2.0
689, 191.24183485423748, 1.9999999999999998, 2.0, 2.0, 2.0
690, 190.1516796554098, 1.9999999999999998, 2.0, 2.0, 2.0
691, 189.0615244565821, 1.9999999999999998, 2.0, 2.0, 2.0
692, 187.97136925775442, 1.9999999999999998, 2.0, 2.0, 2.0
693, 186.88121405892673, 1.9999999999999998, 2.0, 2.0, 2.0
694, 185.79105886009904, 1.9999999999999998, 2.0, 2.0, 2.0
695, 184.70090366127135, 1.9999999999999998, 2.0, 2.0, 2.0
696, 183.61074846244367, 1.9999999999999998, 2.0, 2.0, 2.0
697, 182.52059326361598, 1.9999999999999998, 2.0, 2.0, 2.0
698, 181.4304380647883, 1.9999999999999998, 2.0, 2.0, 2.0
699, 180.3402828659606, 1.9999999999999998, 2.0, 2.0, 2.0
700, 179.25012766713292, 1.9999999999999998, 2.0, 2.0, 2.0
701, 178.15997246830523, 1.9999999999999998, 2.0, 2.0, 2.0
702, 177.06981726947765, 1.9999999999999998, 2.0, 2.0, 2.0
703, 175.97966207064997, 1.9999999999999998, 2.0, 2.0, 2.0
704, 174.88950687182228, 1.9999999999999998, 2.0, 2.0, 2.0
705, 173.7993516729946, 1.9999999999999998, 2.0, 2.0, 2.0
706, 172.7091964741669, 1.9999999999999998, 2.0, 2.0, 2.0
707, 171.6190412753392, 1.9999999999999998, 2.0, 2.0, 2.0
708, 170.52888607651153, 1.9999999999999998, 2.0, 2.0, 2.0
709, 169.43873087768384, 1.9999999999999998, 2.0, 2.0, 2.0
710, 168.34857567885615, 1.9999999999999998, 2.0, 2.0, 2.0
711, 167.25842048002846, 1.9999999999999998, 2.0, 2.0, 2.0
712, 166.16826528120077, 1.9999999999999998, 2.0, 2.0, 2.0
713, 165.0781100823731, 1.9999999999999998, 2.0, 2.0, 2.0
714, 163.9879548835454, 1.9999999999999998, 2.0, 2.0, 2.0
715, 162.8977996847177, 1.9999999999999998, 2.0, 2.0, 2.0
716, 161.80764448589002, 1.9999999999999998, 2.0, 2.0, 2.0
717, 160.71748928706234, 1.9999999999999998, 2.0, 2.0, 2.0
718, 159.62733408823465, 1.9999999999999998, 2.0, 2.0, 2.0
719, 158.53717888940696, 1.9999999999999998, 2.0, 2.0, 2.0
720, 157.44702369057927, 1.9999999999999998, 2.0, 2.0, 2.0
721, 156.35686849175158, 1.9999999999999998, 2.0, 2.0, 2.0
