Extraction [ img/s4/seq3/mys2.jpg ] effectuee 2026-05-28 17:40:01.445022
Calibration: -0.2664195129856975*x + 663.5294963737288 [largueur 2619 + 934]

pixel, longueur d'onde, intensite, r, g, b
0, 663.5294963737288, 99.59333595505615, 195.17977528089887, 52.52808988764045, 91.40449438202248
1, 663.263076860743, 100.42610786516856, 196.67415730337078, 52.78651685393258, 93.46067415730337
2, 662.9966573477574, 100.4199966292135, 196.6629213483146, 52.7752808988764, 93.49438202247191
3, 662.7302378347716, 100.8886202247191, 197.8426966292135, 52.741573033707866, 94.68539325842697
4, 662.463818321786, 101.09552022471912, 198.1685393258427, 52.853932584269664, 95.06741573033707
5, 662.1973988088002, 102.26745280898878, 200.97752808988764, 52.8876404494382, 97.80898876404494
6, 661.9309792958146, 102.00243820224716, 200.7865168539326, 52.561797752808985, 97.66292134831461
7, 661.6645597828289, 102.7669426966292, 202.03370786516854, 53.0, 98.84269662921348
8, 661.3981402698432, 102.67706404494378, 201.9438202247191, 52.91011235955056, 98.75280898876404
9, 661.1317207568575, 103.15152247191014, 203.42696629213484, 52.70786516853933, 100.06741573033707
10, 660.8653012438718, 102.99783595505622, 203.32584269662922, 52.52808988764045, 99.91011235955057
11, 660.5988817308861, 103.42820337078653, 204.82022471910113, 52.247191011235955, 101.21348314606742
12, 660.3324622179003, 103.02998202247194, 204.4494382022472, 51.842696629213485, 100.7752808988764
13, 660.0660427049147, 104.19846853932587, 206.8876404494382, 52.08988764044944, 103.35955056179775
14, 659.799623191929, 103.43455280898878, 206.26966292134833, 51.247191011235955, 102.61797752808988
15, 659.5332036789433, 103.9859078651685, 208.22471910112358, 50.8876404494382, 104.17977528089888
16, 659.2667841659576, 104.14478876404493, 208.40449438202248, 51.04494382022472, 104.29213483146067
17, 659.0003646529719, 105.86157078651684, 211.03370786516854, 52.157303370786515, 106.73033707865169
18, 658.7339451399862, 105.75453707865171, 210.92134831460675, 52.056179775280896, 106.6067415730337
19, 658.4675256270006, 105.86387528089887, 211.80898876404495, 51.69662921348315, 107.08988764044943
20, 658.2011061140148, 105.90971460674156, 211.95505617977528, 51.674157303370784, 107.2247191011236
21, 657.9346866010292, 107.36918539325846, 214.77528089887642, 52.2247191011236, 109.79775280898876
22, 657.6682670880434, 107.11486966292138, 214.56179775280899, 51.943820224719104, 109.57303370786516
23, 657.4018475750577, 107.22375730337082, 215.12359550561797, 51.78651685393258, 109.86516853932584
24, 657.135428062072, 107.21252247191016, 215.1123595505618, 51.7752808988764, 109.85393258426966
25, 656.8690085490863, 108.01408876404498, 216.75280898876406, 52.0, 111.42696629213484
26, 656.6025890361007, 107.77076516853931, 216.5056179775281, 51.752808988764045, 111.21348314606742
27, 656.3361695231149, 108.01973258426966, 217.95505617977528, 51.235955056179776, 112.25842696629213
28, 656.0697500101293, 108.08390449438195, 218.03370786516854, 51.29213483146067, 112.32584269662921
29, 655.8033304971435, 108.67767415730337, 220.0, 51.04494382022472, 113.65168539325843
30, 655.5369109841579, 108.33275280898876, 219.6629213483146, 50.69662921348315, 113.30337078651685
31, 655.2704914711721, 109.3279943820225, 221.51685393258427, 51.10112359550562, 115.08988764044943
32, 655.0040719581864, 109.0181797752809, 221.23595505617976, 50.7752808988764, 114.78651685393258
33, 654.7376524452008, 108.82621797752812, 221.86516853932585, 50.04494382022472, 115.21348314606742
34, 654.471232932215, 108.46682471910108, 221.52808988764045, 49.674157303370784, 114.85393258426966
35, 654.2048134192294, 108.67602921348315, 222.17977528089887, 49.61797752808989, 115.26966292134831
36, 653.9383939062436, 108.79384943820216, 222.62921348314606, 49.550561797752806, 115.47191011235955
37, 653.671974393258, 108.58056067415731, 223.8314606741573, 48.41573033707865, 116.29213483146067
38, 653.4055548802722, 108.4601831460674, 224.23595505617976, 48.01123595505618, 116.25842696629213
39, 653.1391353672866, 108.64872134831462, 225.82022471910113, 47.37078651685393, 117.0561797752809
40, 652.8727158543008, 108.59698314606742, 226.34831460674158, 47.02247191011236, 117.01123595505618
41, 652.6062963413152, 108.48515393258427, 227.7865168539326, 45.89887640449438, 118.04494382022472
42, 652.3398768283295, 109.1736876404494, 229.30337078651687, 46.168539325842694, 118.71910112359551
43, 652.0734573153437, 109.80583595505622, 231.52808988764045, 45.82022471910113, 120.2247191011236
44, 651.8070378023581, 109.43957303370787, 231.68539325842696, 45.168539325842694, 119.95505617977528
45, 651.5406182893723, 110.15676966292135, 233.98876404494382, 44.89887640449438, 121.59550561797752
46, 651.2741987763867, 109.34803707865163, 233.4494382022472, 43.95505617977528, 120.7752808988764
47, 651.007779263401, 109.44157528089883, 235.14606741573033, 43.13483146067416, 121.37078651685393
48, 650.7413597504153, 109.97814943820225, 236.03370786516854, 43.49438202247191, 121.89887640449439
49, 650.4749402374296, 110.04759325842697, 237.77528089887642, 42.651685393258425, 122.28089887640449
50, 650.2085207244439, 110.04318202247187, 238.17977528089887, 42.438202247191015, 122.28089887640449
51, 649.9421012114582, 109.93284831460673, 239.1573033707865, 41.741573033707866, 122.33707865168539
52, 649.6756816984725, 109.50938876404501, 239.03370786516854, 41.157303370786515, 121.95505617977528
53, 649.4092621854868, 109.94289775280902, 241.13483146067415, 40.640449438202246, 122.91011235955057
54, 649.142842672501, 109.30921348314607, 240.7865168539326, 39.853932584269664, 122.31460674157303
55, 648.8764231595154, 108.78530112359543, 240.92134831460675, 38.98876404494382, 121.82022471910112
56, 648.6100036465297, 108.50443146067421, 240.74157303370785, 38.662921348314605, 121.50561797752809
57, 648.343584133544, 109.03342808988762, 242.57303370786516, 38.48314606741573, 122.26966292134831
58, 648.0771646205583, 109.0569898876404, 242.79775280898878, 38.40449438202247, 122.29213483146067
59, 647.8107451075726, 109.98048988764052, 245.32584269662922, 38.48314606741573, 123.35955056179775
60, 647.5443255945869, 109.84927640449439, 245.5505617977528, 38.19101123595506, 123.12359550561797
61, 647.2779060816013, 109.32487078651684, 246.57303370786516, 36.91011235955056, 122.43820224719101
62, 647.0114865686155, 109.05937415730338, 246.59550561797752, 36.49438202247191, 122.19101123595506
63, 646.7450670556299, 109.92910786516853, 249.03370786516854, 36.57303370786517, 123.02247191011236
64, 646.4786475426441, 110.44016404494378, 249.7078651685393, 37.0, 123.53932584269663
65, 646.2122280296584, 111.18449101123589, 251.38202247191012, 37.258426966292134, 124.34831460674157
66, 645.9458085166727, 111.83128089887641, 252.02247191011236, 37.89887640449438, 125.04494382022472
67, 645.679389003687, 111.82569213483144, 252.51685393258427, 37.61797752808989, 125.14606741573034
68, 645.4129694907014, 111.417708988764, 252.23595505617976, 37.168539325842694, 124.61797752808988
69, 645.1465499777156, 111.72267528089886, 253.02247191011236, 37.13483146067416, 125.40449438202248
70, 644.88013046473, 111.32233033707864, 253.1011235955056, 36.53932584269663, 124.75280898876404
71, 644.6137109517442, 111.55340112359549, 253.51685393258427, 36.71910112359551, 124.76404494382022
72, 644.3472914387586, 111.51945617977525, 253.64044943820224, 36.61797752808989, 124.66292134831461
73, 644.0808719257728, 111.5423112359551, 253.96629213483146, 36.52808988764045, 124.47191011235955
74, 643.8144524127872, 111.80535280898874, 254.3370786516854, 36.741573033707866, 124.70786516853933
75, 643.5480328998015, 112.09718426966292, 254.67415730337078, 37.056179775280896, 124.76404494382022
76, 643.2816133868157, 112.10182471910109, 254.7865168539326, 37.01123595505618, 124.74157303370787
77, 643.0151938738301, 111.97262247191013, 254.8988764044944, 36.853932584269664, 124.12359550561797
78, 642.7487743608443, 111.78010898876407, 254.86516853932585, 36.59550561797753, 123.85393258426966
79, 642.4823548478587, 111.67453483146068, 254.87640449438203, 36.51685393258427, 123.30337078651685
80, 642.2159353348729, 111.3787101123595, 254.80898876404495, 36.12359550561798, 122.91011235955057
81, 641.9495158218873, 111.42356629213477, 254.8988764044944, 36.20224719101124, 122.66292134831461
82, 641.6830963089016, 111.26279999999991, 254.80898876404495, 36.01123595505618, 122.47191011235955
83, 641.4166767959159, 111.38886067415727, 254.87640449438203, 36.21348314606742, 122.35955056179775
84, 641.1502572829302, 111.45670224719098, 254.8876404494382, 36.31460674157304, 122.40449438202248
85, 640.8838377699444, 111.8507752808989, 254.9438202247191, 37.03370786516854, 122.01123595505618
86, 640.6174182569588, 111.45685168539332, 254.85393258426967, 36.53932584269663, 121.33707865168539
87, 640.350998743973, 111.67547191011234, 254.8314606741573, 36.91011235955056, 121.40449438202248
88, 640.0845792309874, 111.8493078651685, 254.8988764044944, 37.13483146067416, 121.59550561797752
89, 639.8181597180017, 111.95437528089889, 254.8988764044944, 37.438202247191015, 120.95505617977528
90, 639.551740205016, 111.872011235955, 254.9438202247191, 37.30337078651685, 120.80898876404494
91, 639.2853206920303, 112.01973033707873, 254.9438202247191, 37.62921348314607, 120.42696629213484
92, 639.0189011790446, 111.82569325842704, 254.86516853932585, 37.39325842696629, 120.14606741573034
93, 638.7524816660589, 112.70898764044954, 254.8426966292135, 38.8876404494382, 120.25842696629213
94, 638.4860621530732, 112.53217752808997, 254.96629213483146, 38.59550561797753, 119.88764044943821
95, 638.2196426400875, 112.85394606741573, 254.92134831460675, 39.325842696629216, 119.06741573033707
96, 637.9532231271018, 112.76725393258428, 254.87640449438203, 39.235955056179776, 118.88764044943821
97, 637.6868036141161, 112.85317303370785, 254.8988764044944, 39.449438202247194, 118.48314606741573
98, 637.4203841011304, 113.10553033707862, 254.92134831460675, 39.80898876404494, 118.78651685393258
99, 637.1539645881447, 113.6690415730337, 254.97752808988764, 40.7752808988764, 118.6067415730337
100, 636.887545075159, 113.51520224719098, 254.9438202247191, 40.60674157303371, 118.21348314606742
101, 636.6211255621733, 113.83837191011231, 254.82022471910113, 41.37078651685393, 117.43820224719101
102, 636.3547060491876, 113.858611235955, 254.8988764044944, 41.40449438202247, 117.23595505617978
103, 636.088286536202, 114.29625280898874, 254.8876404494382, 42.17977528089887, 117.11235955056179
104, 635.8218670232162, 114.50625168539325, 254.8988764044944, 42.50561797752809, 117.24719101123596
105, 635.5554475102306, 115.27698988764044, 254.93258426966293, 43.7752808988764, 117.38202247191012
106, 635.2890279972448, 115.68871011235952, 254.92134831460675, 44.38202247191011, 117.89887640449439
107, 635.0226084842591, 116.43028539325837, 254.8988764044944, 45.752808988764045, 117.40449438202248
108, 634.7561889712734, 116.5073539325842, 254.8876404494382, 45.8876404494382, 117.41573033707866
109, 634.4897694582877, 117.30212696629211, 254.91011235955057, 47.337078651685395, 116.86516853932584
110, 634.2233499453021, 117.08324943820223, 254.80898876404495, 47.08988764044944, 116.48314606741573
111, 633.9569304323163, 117.71295842696624, 254.91011235955057, 48.146067415730336, 116.30337078651685
112, 633.6905109193307, 117.94791910112357, 254.96629213483146, 48.47191011235955, 116.53932584269663
113, 633.4240914063449, 118.85214606741577, 254.9438202247191, 50.06741573033708, 116.31460674157303
114, 633.1576718933593, 118.8316325842697, 254.91011235955057, 50.056179775280896, 116.28089887640449
115, 632.8912523803735, 119.76468651685401, 254.93258426966293, 51.42696629213483, 117.34831460674157
116, 632.6248328673878, 119.98806741573027, 254.9438202247191, 51.78651685393258, 117.42696629213484
117, 632.3584133544022, 120.53361797752811, 254.9438202247191, 52.91011235955056, 116.42696629213484
118, 632.0919938414164, 120.90017640449436, 254.97752808988764, 53.46067415730337, 116.71910112359551
119, 631.8255743284308, 121.67623370786518, 254.96629213483146, 54.853932584269664, 116.38202247191012
120, 631.559154815445, 122.25103932584263, 255.0, 55.674157303370784, 117.11235955056179
121, 631.2927353024594, 122.78722247191007, 254.96629213483146, 56.764044943820224, 116.29213483146067
122, 631.0263157894736, 123.27447415730343, 254.92134831460675, 57.58426966292135, 116.46067415730337
123, 630.759896276488, 124.32524269662912, 254.98876404494382, 59.438202247191015, 115.95505617977528
124, 630.4934767635023, 124.70915056179766, 254.8988764044944, 60.168539325842694, 115.79775280898876
125, 630.2270572505166, 125.96451460674157, 254.96629213483146, 62.30337078651685, 115.64044943820225
126, 629.9606377375309, 126.54109438202244, 254.8988764044944, 63.348314606741575, 115.49438202247191
127, 629.6942182245452, 127.76446292134838, 254.92134831460675, 65.37078651685393, 115.75280898876404
128, 629.4277987115595, 128.5146696629214, 254.98876404494382, 66.57303370786516, 115.96629213483146
129, 629.1613791985737, 129.1589292134832, 254.97752808988764, 67.89887640449439, 114.82022471910112
130, 628.8949596855881, 129.5545516853933, 254.93258426966293, 68.52808988764045, 115.1685393258427
131, 628.6285401726024, 130.40982022471903, 254.9438202247191, 69.96629213483146, 115.23595505617978
132, 628.3621206596167, 130.81414044943818, 255.0, 70.68539325842697, 114.93258426966293
133, 628.095701146631, 131.601502247191, 254.97752808988764, 72.11235955056179, 114.5505617977528
134, 627.8292816336453, 131.90673595505623, 255.0, 72.71910112359551, 114.04494382022472
135, 627.5628621206596, 132.5912202247191, 254.98876404494382, 74.0, 113.48314606741573
136, 627.296442607674, 132.899895505618, 254.97752808988764, 74.57303370786516, 113.26966292134831
137, 627.0300230946882, 133.77497415730335, 254.97752808988764, 76.1685393258427, 112.73033707865169
138, 626.7636035817025, 134.02437865168537, 254.97752808988764, 76.67415730337079, 112.31460674157303
139, 626.4971840687168, 134.76421235955053, 254.95505617977528, 78.1685393258427, 111.1685393258427
140, 626.2307645557311, 135.34350786516856, 254.92134831460675, 79.15730337078652, 111.24719101123596
141, 625.9643450427454, 136.38622247191017, 254.96629213483146, 80.93258426966293, 111.13483146067416
142, 625.6979255297597, 136.71537865168548, 254.97752808988764, 81.56179775280899, 110.75280898876404
143, 625.431506016774, 137.3468752808988, 254.95505617977528, 82.78651685393258, 110.04494382022472
144, 625.1650865037883, 137.83687191011234, 254.98876404494382, 83.74157303370787, 109.33707865168539
145, 624.8986669908027, 138.65180786516856, 254.95505617977528, 85.17977528089888, 109.1685393258427
146, 624.6322474778169, 138.90911235955045, 254.9438202247191, 85.82022471910112, 108.15730337078652
147, 624.3658279648313, 139.7417438202247, 254.92134831460675, 87.34831460674157, 107.65168539325843
148, 624.0994084518455, 140.6168505617978, 254.97752808988764, 88.78651685393258, 107.7752808988764
149, 623.8329889388598, 141.87477078651685, 254.98876404494382, 90.85393258426966, 108.13483146067416
150, 623.5665694258741, 141.76124044943822, 254.8988764044944, 90.95505617977528, 106.85393258426966
151, 623.3001499128884, 142.50398988764042, 254.93258426966293, 92.23595505617978, 106.68539325842697
152, 623.0337303999028, 143.18312247191022, 254.95505617977528, 93.43820224719101, 106.3932584269663
153, 622.767310886917, 144.50717528089888, 254.98876404494382, 95.68539325842697, 106.34831460674157
154, 622.5008913739314, 145.164704494382, 254.97752808988764, 96.88764044943821, 105.95505617977528
155, 622.2344718609456, 146.19679438202246, 254.97752808988764, 98.75280898876404, 105.40449438202248
156, 621.96805234796, 146.55533146067413, 254.8876404494382, 99.57303370786516, 104.56179775280899
157, 621.7016328349742, 148.08310898876405, 254.97752808988764, 101.96629213483146, 105.40449438202248
158, 621.4352133219886, 148.44942134831447, 255.0, 102.7752808988764, 104.3932584269663
159, 621.1687938090029, 149.34250224719096, 254.97752808988764, 104.3932584269663, 103.95505617977528
160, 620.9023742960171, 150.20484157303363, 254.95505617977528, 106.01123595505618, 103.24719101123596
161, 620.6359547830315, 150.925815730337, 254.98876404494382, 107.29213483146067, 102.88764044943821
162, 620.3695352700457, 151.6362303370787, 255.0, 108.57303370786516, 102.49438202247191
163, 620.1031157570601, 152.33244719101123, 254.96629213483146, 109.80898876404494, 102.32584269662921
164, 619.8366962440743, 152.8536370786518, 254.97752808988764, 110.80898876404494, 101.71910112359551
165, 619.5702767310887, 153.069686516854, 254.93258426966293, 111.34831460674157, 100.95505617977528
166, 619.303857218103, 153.91708426966292, 255.0, 112.84269662921348, 100.51685393258427
167, 619.0374377051173, 154.4914146067416, 254.95505617977528, 113.88764044943821, 100.29213483146067
168, 618.7710181921316, 154.7356258426966, 254.97752808988764, 114.37078651685393, 99.88764044943821
169, 618.5045986791458, 155.36310786516867, 254.98876404494382, 115.59550561797752, 99.0561797752809
170, 618.2381791661602, 155.49152471910116, 254.97752808988764, 115.88764044943821, 98.70786516853933
171, 617.9717596531744, 156.28292022471905, 254.95505617977528, 117.32584269662921, 98.30337078651685
172, 617.7053401401888, 156.6133707865168, 254.9438202247191, 117.89887640449439, 98.28089887640449
173, 617.4389206272031, 157.6777258426967, 254.98876404494382, 119.74157303370787, 98.01123595505618
174, 617.1725011142174, 157.6655966292135, 254.93258426966293, 119.86516853932584, 97.41573033707866
175, 616.9060816012317, 158.98935617977523, 254.97752808988764, 122.12359550561797, 97.28089887640449
176, 616.639662088246, 159.66971348314593, 255.0, 123.24719101123596, 97.40449438202248
177, 616.3732425752603, 160.06528089887627, 254.9438202247191, 124.14606741573034, 96.3932584269663
178, 616.1068230622747, 160.72153820224713, 254.95505617977528, 125.17977528089888, 96.79775280898876
179, 615.8404035492889, 161.6737831460674, 254.97752808988764, 126.7752808988764, 96.87640449438203
180, 615.5739840363033, 162.4792640449438, 255.0, 128.1011235955056, 97.0561797752809
181, 615.3075645233175, 163.00969887640454, 254.92134831460675, 129.19101123595505, 96.30337078651685
182, 615.0411450103318, 163.3794483146068, 254.95505617977528, 129.85393258426967, 96.04494382022472
183, 614.7747254973461, 164.26196067415745, 255.0, 131.24719101123594, 96.49438202247191
184, 614.5083059843604, 164.4924910112361, 254.97752808988764, 131.64044943820224, 96.5505617977528
185, 614.2418864713748, 165.53565730337078, 255.0, 133.46067415730337, 96.26966292134831
186, 613.975466958389, 165.54957977528085, 254.98876404494382, 133.57303370786516, 95.84269662921348
187, 613.7090474454034, 166.77710786516857, 254.98876404494382, 135.7078651685393, 95.61797752808988
188, 613.4426279324176, 167.0131303370786, 254.98876404494382, 136.17977528089887, 95.25842696629213
189, 613.176208419432, 167.9878820224719, 255.0, 137.86516853932585, 95.10112359550561
190, 612.9097889064462, 168.21743483146068, 254.97752808988764, 138.42696629213484, 94.28089887640449
191, 612.6433693934605, 168.93592134831454, 254.9438202247191, 139.8426966292135, 93.38202247191012
192, 612.3769498804749, 169.35447078651677, 254.95505617977528, 140.6067415730337, 93.08988764044943
193, 612.1105303674891, 169.84841685393255, 254.93258426966293, 141.65168539325842, 92.10112359550561
194, 611.8441108545035, 170.27920224719097, 254.9438202247191, 142.38202247191012, 92.08988764044943
195, 611.5776913415177, 170.83151573033703, 254.95505617977528, 143.40449438202248, 91.64044943820225
196, 611.3112718285321, 170.73110674157306, 254.8876404494382, 143.5056179775281, 90.41573033707866
197, 611.0448523155463, 171.6790067415729, 254.98876404494382, 145.04494382022472, 90.53932584269663
198, 610.7784328025607, 171.78864831460666, 254.97752808988764, 145.43820224719101, 89.50561797752809
199, 610.512013289575, 172.17889662921345, 254.96629213483146, 146.2134831460674, 88.96629213483146
200, 610.2455937765892, 172.67646629213476, 255.0, 147.01123595505618, 89.13483146067416
201, 609.9791742636036, 173.1527359550562, 255.0, 147.97752808988764, 88.33707865168539
202, 609.7127547506178, 173.65224719101124, 254.9438202247191, 148.8876404494382, 88.17977528089888
203, 609.4463352376322, 174.4656146067416, 254.97752808988764, 150.40449438202248, 87.41573033707866
204, 609.1799157246464, 174.78345730337082, 254.97752808988764, 151.1685393258427, 86.26966292134831
205, 608.9134962116608, 175.412368539326, 254.96629213483146, 152.26966292134833, 86.14606741573034
206, 608.647076698675, 176.3015831460675, 254.95505617977528, 153.76404494382024, 86.28089887640449
207, 608.3806571856894, 177.08913595505615, 254.93258426966293, 155.20224719101122, 85.84269662921348
208, 608.1142376727037, 177.3023258426966, 254.9438202247191, 155.64044943820224, 85.42696629213484
209, 607.847818159718, 178.49000112359553, 254.93258426966293, 157.6629213483146, 85.46067415730337
210, 607.5813986467323, 178.62586179775283, 254.97752808988764, 157.93258426966293, 85.14606741573034
211, 607.3149791337466, 179.31726741573033, 254.96629213483146, 159.1685393258427, 84.87640449438203
212, 607.0485596207609, 179.4596202247191, 254.92134831460675, 159.51685393258427, 84.4494382022472
213, 606.7821401077751, 180.47605505617975, 254.95505617977528, 161.22471910112358, 84.48314606741573
214, 606.5157205947895, 181.14453483146065, 254.98876404494382, 162.2808988764045, 84.82022471910112
215, 606.2493010818038, 181.8576460674158, 255.0, 163.4943820224719, 84.79775280898876
216, 605.9828815688181, 181.93496179775286, 254.98876404494382, 163.7191011235955, 84.34831460674157
217, 605.7164620558324, 183.15555842696617, 254.97752808988764, 165.7191011235955, 84.78651685393258
218, 605.4500425428467, 183.2180573033707, 254.93258426966293, 165.96629213483146, 84.17977528089888
219, 605.183623029861, 183.8453999999999, 254.98876404494382, 167.14606741573033, 83.46067415730337
220, 604.9172035168754, 184.31835730337062, 254.96629213483146, 168.01123595505618, 83.21348314606742
221, 604.6507840038896, 185.0159629213483, 254.97752808988764, 169.2921348314607, 82.70786516853933
222, 604.3843644909039, 185.08014382022458, 254.96629213483146, 169.57303370786516, 81.85393258426966
223, 604.1179449779182, 185.62941123595505, 254.98876404494382, 170.59550561797752, 81.34831460674157
224, 603.8515254649325, 186.07264719101124, 254.98876404494382, 171.42696629213484, 80.95505617977528
225, 603.5851059519468, 186.68452921348322, 254.93258426966293, 172.61797752808988, 80.33707865168539
226, 603.3186864389611, 187.0233089887641, 255.0, 173.20224719101122, 80.12359550561797
227, 603.0522669259755, 187.51211235955057, 254.9438202247191, 174.23595505617976, 79.23595505617978
228, 602.7858474129897, 187.53440561797768, 254.93258426966293, 174.53932584269663, 77.89887640449439
229, 602.5194279000041, 188.40082022471904, 254.9438202247191, 175.95505617977528, 78.17977528089888
230, 602.2530083870183, 188.81804269662928, 254.96629213483146, 176.82022471910113, 77.32584269662921
231, 601.9865888740327, 189.11751460674162, 254.96629213483146, 177.48314606741573, 76.53932584269663
232, 601.7201693610469, 189.58205168539328, 254.98876404494382, 178.4943820224719, 75.34831460674157
233, 601.4537498480612, 190.80559213483147, 254.97752808988764, 180.51685393258427, 75.69662921348315
234, 601.1873303350756, 190.83783033707851, 254.95505617977528, 181.0, 73.5505617977528
235, 600.9209108220898, 191.8184134831461, 254.96629213483146, 182.65168539325842, 73.61797752808988
236, 600.6544913091042, 192.04446853932586, 254.97752808988764, 183.1685393258427, 72.91011235955057
237, 600.3880717961184, 193.09312134831447, 254.96629213483146, 185.0, 72.70786516853933
238, 600.1216522831328, 193.41590561797744, 254.98876404494382, 185.58426966292134, 72.47191011235955
239, 599.855232770147, 194.02465842696628, 254.98876404494382, 186.80898876404495, 71.50561797752809
240, 599.5888132571614, 194.19100898876405, 254.96629213483146, 187.26966292134833, 70.65168539325843
241, 599.3223937441757, 194.80360449438209, 254.96629213483146, 188.4943820224719, 69.71910112359551
242, 599.05597423119, 195.02100000000016, 254.9438202247191, 188.9438202247191, 69.37078651685393
243, 598.7895547182043, 195.24451685393265, 254.9438202247191, 189.58426966292134, 68.03370786516854
244, 598.5231352052185, 195.71017977528095, 254.9438202247191, 190.30337078651687, 68.41573033707866
245, 598.2567156922329, 196.38084382022478, 254.93258426966293, 191.4494382022472, 68.42696629213484
246, 597.9902961792471, 196.73104382022484, 254.95505617977528, 191.98876404494382, 68.66292134831461
247, 597.7238766662615, 197.25698426966295, 254.98876404494382, 192.79775280898878, 69.02247191011236
248, 597.4574571532758, 197.6422202247193, 254.98876404494382, 193.38202247191012, 69.3932584269663
249, 597.1910376402901, 198.2670415730337, 254.97752808988764, 194.3932584269663, 69.69662921348315
250, 596.9246181273044, 198.44333595505623, 254.95505617977528, 194.68539325842696, 69.79775280898876
251, 596.6581986143187, 199.2894471910113, 254.96629213483146, 196.1123595505618, 69.84269662921348
252, 596.391779101333, 199.8008269662921, 254.98876404494382, 196.86516853932585, 70.3932584269663
253, 596.1253595883472, 200.6250224719101, 254.9438202247191, 198.2921348314607, 70.3932584269663
254, 595.8589400753616, 200.55528089887633, 254.9438202247191, 198.25842696629215, 69.95505617977528
255, 595.5925205623759, 201.48057528089882, 254.92134831460675, 199.8876404494382, 69.74157303370787
256, 595.3261010493902, 201.98061797752814, 254.9438202247191, 200.65168539325842, 70.13483146067416
257, 595.0596815364045, 202.7269539325842, 254.95505617977528, 202.01123595505618, 69.65168539325843
258, 594.7932620234188, 202.7002269662922, 254.92134831460675, 202.01123595505618, 69.50561797752809
259, 594.5268425104331, 203.27265280898868, 254.93258426966293, 203.01123595505618, 69.34831460674157
260, 594.2604229974474, 203.43060000000003, 254.8988764044944, 203.32584269662922, 69.20224719101124
261, 593.9940034844617, 204.06268426966292, 254.95505617977528, 204.48314606741573, 68.64044943820225
262, 593.7275839714761, 204.32258314606744, 254.95505617977528, 205.07865168539325, 67.85393258426966
263, 593.4611644584903, 204.58052584269663, 254.96629213483146, 205.6629213483146, 67.07865168539325
264, 593.1947449455047, 204.7081191011236, 254.98876404494382, 206.06741573033707, 66.0561797752809
265, 592.9283254325189, 205.11422247191015, 254.96629213483146, 206.8426966292135, 65.68539325842697
266, 592.6619059195332, 205.17157078651678, 254.96629213483146, 207.20224719101122, 64.33707865168539
267, 592.3954864065475, 205.815602247191, 254.98876404494382, 208.4494382022472, 63.50561797752809
268, 592.1290668935618, 205.98157078651687, 254.96629213483146, 208.8876404494382, 62.764044943820224
269, 591.8626473805762, 206.68294943820226, 255.0, 210.14606741573033, 62.348314606741575
270, 591.5962278675904, 206.54838988764038, 254.97752808988764, 210.23595505617976, 60.764044943820224
271, 591.3298083546048, 207.37194719101134, 254.91011235955057, 211.7191011235955, 60.52808988764045
272, 591.063388841619, 207.60444044943833, 254.92134831460675, 212.53932584269663, 58.31460674157304
273, 590.7969693286334, 208.1138224719102, 254.92134831460675, 213.4943820224719, 57.86516853932584
274, 590.5305498156476, 208.62328426966286, 254.91011235955057, 214.65168539325842, 56.40449438202247
275, 590.2641303026619, 209.12496292134824, 254.97752808988764, 215.5505617977528, 56.0
276, 589.9977107896763, 209.10497303370784, 254.98876404494382, 215.91011235955057, 53.943820224719104
277, 589.7312912766905, 209.88844044943818, 254.92134831460675, 217.37078651685394, 53.47191011235955
278, 589.4648717637049, 209.8997842696629, 254.96629213483146, 217.77528089887642, 51.37078651685393
279, 589.1984522507191, 210.1756595505617, 254.97752808988764, 218.35955056179776, 50.752808988764045
280, 588.9320327377335, 210.3617505617977, 254.96629213483146, 218.95505617977528, 49.348314606741575
281, 588.6656132247477, 211.0799393258427, 254.98876404494382, 220.26966292134833, 48.82022471910113
282, 588.3991937117621, 210.98414269662922, 254.97752808988764, 220.48314606741573, 46.91011235955056
283, 588.1327741987764, 211.47949101123595, 254.97752808988764, 221.51685393258427, 45.93258426966292
284, 587.8663546857906, 211.36573820224726, 254.97752808988764, 221.6067415730337, 44.47191011235955
285, 587.599935172805, 211.98282808988762, 254.97752808988764, 222.7191011235955, 44.157303370786515
286, 587.3335156598193, 212.10782696629218, 254.98876404494382, 223.1685393258427, 42.91011235955056
287, 587.0670961468336, 212.62095393258434, 254.95505617977528, 224.25842696629215, 41.8876404494382
288, 586.8006766338478, 213.0600078651685, 254.97752808988764, 225.20224719101122, 40.82022471910113
289, 586.5342571208622, 213.5150191011235, 254.97752808988764, 226.12359550561797, 40.06741573033708
290, 586.2678376078765, 213.5954044943819, 254.9438202247191, 226.47191011235955, 39.06741573033708
291, 586.0014180948908, 214.01966966292127, 254.98876404494382, 227.2808988764045, 38.50561797752809
292, 585.7349985819051, 213.93173932584267, 254.96629213483146, 227.32584269662922, 37.561797752808985
293, 585.4685790689194, 214.85405280898868, 254.97752808988764, 228.86516853932585, 37.69662921348315
294, 585.2021595559337, 214.75227528089883, 255.0, 228.8876404494382, 36.62921348314607
295, 584.935740042948, 214.88745955056186, 254.95505617977528, 229.19101123595505, 36.37078651685393
296, 584.6693205299623, 214.65467078651685, 254.97752808988764, 228.96629213483146, 35.42696629213483
297, 584.4029010169766, 215.10761235955056, 254.8876404494382, 229.76404494382024, 35.52808988764045
298, 584.1364815039909, 215.2372269662922, 254.92134831460675, 230.08988764044943, 34.89887640449438
299, 583.8700619910052, 215.6202191011236, 255.0, 230.74157303370785, 34.69662921348315
300, 583.6036424780195, 215.34477752808988, 254.92134831460675, 230.53932584269663, 33.52808988764045
301, 583.3372229650338, 215.8114146067416, 254.95505617977528, 231.32584269662922, 33.48314606741573
302, 583.0708034520482, 215.90389662921353, 254.96629213483146, 231.59550561797752, 32.87640449438202
303, 582.8043839390624, 216.1722719101125, 254.92134831460675, 232.12359550561797, 32.62921348314607
304, 582.5379644260768, 216.13798651685406, 254.96629213483146, 232.17977528089887, 31.921348314606742
305, 582.271544913091, 216.35650449438205, 254.95505617977528, 232.57303370786516, 31.84269662921348
306, 582.0051254001053, 216.4048067415731, 254.96629213483146, 232.73033707865167, 31.426966292134832
307, 581.7387058871196, 216.38947303370793, 254.93258426966293, 232.79775280898878, 31.03370786516854
308, 581.4722863741339, 216.09431011235955, 254.87640449438203, 232.47191011235955, 30.269662921348313
309, 581.2058668611483, 216.52945617977525, 254.98876404494382, 233.1123595505618, 30.49438202247191
310, 580.9394473481625, 216.4951325842697, 254.96629213483146, 233.14606741573033, 30.078651685393258
311, 580.6730278351769, 216.18271235955055, 254.8988764044944, 232.8314606741573, 29.134831460674157
312, 580.4066083221911, 216.55616516853928, 254.97752808988764, 233.4494382022472, 29.02247191011236
313, 580.1401888092055, 216.2613516853932, 254.91011235955057, 233.19101123595505, 27.9438202247191
314, 579.8737692962197, 216.40566179775283, 254.95505617977528, 233.5056179775281, 27.471910112359552
315, 579.6073497832341, 216.40866629213482, 254.91011235955057, 233.7191011235955, 26.51685393258427
316, 579.3409302702484, 216.28896966292143, 254.91011235955057, 233.68539325842696, 25.640449438202246
317, 579.0745107572627, 216.35160898876396, 254.92134831460675, 233.93258426966293, 24.8876404494382
318, 578.808091244277, 216.0293617977528, 254.92134831460675, 233.6629213483146, 23.44943820224719
319, 578.5416717312912, 216.26187752808985, 254.93258426966293, 234.25842696629215, 22.39325842696629
320, 578.2752522183056, 215.92574943820236, 254.86516853932585, 234.0561797752809, 20.662921348314608
321, 578.0088327053198, 216.10981011235958, 254.93258426966293, 234.5056179775281, 19.786516853932586
322, 577.7424131923342, 215.70741460674148, 254.8426966292135, 234.19101123595505, 18.1123595505618
323, 577.4759936793484, 215.93176966292125, 254.8876404494382, 234.61797752808988, 17.764044943820224
324, 577.2095741663628, 215.54130337078658, 254.8314606741573, 234.3370786516854, 15.932584269662922
325, 576.9431546533771, 215.54774269662926, 254.93258426966293, 234.59550561797752, 14.393258426966293
326, 576.6767351403914, 215.14834269662921, 254.8876404494382, 234.26966292134833, 12.685393258426966
327, 576.4103156274057, 215.3488966292134, 254.96629213483146, 234.6629213483146, 12.213483146067416
328, 576.1438961144199, 215.17619775280892, 254.87640449438203, 234.67415730337078, 10.876404494382022
329, 575.8774766014343, 215.3956764044944, 254.92134831460675, 235.19101123595505, 10.02247191011236
330, 575.6110570884485, 214.87250898876403, 254.91011235955057, 234.75280898876406, 7.719101123595506
331, 575.3446375754629, 215.13389325842687, 254.8876404494382, 235.30337078651687, 7.235955056179775
332, 575.0782180624772, 214.26059438202256, 254.73033707865167, 234.3932584269663, 4.674157303370786
333, 574.8117985494915, 214.01089550561804, 254.97752808988764, 234.04494382022472, 3.6292134831460676
334, 574.5453790365058, 214.16857303370796, 254.9438202247191, 234.4943820224719, 2.7865168539325844
335, 574.2789595235201, 214.4271674157304, 254.95505617977528, 234.96629213483146, 2.595505617977528
336, 574.0125400105344, 214.43246292134828, 254.02247191011236, 235.5505617977528, 2.0786516853932584
337, 573.7461204975486, 214.7089764044944, 252.82022471910113, 236.56179775280899, 2.449438202247191
338, 573.479700984563, 213.4198269662922, 249.48314606741573, 236.2808988764045, 1.3370786516853932
339, 573.2132814715774, 213.21978202247195, 247.34831460674158, 237.03370786516854, 1.303370786516854
340, 572.9468619585916, 211.55595617977534, 242.79775280898878, 236.65168539325842, 0.6067415730337079
341, 572.6804424456059, 211.15537303370775, 238.62921348314606, 237.93258426966293, 1.4269662921348314
342, 572.4140229326202, 210.01492921348333, 234.41573033707866, 238.22471910112358, 0.9662921348314607
343, 572.1476034196345, 210.21908089887646, 233.46067415730337, 238.92134831460675, 1.6741573033707866
344, 571.8811839066489, 209.76940674157305, 230.31460674157304, 239.8314606741573, 1.2921348314606742
345, 571.6147643936631, 209.04247528089894, 227.26966292134833, 240.13483146067415, 1.3370786516853932
346, 571.3483448806775, 208.30027528089897, 223.76404494382024, 240.7078651685393, 1.0674157303370786
347, 571.0819253676917, 208.3238471910112, 221.97752808988764, 241.48314606741573, 1.9662921348314606
348, 570.8155058547061, 206.7627348314606, 218.1573033707865, 240.93258426966293, 1.1235955056179776
349, 570.5490863417203, 206.0721617977528, 216.35955056179776, 240.58426966292134, 1.5730337078651686
350, 570.2826668287346, 204.97927977528087, 213.04494382022472, 240.52808988764045, 0.9662921348314607
351, 570.016247315749, 204.3514820224718, 211.80898876404495, 240.02247191011236, 1.303370786516854
352, 569.7498278027632, 204.21557078651676, 209.23595505617976, 241.1011235955056, 1.303370786516854
353, 569.4834082897776, 204.65684719101122, 208.6067415730337, 241.95505617977528, 2.4269662921348316
354, 569.2169887767918, 203.59024719101126, 205.5056179775281, 241.87640449438203, 1.6067415730337078
355, 568.9505692638062, 203.5304269662922, 204.7191011235955, 242.08988764044943, 2.044943820224719
356, 568.6841497508204, 202.55517640449438, 202.0561797752809, 241.86516853932585, 1.6292134831460674
357, 568.4177302378348, 200.66617865168527, 199.4494382022472, 240.02247191011236, 1.3820224719101124
358, 568.151310724849, 199.51514382022472, 196.20224719101122, 239.73033707865167, 1.303370786516854
359, 567.8848912118633, 197.7819752808989, 193.73033707865167, 237.97752808988764, 1.6067415730337078
360, 567.6184716988777, 196.13489325842693, 189.4943820224719, 237.4943820224719, 0.7528089887640449
361, 567.3520521858919, 194.5194191011235, 186.59550561797752, 236.1573033707865, 1.0674157303370786
362, 567.0856326729063, 193.51287640449448, 183.03370786516854, 236.25842696629215, 1.0561797752808988
363, 566.8192131599205, 192.49917415730334, 181.17977528089887, 235.37078651685394, 1.595505617977528
364, 566.5527936469349, 191.15820674157305, 177.93258426966293, 234.8314606741573, 1.1235955056179776
365, 566.2863741339492, 190.25792584269666, 176.35955056179776, 233.9438202247191, 1.9213483146067416
366, 566.0199546209635, 188.2814741573034, 172.56179775280899, 232.75280898876406, 0.6741573033707865
367, 565.7535351079778, 187.5310730337079, 170.95505617977528, 232.1573033707865, 1.3707865168539326
368, 565.4871155949921, 186.29978651685383, 167.52808988764045, 231.8876404494382, 0.9438202247191011
369, 565.2206960820064, 185.46927977528085, 165.51685393258427, 231.2808988764045, 2.056179775280899
370, 564.9542765690207, 184.23372022471904, 162.34831460674158, 230.8876404494382, 1.550561797752809
371, 564.687857056035, 182.16783033707867, 159.22471910112358, 228.93258426966293, 1.6853932584269662
372, 564.4214375430493, 179.62197640449435, 154.61797752808988, 227.1573033707865, 0.5730337078651685
373, 564.1550180300636, 177.8117966292134, 151.02247191011236, 225.7865168539326, 1.1797752808988764
374, 563.8885985170779, 176.2136528089888, 147.51685393258427, 224.91011235955057, 0.8651685393258427
375, 563.6221790040922, 174.65783258426976, 144.7078651685393, 223.61797752808988, 1.2359550561797752
376, 563.3557594911065, 172.82623707865176, 141.1123595505618, 222.4943820224719, 0.38202247191011235
377, 563.0893399781208, 172.156208988764, 139.25842696629215, 222.1573033707865, 1.101123595505618
378, 562.8229204651351, 171.13328314606736, 136.8314606741573, 221.68539325842696, 0.9213483146067416
379, 562.5565009521495, 170.44033483146075, 135.07865168539325, 221.23595505617976, 1.752808988764045
380, 562.2900814391637, 169.4937382022473, 133.17977528089887, 220.64044943820224, 1.4943820224719102
381, 562.023661926178, 168.3827438202247, 130.98876404494382, 219.73033707865167, 2.1797752808988764
382, 561.7572424131923, 166.33398426966295, 127.68539325842697, 218.1011235955056, 1.2584269662921348
383, 561.4908229002066, 163.79188539325844, 124.51685393258427, 215.37078651685394, 1.3258426966292134
384, 561.224403387221, 161.71711123595506, 120.34831460674157, 214.01123595505618, 1.0561797752808988
385, 560.9579838742352, 159.95089550561804, 117.89887640449439, 212.17977528089887, 1.4157303370786516
386, 560.6915643612496, 159.48107191011235, 116.13483146067416, 212.1685393258427, 1.9775280898876404
387, 560.4251448482638, 159.21812471910116, 114.70786516853933, 212.14606741573033, 3.5280898876404496
388, 560.1587253352782, 158.33799775280892, 112.6067415730337, 211.7078651685393, 3.5730337078651684
389, 559.8923058222924, 157.66817191011233, 111.42696629213484, 210.8314606741573, 5.303370786516854
390, 559.6258863093067, 156.73493033707865, 109.68539325842697, 209.98876404494382, 6.022471910112359
391, 559.359466796321, 155.77456067415721, 107.87640449438203, 209.1123595505618, 6.853932584269663
392, 559.0930472833353, 155.0344213483146, 106.34831460674157, 208.41573033707866, 7.955056179775281
393, 558.8266277703497, 154.3416123595506, 104.66292134831461, 207.61797752808988, 10.404494382022472
394, 558.5602082573639, 153.2714505617977, 102.68539325842697, 206.56179775280899, 11.640449438202246
395, 558.2937887443783, 151.8758348314607, 100.19101123595506, 205.1685393258427, 13.112359550561798
396, 558.0273692313925, 150.27728651685388, 97.69662921348315, 203.51685393258427, 14.134831460674157
397, 557.7609497184069, 150.51496741573033, 97.06741573033707, 203.69662921348313, 16.9438202247191
398, 557.4945302054211, 149.53540674157304, 95.25842696629213, 202.59550561797752, 18.764044943820224
399, 557.2281106924355, 148.75568988764056, 93.43820224719101, 201.61797752808988, 21.730337078651687
400, 556.9616911794498, 147.92446966292135, 91.82022471910112, 200.68539325842696, 23.48314606741573
401, 556.6952716664641, 147.1032606741572, 89.97752808988764, 199.69662921348313, 26.202247191011235
402, 556.4288521534784, 145.20217191011233, 87.49438202247191, 197.6067415730337, 26.797752808988765
403, 556.1624326404926, 145.28393033707866, 86.31460674157303, 197.8426966292135, 29.39325842696629
404, 555.896013127507, 144.05040898876408, 84.33707865168539, 196.59550561797752, 30.179775280898877
405, 555.6295936145212, 143.49862022471908, 83.01123595505618, 195.8876404494382, 32.46067415730337
406, 555.3631741015356, 142.791406741573, 81.43820224719101, 195.2808988764045, 33.50561797752809
407, 555.0967545885499, 141.9865404494382, 80.21348314606742, 194.25842696629215, 34.92134831460674
408, 554.8303350755642, 140.93270000000004, 79.06741573033707, 192.95505617977528, 35.39325842696629
409, 554.5639155625785, 140.885111235955, 78.43820224719101, 192.62921348314606, 38.30337078651685
410, 554.2974960495928, 140.0880606741573, 77.59550561797752, 191.52808988764045, 39.19101123595506
411, 554.0310765366071, 138.96132696629212, 75.8314606741573, 190.24719101123594, 40.52808988764045
412, 553.7646570236213, 138.7603, 75.53932584269663, 189.8876404494382, 41.38202247191011
413, 553.4982375106357, 139.02104943820225, 75.12359550561797, 190.1573033707865, 43.37078651685393
414, 553.23181799765, 138.1003224719101, 74.07865168539325, 189.17977528089887, 43.06741573033708
415, 552.9653984846643, 137.85168876404498, 73.11235955056179, 188.8314606741573, 45.21348314606742
416, 552.6989789716786, 137.379093258427, 72.5505617977528, 188.31460674157304, 45.20224719101124
417, 552.4325594586929, 135.97741011235954, 70.61797752808988, 186.7078651685393, 46.247191011235955
418, 552.1661399457072, 134.84002247191015, 69.43820224719101, 185.52808988764045, 45.438202247191015
419, 551.8997204327216, 134.26418314606735, 68.28089887640449, 184.8876404494382, 46.71910112359551
420, 551.6333009197358, 133.4855640449438, 67.3932584269663, 184.07865168539325, 46.38202247191011
421, 551.36688140675, 133.80666067415734, 66.98876404494382, 184.46067415730337, 48.29213483146067
422, 551.1004618937644, 132.9883146067416, 66.06741573033707, 183.64044943820224, 47.752808988764045
423, 550.8340423807788, 133.28679662921346, 65.96629213483146, 183.98876404494382, 48.842696629213485
424, 550.567622867793, 132.96633370786523, 65.65168539325843, 183.62921348314606, 48.70786516853933
425, 550.3012033548073, 132.30681797752814, 64.62921348314607, 182.85393258426967, 49.59550561797753
426, 550.0347838418216, 132.26819438202241, 64.57303370786516, 182.77528089887642, 49.80898876404494
427, 549.7683643288359, 132.32273595505615, 63.651685393258425, 183.04494382022472, 51.31460674157304
428, 549.5019448158503, 131.57069101123588, 62.86516853932584, 182.24719101123594, 50.8876404494382
429, 549.2355253028645, 131.83504382022466, 62.258426966292134, 182.69662921348313, 52.48314606741573
430, 548.9691057898789, 131.46848089887638, 61.82022471910113, 182.32584269662922, 52.325842696629216
431, 548.7026862768931, 130.57663483146067, 60.168539325842694, 181.58426966292134, 52.651685393258425
432, 548.4362667639075, 129.83999775280896, 59.348314606741575, 180.85393258426967, 52.10112359550562
433, 548.1698472509217, 130.96392808988767, 59.70786516853933, 182.1011235955056, 54.59550561797753
434, 547.903427737936, 131.003826966292, 59.70786516853933, 182.1123595505618, 54.8876404494382
435, 547.6370082249504, 129.86622696629206, 58.29213483146067, 181.0, 54.348314606741575
436, 547.3705887119646, 129.62732921348314, 57.71910112359551, 180.86516853932585, 54.449438202247194
437, 547.104169198979, 130.1801820224719, 57.39325842696629, 181.51685393258427, 56.79775280898876
438, 546.8377496859932, 130.29584606741577, 57.04494382022472, 181.7865168539326, 57.337078651685395
439, 546.5713301730076, 130.3685898876405, 56.01123595505618, 182.31460674157304, 57.96629213483146
440, 546.3049106600218, 128.95875730337082, 53.662921348314605, 181.35955056179776, 56.674157303370784
441, 546.0384911470362, 128.2727033707865, 51.95505617977528, 180.97752808988764, 57.10112359550562
442, 545.7720716340505, 127.91458089887638, 50.70786516853933, 181.01123595505618, 57.056179775280896
443, 545.5056521210647, 128.3334685393258, 50.258426966292134, 181.6067415730337, 58.842696629213485
444, 545.2392326080791, 129.0048528089888, 50.57303370786517, 182.41573033707866, 59.741573033707866
445, 544.9728130950933, 128.9464404494382, 49.52808988764045, 182.58426966292134, 61.10112359550562
446, 544.7063935821077, 127.8526741573034, 47.97752808988764, 181.67415730337078, 60.258426966292134
447, 544.439974069122, 127.01564831460676, 46.10112359550562, 181.1011235955056, 60.78651685393258
448, 544.1735545561363, 127.60341460674152, 45.51685393258427, 182.24719101123594, 61.57303370786517
449, 543.9071350431506, 128.90628988764038, 46.31460674157304, 183.52808988764045, 64.31460674157303
450, 543.6407155301649, 128.37848202247193, 44.168539325842694, 183.80898876404495, 63.86516853932584
451, 543.3742960171792, 127.82716292134832, 42.640449438202246, 183.59550561797752, 64.13483146067416
452, 543.1078765041935, 126.91167528089886, 40.662921348314605, 183.12359550561797, 63.71910112359551
453, 542.8414569912078, 127.2226573033708, 40.056179775280896, 183.52808988764045, 65.95505617977528
454, 542.5750374782222, 127.72630786516855, 39.50561797752809, 184.48314606741573, 66.89887640449439
455, 542.3086179652364, 127.41280337078653, 38.37078651685393, 184.3370786516854, 67.87640449438203
456, 542.0421984522507, 127.3530483146067, 36.70786516853933, 185.04494382022472, 68.06741573033707
457, 541.775778939265, 128.55691460674151, 36.92134831460674, 186.40449438202248, 71.06741573033707
458, 541.5093594262793, 128.5175483146067, 34.96629213483146, 187.26966292134833, 71.3932584269663
459, 541.2429399132936, 128.27475617977532, 34.01123595505618, 187.06741573033707, 72.80898876404494
460, 540.9765204003079, 128.63979325842698, 32.51685393258427, 188.32584269662922, 73.4494382022472
461, 540.7101008873223, 127.802702247191, 31.06741573033708, 187.5505617977528, 73.89887640449439
462, 540.4436813743365, 127.299626966292, 28.44943820224719, 188.08988764044943, 73.57303370786516
463, 540.1772618613509, 128.5447820224718, 28.808988764044944, 189.46067415730337, 76.49438202247191
464, 539.9108423483651, 129.26505280898874, 27.224719101123597, 191.26966292134833, 77.65168539325843
465, 539.6444228353794, 128.6381584269663, 25.15730337078652, 191.04494382022472, 78.73033707865169
466, 539.3780033223937, 127.64010898876404, 22.168539325842698, 190.98876404494382, 78.10112359550561
467, 539.111583809408, 127.833802247191, 21.528089887640448, 191.41573033707866, 79.28089887640449
468, 538.8451642964224, 127.66058314606744, 19.1123595505618, 192.2808988764045, 79.64044943820225
469, 538.5787447834366, 127.7897359550562, 17.134831460674157, 193.0561797752809, 81.96629213483146
470, 538.312325270451, 127.33259999999993, 14.44943820224719, 193.64044943820224, 81.98876404494382
471, 538.0459057574652, 126.84894044943817, 12.955056179775282, 193.34831460674158, 83.1685393258427
472, 537.7794862444796, 126.32943258426965, 9.9438202247191, 194.03370786516854, 82.97752808988764
473, 537.5130667314938, 125.49482134831459, 7.404494382022472, 193.73033707865167, 83.87640449438203
474, 537.2466472185081, 124.91169775280903, 4.48314606741573, 194.2921348314607, 83.52808988764045
475, 536.9802277055225, 125.47488202247185, 3.764044943820225, 195.1573033707865, 85.89887640449439
476, 536.7138081925368, 125.61701235955054, 2.5730337078651684, 195.97752808988764, 86.04494382022472
477, 536.4473886795511, 126.32728202247193, 2.235955056179775, 197.04494382022472, 87.66292134831461
478, 536.1809691665653, 126.73193932584273, 2.067415730337079, 197.74157303370785, 88.06741573033707
479, 535.9145496535797, 127.20513483146061, 1.797752808988764, 198.37078651685394, 89.68539325842697
480, 535.6481301405939, 127.1061640449438, 1.2808988764044944, 198.47191011235955, 89.65168539325843
481, 535.3817106276083, 128.09216067415724, 1.5393258426966292, 199.56179775280899, 92.01123595505618
482, 535.1152911146226, 128.59124831460676, 1.5617977528089888, 200.26966292134833, 92.68539325842697
483, 534.8488716016368, 129.5590370786517, 1.7640449438202248, 201.42696629213484, 94.68539325842697
484, 534.5824520886512, 129.92245617977514, 1.8426966292134832, 201.8314606741573, 95.58426966292134
485, 534.3160325756655, 130.34383932584274, 1.7191011235955056, 202.26966292134833, 97.34831460674157
486, 534.0496130626798, 130.49145955056179, 1.696629213483146, 202.38202247191012, 98.12359550561797
487, 533.783193549694, 131.12483258426965, 1.3370786516853932, 203.31460674157304, 99.82022471910112
488, 533.5167740367084, 131.9940988764045, 1.9325842696629214, 204.26966292134833, 100.96629213483146
489, 533.2503545237226, 133.13159887640452, 2.438202247191011, 205.40449438202248, 103.7752808988764
490, 532.983935010737, 133.0657943820225, 2.168539325842697, 205.37078651685394, 104.07865168539325
491, 532.7175154977513, 133.308608988764, 1.550561797752809, 205.73033707865167, 105.97752808988764
492, 532.4510959847656, 133.6092280898876, 1.7640449438202248, 206.02247191011236, 106.5505617977528
493, 532.1846764717799, 134.20186292134838, 1.3707865168539326, 206.80898876404495, 108.73033707865169
494, 531.9182569587942, 134.42698764044948, 1.5842696629213484, 206.95505617977528, 109.3932584269663
495, 531.6518374458085, 135.22056966292135, 1.4943820224719102, 207.8988764044944, 111.73033707865169
496, 531.3854179328227, 135.0238101123596, 1.2247191011235956, 207.69662921348313, 111.75280898876404
497, 531.1189984198371, 135.8397797752809, 1.303370786516854, 208.65168539325842, 113.78651685393258
498, 530.8525789068515, 136.11543707865167, 1.4719101123595506, 208.9438202247191, 114.25842696629213
499, 530.5861593938657, 136.8149752808989, 1.595505617977528, 209.7191011235955, 116.07865168539325
500, 530.31973988088, 136.5986337078652, 1.303370786516854, 209.43820224719101, 116.3932584269663
501, 530.0533203678943, 137.41977752808987, 1.3258426966292134, 210.40449438202248, 118.56179775280899
502, 529.7869008549086, 137.7024775280899, 1.5168539325842696, 210.64044943820224, 119.32584269662921
503, 529.520481341923, 139.00548764044947, 2.651685393258427, 211.95505617977528, 121.01123595505618
504, 529.2540618289372, 138.3351202247191, 2.056179775280899, 211.24719101123594, 120.33707865168539
505, 528.9876423159515, 137.65600112359544, 1.1123595505617978, 210.57303370786516, 120.32584269662921
506, 528.7212228029658, 137.9571415730337, 1.2808988764044944, 210.93258426966293, 120.67415730337079
507, 528.4548032899802, 138.9856921348315, 1.9550561797752808, 211.8876404494382, 123.01123595505618
508, 528.1883837769944, 138.63234044943823, 1.651685393258427, 211.5056179775281, 122.67415730337079
509, 527.9219642640087, 139.54336292134826, 1.7640449438202248, 212.56179775280899, 124.93258426966293
510, 527.6555447510231, 139.61966853932586, 1.853932584269663, 212.6067415730337, 125.13483146067416
511, 527.3891252380373, 140.12582584269668, 1.853932584269663, 213.14606741573033, 126.79775280898876
512, 527.1227057250517, 140.1398629213483, 1.7078651685393258, 213.22471910112358, 126.89887640449439
513, 526.8562862120659, 140.09745842696623, 1.3707865168539326, 213.19101123595505, 127.58426966292134
514, 526.5898666990803, 139.81767977528094, 1.2921348314606742, 212.80898876404495, 127.30337078651685
515, 526.3234471860945, 140.1230898876405, 1.348314606741573, 213.13483146067415, 128.1573033707865
516, 526.0570276731089, 139.94201460674168, 1.202247191011236, 212.8876404494382, 128.22471910112358
517, 525.7906081601232, 140.65599999999992, 1.2359550561797752, 213.6067415730337, 130.69662921348313
518, 525.5241886471374, 141.00692359550555, 1.4382022471910112, 213.96629213483146, 131.3932584269663
519, 525.2577691341518, 141.17240224719097, 1.4831460674157304, 213.9438202247191, 132.8426966292135
520, 524.991349621166, 141.23092808988767, 1.5056179775280898, 213.97752808988764, 133.12359550561797
521, 524.7249301081804, 142.07891011235955, 1.5730337078651686, 214.75280898876406, 136.3932584269663
522, 524.4585105951946, 142.80485842696626, 2.0898876404494384, 215.51685393258427, 137.47191011235955
523, 524.192091082209, 143.50556853932588, 2.5168539325842696, 216.0, 140.01123595505618
524, 523.9256715692233, 142.9994797752809, 2.056179775280899, 215.42696629213484, 139.73033707865167
525, 523.6592520562376, 142.91629550561802, 1.3146067415730338, 215.35955056179776, 141.2921348314607
526, 523.3928325432519, 143.00412921348317, 1.404494382022472, 215.40449438202248, 141.59550561797752
527, 523.1264130302661, 143.13625730337088, 1.4719101123595506, 215.13483146067415, 143.96629213483146
528, 522.8599935172805, 142.9760404494383, 1.3932584269662922, 214.85393258426967, 144.2134831460674
529, 522.5935740042949, 143.39291348314606, 1.202247191011236, 215.1573033707865, 146.80898876404495
530, 522.3271544913091, 143.73030449438204, 1.6741573033707866, 215.40449438202248, 147.25842696629215
531, 522.0607349783234, 144.33312584269663, 2.1123595505617976, 215.80898876404495, 149.31460674157304
532, 521.7943154653377, 143.9081730337079, 1.752808988764045, 215.2921348314607, 149.19101123595505
533, 521.527895952352, 143.9540561797753, 1.348314606741573, 215.1573033707865, 151.34831460674158
534, 521.2614764393663, 143.98318651685395, 1.3932584269662922, 215.1011235955056, 151.77528089887642
535, 520.9950569263806, 144.32587640449435, 1.797752808988764, 215.1123595505618, 153.6629213483146
536, 520.7286374133948, 144.31886067415732, 1.7303370786516854, 215.0561797752809, 154.06741573033707
537, 520.4622179004092, 144.17456966292127, 1.3820224719101124, 214.65168539325842, 155.79775280898878
538, 520.1957983874236, 143.98267415730336, 1.2359550561797752, 214.37078651685394, 155.9438202247191
539, 519.9293788744378, 144.39087977528084, 1.5393258426966292, 214.43820224719101, 158.38202247191012
540, 519.6629593614521, 144.12889213483146, 1.303370786516854, 214.1011235955056, 158.43820224719101
541, 519.3965398484664, 144.67573707865165, 1.5056179775280898, 214.38202247191012, 161.25842696629215
542, 519.1301203354807, 144.60524606741572, 1.5842696629213484, 214.20224719101122, 161.35955056179776
543, 518.863700822495, 145.1975359550561, 2.056179775280899, 214.4494382022472, 164.04494382022472
544, 518.5972813095093, 144.47071011235957, 1.4382022471910112, 213.52808988764045, 164.03370786516854
545, 518.3308617965237, 144.81117415730336, 1.5168539325842696, 213.56179775280899, 166.64044943820224
546, 518.0644422835379, 144.40377303370786, 1.2584269662921348, 212.97752808988764, 166.75280898876406
547, 517.7980227705523, 145.13728764044944, 1.6179775280898876, 213.56179775280899, 169.23595505617976
548, 517.5316032575665, 144.98548202247196, 1.4719101123595506, 213.30337078651687, 169.61797752808988
549, 517.2651837445808, 144.8405426966292, 1.0898876404494382, 212.77528089887642, 172.06741573033707
550, 516.9987642315951, 144.68482584269657, 1.0674157303370786, 212.4494382022472, 172.43820224719101
551, 516.7323447186095, 146.02930112359547, 2.3820224719101124, 213.4943820224719, 175.40449438202248
552, 516.4659252056238, 145.3931359550562, 1.7865168539325842, 212.76404494382024, 175.14606741573033
553, 516.199505692638, 143.81383483146067, 1.0898876404494382, 210.24719101123594, 176.07865168539325
554, 515.9330861796524, 143.68392584269662, 0.9662921348314607, 209.97752808988764, 176.65168539325842
555, 515.6666666666666, 145.3672, 2.044943820224719, 211.51685393258427, 180.6629213483146
556, 515.400247153681, 145.33601460674163, 1.9887640449438202, 211.34831460674158, 181.40449438202248
557, 515.1338276406952, 145.5885696629214, 1.9438202247191012, 211.24719101123594, 184.25842696629215
558, 514.8674081277095, 145.2228516853933, 1.7078651685393258, 210.68539325842696, 184.56179775280899
559, 514.6009886147239, 144.92301797752805, 1.5056179775280898, 209.86516853932585, 186.68539325842696
560, 514.3345691017382, 144.32950561797753, 1.0112359550561798, 209.1123595505618, 186.65168539325842
561, 514.0681495887525, 144.3892033707865, 1.0, 208.75280898876406, 189.0561797752809
562, 513.8017300757667, 144.93750449438195, 1.3595505617977528, 209.2921348314607, 190.14606741573033
563, 513.5353105627811, 145.706111235955, 2.146067415730337, 209.7078651685393, 192.68539325842696
564, 513.2688910497953, 145.5705573033708, 2.067415730337079, 209.37078651685394, 193.43820224719101
565, 513.0024715368097, 145.33771348314602, 1.5168539325842696, 208.82022471910113, 195.67415730337078
566, 512.736052023824, 145.19347303370793, 1.449438202247191, 208.52808988764045, 196.08988764044943
567, 512.4696325108383, 145.30492808988757, 1.7303370786516854, 208.3370786516854, 197.31460674157304
568, 512.2032129978526, 145.18163707865165, 1.4943820224719102, 208.24719101123594, 197.31460674157304
569, 511.9367934848669, 144.93788089887636, 1.4157303370786516, 207.57303370786516, 198.85393258426967
570, 511.6703739718812, 144.8469460674157, 1.4382022471910112, 207.40449438202248, 198.86516853932585
571, 511.4039544588955, 144.73635842696626, 1.4719101123595506, 206.7865168539326, 200.98876404494382
572, 511.1375349459098, 144.24816966292124, 1.0, 206.25842696629215, 200.6629213483146
573, 510.87111543292406, 144.5943202247191, 1.404494382022472, 206.24719101123594, 202.69662921348313
574, 510.6046959199384, 144.08426966292132, 1.1235955056179776, 205.59550561797752, 202.31460674157304
575, 510.3382764069527, 144.60362696629215, 1.595505617977528, 205.69662921348313, 205.1123595505618
576, 510.07185689396704, 144.07607528089895, 1.1573033707865168, 205.12359550561797, 204.58426966292134
577, 509.8054373809813, 144.628115730337, 1.5393258426966292, 205.3370786516854, 207.32584269662922
578, 509.5390178679956, 145.03829887640444, 1.9550561797752808, 205.73033707865167, 207.80898876404495
579, 509.2725983550099, 145.12820224719096, 1.797752808988764, 205.79775280898878, 208.6629213483146
580, 509.0061788420242, 144.19482808988755, 1.0449438202247192, 204.74157303370785, 207.8876404494382
581, 508.7397593290385, 144.3776786516854, 1.4157303370786516, 204.38202247191012, 210.37078651685394
582, 508.4733398160528, 143.94216741573035, 1.1348314606741574, 203.82022471910113, 210.17977528089887
583, 508.20692030306714, 144.04173033707858, 1.348314606741573, 203.6629213483146, 211.30337078651687
584, 507.9405007900814, 144.18061348314612, 1.3932584269662922, 203.80898876404495, 211.65168539325842
585, 507.67408127709575, 144.3493808988764, 1.9213483146067416, 203.47191011235955, 213.48314606741573
586, 507.40766176411, 143.69968089887635, 1.3932584269662922, 202.7191011235955, 213.04494382022472
587, 507.14124225112437, 144.04837528089888, 1.8651685393258426, 202.65168539325842, 215.2134831460674
588, 506.8748227381386, 144.01902921348312, 1.7303370786516854, 202.61797752808988, 215.48314606741573
589, 506.6084032251529, 143.99480786516858, 1.8089887640449438, 202.14606741573033, 217.4943820224719
590, 506.34198371216723, 143.20835393258426, 1.2921348314606742, 201.2134831460674, 216.75280898876406
591, 506.07556419918154, 143.46940000000006, 1.6179775280898876, 201.04494382022472, 219.0561797752809
592, 505.80914468619585, 144.14590898876403, 2.033707865168539, 201.80898876404495, 219.96629213483146
593, 505.54272517321016, 144.05125280898875, 2.191011235955056, 201.23595505617976, 221.67415730337078
594, 505.27630566022447, 142.89382808988765, 1.4943820224719102, 199.87640449438203, 220.34831460674158
595, 505.0098861472387, 143.03156292134824, 1.7865168539325842, 199.75280898876406, 221.42696629213484
596, 504.7434666342531, 142.5911483146067, 1.2134831460674158, 199.2921348314607, 221.43820224719101
597, 504.47704712126733, 143.7876179775281, 1.9101123595505618, 200.23595505617976, 225.24719101123594
598, 504.2106276082817, 143.6048797752809, 1.7640449438202248, 199.96629213483146, 225.41573033707866
599, 503.94420809529595, 143.39100786516855, 1.6067415730337078, 199.4943820224719, 226.38202247191012
600, 503.67778858231026, 142.877304494382, 1.2247191011235956, 198.8988764044944, 225.9438202247191
601, 503.41136906932456, 143.21436629213477, 1.5056179775280898, 198.9438202247191, 227.93258426966293
602, 503.1449495563389, 142.69387865168542, 1.3258426966292134, 198.23595505617976, 227.48314606741573
603, 502.8785300433532, 143.27251235955057, 1.8426966292134832, 198.47191011235955, 229.98876404494382
604, 502.6121105303675, 143.38975617977533, 1.9887640449438202, 198.5056179775281, 230.46067415730337
605, 502.3456910173818, 142.73184719101116, 1.4157303370786516, 197.38202247191012, 231.97752808988764
606, 502.07927150439605, 142.56569213483147, 1.3932584269662922, 197.04494382022472, 232.31460674157304
607, 501.8128519914104, 142.96960449438197, 1.8202247191011236, 197.02247191011236, 234.85393258426967
608, 501.54643247842466, 142.95041685393258, 1.6741573033707866, 196.95505617977528, 235.41573033707866
609, 501.280012965439, 142.64846067415735, 1.5730337078651686, 196.19101123595505, 236.96629213483146
610, 501.0135934524533, 142.21926629213485, 1.3820224719101124, 195.5505617977528, 237.0
611, 500.7471739394676, 142.22920561797747, 1.4269662921348314, 195.26966292134833, 238.41573033707866
612, 500.4807544264819, 142.0588, 1.2134831460674158, 194.87640449438203, 239.5056179775281
613, 500.2143349134962, 142.3144606741574, 1.4606741573033708, 194.7191011235955, 241.91011235955057
614, 499.9479154005105, 141.93025056179775, 1.202247191011236, 194.06741573033707, 242.57303370786516
615, 499.68149588752476, 142.02490786516853, 1.3707865168539326, 193.80898876404495, 244.2921348314607
616, 499.4150763745391, 141.85915955056177, 1.101123595505618, 193.47191011235955, 245.2808988764045
617, 499.1486568615534, 142.13644943820216, 1.5730337078651686, 193.34831460674158, 247.1123595505618
618, 498.88223734856774, 141.79804494382032, 1.348314606741573, 192.76404494382024, 247.74157303370785
619, 498.615817835582, 141.8632775280899, 1.8314606741573034, 192.32584269662922, 249.30337078651687
620, 498.34939832259636, 141.17282134831459, 1.3370786516853932, 191.37078651685394, 249.46067415730337
621, 498.0829788096106, 140.93161460674153, 1.3820224719101124, 190.7078651685393, 250.64044943820224
622, 497.8165592966249, 140.34907752808994, 1.0224719101123596, 189.8876404494382, 250.69662921348313
623, 497.5501397836392, 140.36920786516853, 1.853932584269663, 189.3370786516854, 251.52808988764045
624, 497.28372027065353, 139.63967865168541, 1.0786516853932584, 188.46067415730337, 251.67415730337078
625, 497.01730075766784, 139.824393258427, 1.4606741573033708, 188.31460674157304, 253.04494382022472
626, 496.7508812446821, 139.4044584269663, 1.2584269662921348, 187.6629213483146, 253.24719101123594
627, 496.48446173169646, 139.0669056179775, 1.3932584269662922, 186.91011235955057, 253.80898876404495
628, 496.2180422187107, 138.38024044943825, 0.8539325842696629, 185.98876404494382, 253.9438202247191
629, 495.9516227057251, 138.14832134831468, 1.2808988764044944, 185.25842696629215, 254.5505617977528
630, 495.6852031927393, 137.74741460674161, 1.1348314606741574, 184.6629213483146, 254.48314606741573
631, 495.41878367975363, 137.8230820224719, 1.651685393258427, 184.47191011235955, 254.77528089887642
632, 495.15236416676794, 137.06945730337077, 0.8202247191011236, 183.61797752808988, 254.74157303370785
633, 494.88594465378225, 136.66238988764042, 1.2696629213483146, 182.6629213483146, 254.91011235955057
634, 494.61952514079655, 136.0706112359551, 0.8539325842696629, 181.91011235955057, 254.68539325842696
635, 494.35310562781086, 135.5197752808989, 1.348314606741573, 180.67415730337078, 254.92134831460675
636, 494.08668611482517, 135.19533146067414, 1.1797752808988764, 180.22471910112358, 254.8314606741573
637, 493.8202666018394, 134.97536516853933, 2.0786516853932584, 179.35955056179776, 255.0
638, 493.5538470888538, 133.93839438202247, 1.2247191011235956, 178.0561797752809, 254.85393258426967
639, 493.28742757586804, 133.3803898876404, 1.2696629213483146, 177.06741573033707, 254.93258426966293
640, 493.0210080628824, 132.92637303370788, 0.9887640449438202, 176.47191011235955, 254.75280898876406
641, 492.75458854989665, 132.88339325842696, 1.6853932584269662, 176.01123595505618, 254.92134831460675
642, 492.48816903691096, 132.69086067415728, 1.6179775280898876, 175.74157303370785, 254.79775280898878
643, 492.22174952392527, 132.0776168539326, 1.4719101123595506, 174.7865168539326, 254.7191011235955
644, 491.9553300109396, 131.26275056179776, 1.0337078651685394, 173.6629213483146, 254.5056179775281
645, 491.6889104979539, 130.90901573033707, 1.5280898876404494, 172.7191011235955, 254.96629213483146
646, 491.4224909849682, 130.35174044943818, 1.3595505617977528, 171.91011235955057, 254.68539325842696
647, 491.1560714719825, 129.622895505618, 1.3820224719101124, 170.68539325842696, 254.53932584269663
648, 490.88965195899675, 129.44969550561802, 1.1348314606741574, 170.4943820224719, 254.65168539325842
649, 490.6232324460111, 128.71165842696632, 1.3932584269662922, 169.1011235955056, 254.67415730337078
650, 490.35681293302537, 128.79895617977533, 1.449438202247191, 169.17977528089887, 254.8876404494382
651, 490.09039342003973, 128.46878764044945, 2.1235955056179776, 168.26966292134833, 254.91011235955057
652, 489.823973907054, 127.64969550561803, 1.5842696629213484, 167.1685393258427, 254.80898876404495
653, 489.5575543940683, 126.23240337078651, 1.247191011235955, 164.92134831460675, 254.8314606741573
654, 489.2911348810826, 125.13461235955057, 0.9550561797752809, 163.34831460674158, 254.06741573033707
655, 489.0247153680969, 125.0798213483146, 1.3370786516853932, 162.97752808988764, 254.4943820224719
656, 488.7582958551112, 124.69275955056182, 0.9438202247191011, 162.4943820224719, 254.61797752808988
657, 488.4918763421255, 125.44565617977527, 2.0898876404494384, 163.12359550561797, 254.97752808988764
658, 488.22545682913983, 125.00688764044945, 1.6853932584269662, 162.58426966292134, 254.96629213483146
659, 487.9590373161541, 124.55095056179772, 1.7303370786516854, 161.79775280898878, 254.8988764044944
660, 487.69261780316845, 122.87864719101121, 0.6067415730337079, 159.58426966292134, 254.57303370786516
661, 487.4261982901827, 122.27046067415732, 1.2359550561797752, 158.17977528089887, 254.82022471910113
662, 487.15977877719706, 121.81788089887645, 1.1910112359550562, 157.43820224719101, 254.7865168539326
663, 486.8933592642113, 121.0754292134832, 1.550561797752809, 155.96629213483146, 254.91011235955057
664, 486.6269397512256, 120.36986292134837, 1.0337078651685394, 155.04494382022472, 254.82022471910113
665, 486.3605202382399, 119.35723707865169, 1.3370786516853932, 153.13483146067415, 254.97752808988764
666, 486.09410072525424, 118.51102022471913, 1.0337078651685394, 151.86516853932585, 254.8876404494382
667, 485.82768121226854, 117.30587977528094, 1.202247191011236, 149.74157303370785, 254.80898876404495
668, 485.5612616992828, 116.57055730337085, 0.9438202247191011, 148.62921348314606, 254.76404494382024
669, 485.29484218629716, 115.71818426966293, 1.6404494382022472, 146.82022471910113, 254.77528089887642
670, 485.0284226733114, 114.26509213483149, 0.8764044943820225, 144.77528089887642, 254.56179775280899
671, 484.7620031603258, 113.22583033707858, 1.8089887640449438, 142.51685393258427, 254.62921348314606
672, 484.49558364734, 111.5773348314606, 1.2584269662921348, 140.06741573033707, 254.22471910112358
673, 484.22916413435433, 110.6037101123595, 1.6629213483146068, 138.14606741573033, 254.51685393258427
674, 483.96274462136864, 109.34953820224716, 1.1348314606741574, 136.26966292134833, 254.56179775280899
675, 483.69632510838295, 108.32029325842696, 1.449438202247191, 134.31460674157304, 254.77528089887642
676, 483.42990559539726, 106.86507977528088, 1.3370786516853932, 131.98876404494382, 254.2808988764045
677, 483.16348608241157, 105.20288651685392, 1.3595505617977528, 129.0561797752809, 254.74157303370785
678, 482.8970665694259, 103.349997752809, 1.0337078651685394, 126.07865168539325, 254.67415730337078
679, 482.6306470564401, 101.08043595505622, 1.0337078651685394, 122.24719101123596, 254.4943820224719
680, 482.3642275434545, 98.9551775280899, 0.9213483146067416, 118.70786516853933, 254.37078651685394
681, 482.09780803046874, 97.28556404494381, 1.3258426966292134, 115.62921348314607, 254.51685393258427
682, 481.8313885174831, 95.37998764044944, 1.5842696629213484, 112.31460674157303, 254.19101123595505
683, 481.56496900449736, 93.08914606741568, 1.348314606741573, 108.51685393258427, 254.26966292134833
684, 481.29854949151166, 90.30509662921354, 0.8314606741573034, 104.07865168539325, 254.0561797752809
685, 481.032129978526, 88.03719213483149, 0.7752808988764045, 100.20224719101124, 254.26966292134833
686, 480.7657104655403, 85.68761797752803, 0.7865168539325843, 96.21348314606742, 254.1685393258427
687, 480.4992909525546, 84.1825674157303, 1.7415730337078652, 93.13483146067416, 254.31460674157304
688, 480.2328714395689, 81.43573146067416, 1.0, 88.80898876404494, 254.43820224719101
689, 479.9664519265832, 78.84487977528087, 1.3146067415730338, 84.28089887640449, 254.20224719101122
690, 479.70003241359746, 76.19569662921347, 0.6741573033707865, 80.07865168539325, 254.2808988764045
691, 479.4336129006118, 74.13376292134829, 1.1348314606741574, 76.29213483146067, 254.48314606741573
692, 479.16719338762607, 71.6657471910112, 0.9550561797752809, 72.23595505617978, 254.19101123595505
693, 478.90077387464044, 69.37016629213484, 1.3707865168539326, 68.07865168539325, 254.37078651685394
694, 478.6343543616547, 66.77487415730336, 1.146067415730337, 63.73033707865169, 254.58426966292134
695, 478.367934848669, 64.20169550561796, 1.1348314606741574, 59.41573033707865, 254.25842696629215
696, 478.1015153356833, 61.700394382022466, 1.3370786516853932, 55.12359550561798, 253.8876404494382
697, 477.8350958226976, 59.37546629213487, 1.5168539325842696, 50.97752808988764, 254.37078651685394
698, 477.5686763097119, 55.57134831460676, 0.898876404494382, 44.89887640449438, 253.92134831460675
699, 477.3022567967262, 53.047899999999984, 1.2247191011235956, 40.37078651685393, 254.24719101123594
700, 477.03583728374053, 49.408808988764, 1.0112359550561798, 34.325842696629216, 254.01123595505618
701, 476.7694177707548, 45.19137303370783, 0.8764044943820225, 27.235955056179776, 253.87640449438203
702, 476.50299825776915, 41.19265617977528, 1.1910112359550562, 20.43820224719101, 252.97752808988764
703, 476.2365787447834, 37.27830337078651, 1.2359550561797752, 13.775280898876405, 252.8314606741573
704, 475.97015923179777, 33.35154269662922, 0.8651685393258427, 7.438202247191011, 251.98876404494382
705, 475.703739718812, 31.76245505617978, 1.404494382022472, 4.314606741573034, 252.7191011235955
706, 475.4373202058263, 30.699505617977522, 1.6853932584269662, 2.3258426966292136, 252.8988764044944
707, 475.17090069284063, 30.779098876404486, 2.157303370786517, 2.101123595505618, 253.51685393258427
708, 474.90448117985494, 30.11728539325842, 1.752808988764045, 1.3258426966292134, 252.76404494382024
709, 474.63806166686925, 30.596969662921353, 2.3258426966292136, 1.6853932584269662, 253.61797752808988
710, 474.3716421538835, 30.190004494382023, 1.8651685393258426, 1.2921348314606742, 253.2808988764045
711, 474.10522264089786, 30.56211910112358, 2.292134831460674, 1.5842696629213484, 253.92134831460675
712, 473.8388031279121, 30.891451685393264, 2.6741573033707864, 2.033707865168539, 253.4943820224719
713, 473.5723836149265, 30.697338202247185, 2.460674157303371, 1.752808988764045, 253.79775280898878
714, 473.30596410194073, 30.259886516853943, 1.9213483146067416, 1.3258426966292134, 253.57303370786516
715, 473.0395445889551, 30.43038426966293, 2.1123595505617976, 1.5168539325842696, 253.58426966292134
716, 472.77312507596935, 30.68127303370787, 2.438202247191011, 1.7303370786516854, 253.8314606741573
717, 472.50670556298365, 30.225474157303367, 1.8876404494382022, 1.3258426966292134, 253.35955056179776
718, 472.24028604999796, 30.642794382022462, 2.393258426966292, 1.7640449438202248, 253.43820224719101
719, 471.97386653701227, 30.359514606741573, 2.044943820224719, 1.4719101123595506, 253.37078651685394
720, 471.7074470240266, 30.41451011235956, 2.0898876404494384, 1.5056179775280898, 253.56179775280899
721, 471.44102751104083, 30.844811235955063, 2.561797752808989, 1.9438202247191012, 253.8426966292135
722, 471.1746079980552, 29.972540449438206, 1.5617977528089888, 1.0674157303370786, 253.32584269662922
723, 470.90818848506945, 30.553674157303366, 2.247191011235955, 1.651685393258427, 253.61797752808988
724, 470.6417689720838, 30.45422359550563, 2.146067415730337, 1.5730337078651686, 253.41573033707866
725, 470.37534945909806, 30.54834606741573, 2.269662921348315, 1.696629213483146, 253.2808988764045
726, 470.10892994611237, 30.494835955056182, 2.202247191011236, 1.6179775280898876, 253.3932584269663
727, 469.8425104331267, 30.694673033707865, 2.3707865168539324, 1.8202247191011236, 253.6629213483146
728, 469.576090920141, 30.709248314606743, 2.460674157303371, 1.7752808988764044, 253.7865168539326
729, 469.3096714071553, 30.7109808988764, 2.438202247191011, 1.8202247191011236, 253.62921348314606
730, 469.0432518941696, 30.61627191011236, 2.337078651685393, 1.7191011235955056, 253.58426966292134
731, 468.7768323811839, 30.68513370786517, 2.3707865168539324, 1.7865168539325842, 253.75280898876406
732, 468.51041286819816, 30.397960674157307, 2.0786516853932584, 1.4831460674157304, 253.56179775280899
733, 468.2439933552125, 30.39321910112359, 2.0786516853932584, 1.5056179775280898, 253.40449438202248
734, 467.9775738422268, 30.619643820224717, 2.3258426966292136, 1.6629213483146068, 253.93258426966293
735, 467.71115432924114, 30.41941011235955, 2.0786516853932584, 1.5393258426966292, 253.46067415730337
736, 467.4447348162554, 30.39008426966293, 2.0786516853932584, 1.4719101123595506, 253.5505617977528
737, 467.1783153032697, 30.642202247191012, 2.359550561797753, 1.7191011235955056, 253.75280898876406
738, 466.911895790284, 30.36995280898877, 2.044943820224719, 1.4831460674157304, 253.40449438202248
739, 466.6454762772983, 30.84628314606742, 2.561797752808989, 1.9550561797752808, 253.79775280898878
740, 466.3790567643126, 30.574397752808988, 2.3146067415730336, 1.6853932584269662, 253.4494382022472
741, 466.11263725132693, 30.134728089887634, 1.7078651685393258, 1.2584269662921348, 253.38202247191012
742, 465.84621773834124, 30.59380112359551, 2.2134831460674156, 1.7415730337078652, 253.59550561797752
743, 465.5797982253555, 30.444613483146057, 2.067415730337079, 1.5617977528089888, 253.59550561797752
744, 465.31337871236985, 30.272802247191, 1.8651685393258426, 1.4157303370786516, 253.37078651685394
745, 465.0469591993841, 31.127695505617968, 2.932584269662921, 2.269662921348315, 253.67415730337078
746, 464.78053968639847, 30.385770786516858, 2.067415730337079, 1.4157303370786516, 253.8314606741573
747, 464.5141201734127, 30.341875280898872, 2.033707865168539, 1.4606741573033708, 253.30337078651687
748, 464.24770066042703, 30.673917977528085, 2.393258426966292, 1.7865168539325842, 253.59550561797752
749, 463.98128114744134, 30.654233707865153, 2.3820224719101124, 1.7303370786516854, 253.74157303370785
750, 463.71486163445564, 30.42330449438202, 2.1235955056179776, 1.5056179775280898, 253.5505617977528
751, 463.44844212146995, 30.199715730337083, 1.8314606741573034, 1.3258426966292134, 253.2808988764045
752, 463.18202260848426, 30.585142696629212, 2.2808988764044944, 1.6292134831460674, 253.92134831460675
753, 462.91560309549857, 30.71774719101124, 2.303370786516854, 1.8764044943820224, 253.75280898876406
754, 462.6491835825128, 30.077011235955055, 1.5730337078651686, 1.2134831460674158, 253.46067415730337
755, 462.3827640695272, 30.515207865168552, 2.0786516853932584, 1.6741573033707866, 253.6067415730337
756, 462.11634455654143, 30.416171910112354, 1.9887640449438202, 1.5730337078651686, 253.4943820224719
757, 461.8499250435558, 30.927507865168536, 2.6741573033707864, 2.044943820224719, 253.75280898876406
758, 461.58350553057005, 30.487546067415725, 2.1797752808988764, 1.5842696629213484, 253.56179775280899
759, 461.31708601758436, 30.725471910112365, 2.4719101123595504, 1.853932584269663, 253.4943820224719
760, 461.05066650459867, 30.623542696629215, 2.3258426966292136, 1.7415730337078652, 253.56179775280899
761, 460.784246991613, 30.571523595505624, 2.292134831460674, 1.6853932584269662, 253.48314606741573
762, 460.5178274786273, 30.58324269662921, 2.292134831460674, 1.696629213483146, 253.52808988764045
763, 460.25140796564153, 30.536640449438192, 2.247191011235955, 1.6292134831460674, 253.58426966292134
764, 459.9849884526559, 30.5156617977528, 2.258426966292135, 1.6292134831460674, 253.37078651685394
765, 459.71856893967015, 30.441707865168542, 2.134831460674157, 1.5617977528089888, 253.3932584269663
766, 459.4521494266845, 30.316531460674152, 1.9887640449438202, 1.4382022471910112, 253.31460674157304
767, 459.18572991369876, 30.91320786516854, 2.640449438202247, 2.0224719101123596, 253.8314606741573
768, 458.9193104007131, 30.28067977528089, 1.9662921348314606, 1.3820224719101124, 253.34831460674158
769, 458.6528908877274, 30.652224719101127, 2.247191011235955, 1.797752808988764, 253.73033707865167
770, 458.3864713747417, 30.40247752808989, 1.9662921348314606, 1.5393258426966292, 253.6067415730337
771, 458.120051861756, 30.569132584269656, 2.157303370786517, 1.7303370786516854, 253.58426966292134
772, 457.8536323487703, 30.12683258426966, 1.6741573033707866, 1.2359550561797752, 253.51685393258427
773, 457.5872128357846, 30.372547191011225, 2.056179775280899, 1.4382022471910112, 253.62921348314606
774, 457.32079332279886, 30.999193258426953, 2.7865168539325844, 2.101123595505618, 253.79775280898878
775, 457.0543738098132, 30.571695505617985, 2.258426966292135, 1.6853932584269662, 253.57303370786516
776, 456.7879542968275, 30.41411460674157, 2.1123595505617976, 1.5393258426966292, 253.32584269662922
777, 456.52153478384184, 30.31471011235955, 2.0, 1.3595505617977528, 253.67415730337078
778, 456.2551152708561, 30.746087640449424, 2.49438202247191, 1.8426966292134832, 253.67415730337078
779, 455.9886957578704, 30.19157865168539, 1.853932584269663, 1.2808988764044944, 253.38202247191012
780, 455.7222762448847, 30.33624831460675, 2.0112359550561796, 1.449438202247191, 253.37078651685394
781, 455.455856731899, 30.65641348314605, 2.3820224719101124, 1.7078651685393258, 253.87640449438203
782, 455.1894372189133, 30.679093258426956, 2.438202247191011, 1.752808988764045, 253.69662921348313
783, 454.92301770592763, 30.223307865168533, 1.8651685393258426, 1.2921348314606742, 253.57303370786516
784, 454.65659819294194, 30.516471910112358, 2.247191011235955, 1.5730337078651686, 253.69662921348313
785, 454.3901786799562, 30.504892134831447, 2.202247191011236, 1.6067415730337078, 253.53932584269663
786, 454.12375916697056, 30.58614943820224, 2.3258426966292136, 1.651685393258427, 253.69662921348313
787, 453.8573396539848, 30.812471910112354, 2.5842696629213484, 1.8314606741573034, 254.07865168539325
788, 453.5909201409992, 30.372375280898865, 2.0898876404494384, 1.4382022471910112, 253.53932584269663
789, 453.3245006280134, 30.69622921348315, 2.4269662921348316, 1.752808988764045, 253.87640449438203
790, 453.05808111502773, 30.276366292134824, 1.9550561797752808, 1.3258426966292134, 253.62921348314606
791, 452.79166160204204, 30.37877977528089, 2.0898876404494384, 1.4382022471910112, 253.59550561797752
792, 452.52524208905635, 30.2402584269663, 1.9101123595505618, 1.348314606741573, 253.31460674157304
793, 452.25882257607066, 30.36121011235956, 2.056179775280899, 1.449438202247191, 253.47191011235955
794, 451.99240306308496, 30.66411797752808, 2.4157303370786516, 1.7191011235955056, 253.79775280898878
795, 451.7259835500993, 30.45851348314606, 2.168539325842697, 1.5056179775280898, 253.74157303370785
796, 451.4595640371135, 30.266240449438197, 1.9775280898876404, 1.3146067415730338, 253.53932584269663
797, 451.1931445241279, 30.869498876404496, 2.651685393258427, 1.9662921348314606, 253.7078651685393
798, 450.92672501114214, 30.727875280898875, 2.4831460674157304, 1.797752808988764, 253.77528089887642
799, 450.6603054981565, 30.5124191011236, 2.2134831460674156, 1.550561797752809, 253.86516853932585
800, 450.39388598517075, 30.338134831460685, 2.0224719101123596, 1.4382022471910112, 253.41573033707866
801, 450.12746647218506, 30.545523595505614, 2.292134831460674, 1.6629213483146068, 253.37078651685394
802, 449.86104695919937, 30.500183146067414, 2.2134831460674156, 1.5842696629213484, 253.58426966292134
803, 449.5946274462137, 30.52427865168539, 2.269662921348315, 1.5617977528089888, 253.76404494382024
804, 449.328207933228, 30.53231348314606, 2.258426966292135, 1.6292134831460674, 253.51685393258427
805, 449.06178842024224, 30.648504494382006, 2.3707865168539324, 1.7415730337078652, 253.6629213483146
806, 448.7953689072566, 30.636351685393258, 2.3258426966292136, 1.7415730337078652, 253.67415730337078
807, 448.52894939427085, 30.477266292134832, 2.168539325842697, 1.6292134831460674, 253.26966292134833
808, 448.2625298812852, 30.566693258426966, 2.2808988764044944, 1.6741573033707866, 253.52808988764045
809, 447.99611036829947, 30.825705617977505, 2.606741573033708, 1.9887640449438202, 253.32584269662922
810, 447.72969085531383, 30.18370786516852, 1.9101123595505618, 1.3370786516853932, 252.87640449438203
811, 447.4632713423281, 30.224026966292108, 1.9775280898876404, 1.3932584269662922, 252.76404494382024
812, 447.1968518293424, 30.248038202247166, 1.9775280898876404, 1.449438202247191, 252.68539325842696
813, 446.9304323163567, 30.39212134831459, 2.157303370786517, 1.6404494382022472, 252.4943820224719
814, 446.664012803371, 30.430177528089875, 2.269662921348315, 1.752808988764045, 251.95505617977528
815, 446.3975932903853, 30.22704719101122, 2.1123595505617976, 1.4606741573033708, 252.08988764044943
816, 446.13117377739957, 30.129259550561798, 2.0112359550561796, 1.404494382022472, 251.7865168539326
817, 445.86475426441393, 30.086160674157306, 1.9887640449438202, 1.449438202247191, 251.23595505617976
818, 445.5983347514282, 29.874049438202242, 1.752808988764045, 1.2584269662921348, 250.97752808988764
819, 445.33191523844255, 30.1994595505618, 2.146067415730337, 1.5056179775280898, 251.52808988764045
820, 445.0654957254568, 30.054087640449442, 2.044943820224719, 1.4382022471910112, 250.86516853932585
821, 444.7990762124711, 29.778983146067404, 1.7415730337078652, 1.2134831460674158, 250.40449438202248
822, 444.5326566994854, 29.637938202247206, 1.6292134831460674, 1.146067415730337, 249.80898876404495
823, 444.2662371864997, 30.397650561797747, 2.4831460674157304, 1.8876404494382022, 250.41573033707866
824, 443.99981767351403, 29.841343820224743, 1.8426966292134832, 1.3707865168539326, 249.87640449438203
825, 443.73339816052834, 29.911912359550566, 2.0, 1.550561797752809, 249.1573033707865
826, 443.46697864754265, 30.171767415730333, 2.3258426966292136, 1.7640449438202248, 249.48314606741573
827, 443.2005591345569, 29.657080898876398, 1.8876404494382022, 1.2696629213483146, 248.6629213483146
828, 442.93413962157126, 29.322416853932584, 1.5617977528089888, 1.101123595505618, 247.4494382022472
829, 442.6677201085855, 29.931979775280887, 2.449438202247191, 1.6853932584269662, 247.46067415730337
830, 442.4013005955999, 29.58358988764045, 2.191011235955056, 1.4831460674157304, 246.12359550561797
831, 442.13488108261413, 28.923161797752808, 1.5280898876404494, 0.8876404494382022, 245.13483146067415
832, 441.86846156962844, 29.482053932584265, 2.157303370786517, 1.5280898876404494, 245.08988764044943
833, 441.60204205664274, 29.54672134831462, 2.337078651685393, 1.7191011235955056, 244.20224719101122
834, 441.33562254365705, 29.146133707865175, 1.9213483146067416, 1.4382022471910112, 243.22471910112358
835, 441.06920303067136, 29.230288764044943, 2.056179775280899, 1.6067415730337078, 242.74157303370785
836, 440.80278351768567, 28.939743820224734, 1.7752808988764044, 1.3595505617977528, 242.20224719101122
837, 440.5363640047, 28.928203370786527, 1.898876404494382, 1.3707865168539326, 241.7191011235955
838, 440.2699444917142, 28.670967415730335, 1.6741573033707866, 1.1910112359550562, 240.97752808988764
839, 440.0035249787286, 28.7759808988764, 1.8764044943820224, 1.3258426966292134, 240.67415730337078
840, 439.73710546574284, 28.928769662921347, 2.0786516853932584, 1.4831460674157304, 240.67415730337078
841, 439.4706859527572, 28.95344494382023, 2.292134831460674, 1.5168539325842696, 240.1573033707865
842, 439.20426643977146, 28.563883146067425, 1.9550561797752808, 1.1797752808988764, 239.35955056179776
843, 438.93784692678577, 28.270591011235943, 1.7303370786516854, 0.9887640449438202, 238.35955056179776
844, 438.6714274138001, 28.287495505617976, 1.7865168539325842, 1.146067415730337, 237.5505617977528
845, 438.4050079008144, 28.350053932584252, 2.044943820224719, 1.3370786516853932, 236.43820224719101
846, 438.1385883878287, 28.031431460674145, 1.752808988764045, 1.0674157303370786, 235.79775280898878
847, 437.872168874843, 27.835765168539314, 1.6741573033707866, 1.1123595505617978, 234.0561797752809
848, 437.6057493618573, 27.92021348314604, 1.797752808988764, 1.2696629213483146, 233.6629213483146
849, 437.33932984887156, 27.79401123595503, 1.9101123595505618, 1.2134831460674158, 232.5505617977528
850, 437.0729103358859, 27.824343820224716, 1.9550561797752808, 1.303370786516854, 232.23595505617976
851, 436.8064908229002, 27.77094831460674, 2.0898876404494384, 1.2921348314606742, 231.47191011235955
852, 436.54007130991454, 27.484130337078646, 1.8426966292134832, 1.1235955056179776, 230.47191011235955
853, 436.2736517969288, 27.441401123595497, 1.9438202247191012, 1.202247191011236, 229.42696629213484
854, 436.0072322839431, 27.062435955056188, 1.595505617977528, 0.9325842696629213, 228.40449438202248
855, 435.7408127709574, 27.52045280898876, 2.2134831460674156, 1.3370786516853932, 228.7191011235955
856, 435.4743932579717, 27.041584269662927, 1.6853932584269662, 0.9887640449438202, 227.69662921348313
857, 435.207973744986, 27.387416853932603, 2.235955056179775, 1.404494382022472, 227.14606741573033
858, 434.94155423200027, 26.757907865168548, 1.595505617977528, 0.8764044943820225, 226.02247191011236
859, 434.67513471901464, 26.96314044943821, 1.853932584269663, 1.247191011235955, 225.23595505617976
860, 434.4087152060289, 26.812798876404507, 1.7865168539325842, 1.1235955056179776, 224.73033707865167
861, 434.14229569304325, 26.866703370786514, 2.067415730337079, 1.3146067415730338, 223.48314606741573
862, 433.8758761800575, 26.719719101123594, 1.9101123595505618, 1.2359550561797752, 223.01123595505618
863, 433.60945666707187, 26.229538202247184, 1.4719101123595506, 0.9775280898876404, 221.19101123595505
864, 433.3430371540861, 26.587408988764043, 1.8651685393258426, 1.3258426966292134, 221.5056179775281
865, 433.0766176411004, 26.335667415730317, 1.8651685393258426, 1.1348314606741574, 220.2808988764045
866, 432.81019812811473, 26.14760561797752, 1.696629213483146, 1.0224719101123596, 219.65168539325842
867, 432.54377861512904, 26.575242696629207, 2.1797752808988764, 1.4831460674157304, 219.76404494382024
868, 432.27735910214335, 26.066614606741574, 1.6067415730337078, 1.0786516853932584, 218.8876404494382
869, 432.0109395891576, 26.060497752808985, 1.8764044943820224, 1.101123595505618, 218.01123595505618
870, 431.74452007617197, 25.87780112359549, 1.651685393258427, 1.0112359550561798, 217.46067415730337
871, 431.4781005631862, 26.155231460674152, 2.067415730337079, 1.2808988764044944, 217.41573033707866
872, 431.2116810502006, 26.16030449438202, 2.1235955056179776, 1.2696629213483146, 217.37078651685394
873, 430.94526153721483, 25.58895056179774, 1.6179775280898876, 0.8876404494382022, 215.65168539325842
874, 430.67884202422914, 25.827732584269658, 1.8876404494382022, 1.0, 216.46067415730337
875, 430.41242251124345, 25.95148539325841, 2.1123595505617976, 1.3146067415730338, 215.3370786516854
876, 430.14600299825776, 25.642279775280898, 1.696629213483146, 1.1348314606741574, 214.64044943820224
877, 429.87958348527206, 25.824524719101124, 2.2808988764044944, 1.2808988764044944, 213.95505617977528
878, 429.6131639722864, 25.580217977528104, 1.9775280898876404, 1.1348314606741574, 213.35955056179776
879, 429.3467444593007, 25.405651685393263, 1.9101123595505618, 1.1685393258426966, 211.8314606741573
880, 429.08032494631493, 25.483517977528102, 2.0112359550561796, 1.2584269662921348, 211.7865168539326
881, 428.8139054333293, 25.334587640449442, 1.8764044943820224, 1.348314606741573, 210.37078651685394
882, 428.54748592034355, 25.22475056179776, 1.8202247191011236, 1.2247191011235956, 210.19101123595505
883, 428.2810664073579, 25.571787640449447, 2.235955056179775, 1.595505617977528, 210.23595505617976
884, 428.01464689437216, 25.11535730337078, 1.8202247191011236, 1.2696629213483146, 209.0
885, 427.74822738138647, 25.237825842696637, 2.191011235955056, 1.4269662921348314, 208.2921348314607
886, 427.4818078684008, 24.995188764044947, 2.044943820224719, 1.3258426966292134, 207.06741573033707
887, 427.2153883554151, 25.43141011235955, 2.5280898876404496, 1.7640449438202248, 207.37078651685394
888, 426.9489688424294, 24.54573483146067, 1.5280898876404494, 1.0786516853932584, 205.75280898876406
889, 426.6825493294437, 24.64909101123595, 1.7865168539325842, 1.2584269662921348, 205.0561797752809
890, 426.416129816458, 24.71695168539326, 1.8314606741573034, 1.3707865168539326, 204.95505617977528
891, 426.14971030347226, 24.620978651685395, 2.348314606741573, 1.1797752808988764, 203.74157303370785
892, 425.8832907904866, 24.324876404494375, 2.0224719101123596, 0.9438202247191011, 203.2134831460674
893, 425.6168712775009, 24.410150561797742, 2.202247191011236, 1.2921348314606742, 201.69662921348313
894, 425.35045176451524, 24.58561460674157, 2.50561797752809, 1.3820224719101124, 201.97752808988764
895, 425.0840322515295, 24.362540449438207, 2.348314606741573, 1.348314606741573, 200.6067415730337
896, 424.8176127385438, 23.757526966292133, 1.696629213483146, 0.8764044943820225, 199.43820224719101
897, 424.5511932255581, 24.242937078651675, 2.3146067415730336, 1.4606741573033708, 199.06741573033707
898, 424.2847737125724, 24.04529887640449, 2.1797752808988764, 1.247191011235955, 198.7865168539326
899, 424.0183541995867, 24.038038202247193, 2.202247191011236, 1.404494382022472, 197.85393258426967
900, 423.751934686601, 23.861006741573032, 2.067415730337079, 1.348314606741573, 196.9438202247191
901, 423.48551517361534, 23.91940449438202, 2.247191011235955, 1.4719101123595506, 196.34831460674158
902, 423.2190956606296, 23.153079775280894, 1.449438202247191, 1.0112359550561798, 194.08988764044943
903, 422.95267614764396, 23.26669662921349, 1.6853932584269662, 1.1348314606741574, 193.8314606741573
904, 422.6862566346582, 23.129475280898873, 1.5393258426966292, 1.0561797752808988, 193.41573033707866
905, 422.4198371216726, 23.1213191011236, 1.8651685393258426, 1.101123595505618, 192.25842696629215
906, 422.1534176086868, 22.930280898876404, 1.6853932584269662, 1.0112359550561798, 191.51685393258427
907, 421.88699809570113, 22.667826966292136, 1.7303370786516854, 0.8314606741573034, 190.02247191011236
908, 421.62057858271544, 22.95605842696629, 2.1123595505617976, 1.1235955056179776, 190.04494382022472
909, 421.35415906972975, 22.752235955056186, 2.0224719101123596, 1.1123595505617978, 188.5505617977528
910, 421.08773955674405, 22.32670561797754, 1.595505617977528, 0.8426966292134831, 187.32584269662922
911, 420.8213200437583, 22.697833707865172, 2.0, 1.4719101123595506, 186.2808988764045
912, 420.55490053077267, 22.190589887640456, 1.5168539325842696, 1.0, 185.52808988764045
913, 420.2884810177869, 22.661653932584272, 2.1123595505617976, 1.6629213483146068, 184.68539325842696
914, 420.0220615048013, 22.063620224719102, 1.6629213483146068, 1.1348314606741574, 183.3370786516854
915, 419.75564199181554, 21.69021235955057, 1.3595505617977528, 0.8539325842696629, 182.30337078651687
916, 419.48922247882984, 22.157408988764054, 1.8651685393258426, 1.4382022471910112, 182.06741573033707
917, 419.22280296584415, 22.2368595505618, 2.4157303370786516, 1.404494382022472, 181.4943820224719
918, 418.95638345285846, 21.607137078651686, 1.7752808988764044, 1.0898876404494382, 179.26966292134833
919, 418.68996393987277, 21.42300224719101, 2.0, 1.0, 177.52808988764045
920, 418.4235444268871, 21.293365168539324, 1.9662921348314606, 0.898876404494382, 177.0
921, 418.1571249139014, 21.2981606741573, 2.101123595505618, 1.146067415730337, 175.41573033707866
922, 417.89070540091564, 20.789389887640453, 1.6067415730337078, 0.9325842696629213, 173.34831460674158
923, 417.62428588793, 21.070449438202253, 2.0224719101123596, 1.4157303370786516, 172.23595505617976
924, 417.35786637494425, 20.976069662921354, 2.1123595505617976, 1.5168539325842696, 170.65168539325842
925, 417.0914468619586, 20.51249775280899, 1.9887640449438202, 1.1348314606741574, 168.87640449438203
926, 416.82502734897287, 20.110365168539328, 1.6292134831460674, 1.0561797752808988, 166.69662921348313
927, 416.5586078359872, 20.127450561797758, 2.0112359550561796, 1.146067415730337, 165.38202247191012
928, 416.2921883230015, 20.1006, 2.0898876404494384, 1.348314606741573, 163.8988764044944
929, 416.0257688100158, 19.797652808988772, 1.898876404494382, 1.202247191011236, 162.4943820224719
930, 415.7593492970301, 19.19178876404495, 1.3258426966292134, 0.9550561797752809, 159.95505617977528
931, 415.4929297840444, 19.414485393258435, 1.7752808988764044, 1.1797752808988764, 159.57303370786516
932, 415.2265102710587, 19.362011235955055, 1.797752808988764, 1.3146067415730338, 158.35955056179776
933, 414.96009075807297, 19.459035955056187, 2.337078651685393, 1.3820224719101124, 157.4494382022472
