Extraction [ img/s3/dil3.jpg ] effectuee 2026-05-21 17:15:56.141498
Calibration: -0.4054974679725289*x + 757.6124327252791 [largueur 2543 + 998]

pixel, longueur d'onde, intensite, r, g, b
0, 757.6124327252791, 18.542702884615387, 34.60576923076923, 11.788461538461538, 11.221153846153847
1, 757.2069352573066, 19.837528846153848, 37.40384615384615, 12.192307692307692, 13.163461538461538
2, 756.801437789334, 19.88417980769231, 37.625, 12.14423076923077, 13.240384615384615
3, 756.3959403213614, 19.9357375, 38.20192307692308, 11.932692307692308, 13.26923076923077
4, 755.9904428533889, 20.458990384615387, 38.75, 12.442307692307692, 13.798076923076923
5, 755.5849453854164, 20.532579807692294, 39.77884615384615, 12.028846153846153, 13.875
6, 755.1794479174439, 21.09747596153847, 40.43269230769231, 12.548076923076923, 14.442307692307692
7, 754.7739504494714, 22.04843653846154, 42.26923076923077, 13.048076923076923, 15.39423076923077
8, 754.3684529814989, 21.33341442307691, 41.625, 12.298076923076923, 14.673076923076923
9, 753.9629555135263, 21.83485480769231, 43.18269230769231, 12.278846153846153, 15.086538461538462
10, 753.5574580455537, 21.700564423076912, 43.10576923076923, 12.115384615384615, 14.951923076923077
11, 753.1519605775812, 21.86578076923077, 44.5, 11.634615384615385, 15.221153846153847
12, 752.7464631096087, 22.127829807692322, 44.77884615384615, 11.89423076923077, 15.451923076923077
13, 752.3409656416362, 23.434627884615388, 46.99038461538461, 12.740384615384615, 16.759615384615383
14, 751.9354681736637, 22.949522115384603, 46.50961538461539, 12.259615384615385, 16.240384615384617
15, 751.5299707056911, 23.085150961538456, 47.24038461538461, 12.096153846153847, 16.35576923076923
16, 751.1244732377186, 23.593872115384613, 47.91346153846154, 12.51923076923077, 16.875
17, 750.7189757697461, 25.069999038461546, 50.68269230769231, 13.326923076923077, 18.403846153846153
18, 750.3134783017736, 24.59089615384614, 50.55769230769231, 12.682692307692308, 17.846153846153847
19, 749.907980833801, 25.838246153846153, 52.73076923076923, 13.48076923076923, 18.98076923076923
20, 749.5024833658285, 25.343098076923084, 52.48076923076923, 12.865384615384615, 18.46153846153846
21, 749.0969858978559, 25.869978846153842, 54.53846153846154, 12.64423076923077, 18.826923076923077
22, 748.6914884298834, 25.422889423076924, 54.56730769230769, 11.951923076923077, 18.39423076923077
23, 748.2859909619109, 26.58344807692308, 57.15384615384615, 12.432692307692308, 19.317307692307693
24, 747.8804934939384, 26.611287500000003, 57.60576923076923, 12.25, 19.317307692307693
25, 747.4749960259659, 26.34565192307692, 58.86538461538461, 11.23076923076923, 18.932692307692307
26, 747.0694985579933, 26.93536346153846, 59.73076923076923, 11.682692307692308, 19.509615384615383
27, 746.6640010900207, 27.11775288461538, 61.22115384615385, 11.23076923076923, 19.528846153846153
28, 746.2585036220482, 27.840140384615395, 62.15384615384615, 11.85576923076923, 20.201923076923077
29, 745.8530061540757, 28.140534615384613, 63.5, 11.596153846153847, 20.64423076923077
30, 745.4475086861032, 27.581640384615387, 63.11538461538461, 10.951923076923077, 20.067307692307693
31, 745.0420112181307, 28.694576923076927, 64.90384615384616, 11.701923076923077, 21.278846153846153
32, 744.6365137501581, 29.02856634615384, 65.58653846153847, 11.865384615384615, 21.576923076923077
33, 744.2310162821856, 29.710312499999993, 67.25961538461539, 12.10576923076923, 21.932692307692307
34, 743.8255188142131, 29.706951923076925, 67.59615384615384, 11.923076923076923, 21.96153846153846
35, 743.4200213462406, 30.595621153846164, 69.26923076923077, 12.471153846153847, 22.548076923076923
36, 743.014523878268, 30.233297115384623, 69.14423076923077, 11.990384615384615, 22.173076923076923
37, 742.6090264102955, 31.112186538461533, 71.01923076923077, 12.346153846153847, 23.134615384615383
38, 742.2035289423229, 30.99748173076924, 71.14423076923077, 12.10576923076923, 23.03846153846154
39, 741.7980314743504, 32.40990769230768, 73.51923076923077, 13.067307692307692, 24.25
40, 741.3925340063779, 31.8020528846154, 73.125, 12.35576923076923, 23.615384615384617
41, 740.9870365384054, 32.42536634615386, 74.70192307692308, 12.461538461538462, 24.403846153846153
42, 740.5815390704329, 32.67663365384615, 75.39423076923077, 12.490384615384615, 24.64423076923077
43, 740.1760416024604, 33.3310201923077, 77.49038461538461, 12.451923076923077, 25.08653846153846
44, 739.7705441344877, 33.305856730769236, 78.25961538461539, 12.01923076923077, 25.076923076923077
45, 739.3650466665152, 34.711991346153845, 81.24038461538461, 12.663461538461538, 26.278846153846153
46, 738.9595491985427, 34.75006923076924, 81.90384615384616, 12.39423076923077, 26.259615384615383
47, 738.5540517305702, 35.31623269230769, 83.63461538461539, 12.365384615384615, 26.83653846153846
48, 738.1485542625977, 35.420916346153845, 84.58653846153847, 12.038461538461538, 26.942307692307693
49, 737.7430567946251, 36.39939134615384, 87.8173076923077, 11.759615384615385, 28.490384615384617
50, 737.3375593266526, 36.10178173076925, 88.52884615384616, 10.951923076923077, 28.173076923076923
51, 736.9320618586801, 36.51426346153844, 90.25, 10.692307692307692, 28.615384615384617
52, 736.5265643907076, 35.70296826923078, 90.125, 9.528846153846153, 27.817307692307693
53, 736.121066922735, 37.06124903846154, 92.99038461538461, 10.096153846153847, 29.298076923076923
54, 735.7155694547625, 36.814110576923085, 93.70192307692308, 9.35576923076923, 29.076923076923077
55, 735.3100719867899, 37.73288461538461, 95.96153846153847, 9.615384615384615, 29.875
56, 734.9045745188174, 36.82670576923076, 95.82692307692308, 8.326923076923077, 28.91346153846154
57, 734.4990770508449, 38.081489423076924, 98.375, 8.836538461538462, 30.615384615384617
58, 734.0935795828724, 38.064429807692306, 99.16346153846153, 8.413461538461538, 30.576923076923077
59, 733.6880821148999, 37.99156634615386, 100.39423076923077, 7.634615384615385, 30.721153846153847
60, 733.2825846469274, 38.41733461538461, 101.84615384615384, 7.538461538461538, 31.14423076923077
61, 732.8770871789548, 39.49494711538461, 104.375, 7.894230769230769, 32.13461538461539
62, 732.4715897109822, 38.89523076923078, 104.61538461538461, 6.884615384615385, 31.442307692307693
63, 732.0660922430097, 39.28581538461539, 106.17307692307692, 6.663461538461538, 31.923076923076923
64, 731.6605947750372, 39.77559711538462, 107.77884615384616, 6.596153846153846, 32.35576923076923
65, 731.2550973070647, 40.38888750000001, 109.875, 6.461538461538462, 32.93269230769231
66, 730.8495998390922, 39.949594230769215, 110.21153846153847, 5.653846153846154, 32.35576923076923
67, 730.4441023711196, 40.927220192307686, 112.3173076923077, 6.019230769230769, 33.52884615384615
68, 730.0386049031471, 40.67037596153848, 112.6826923076923, 5.4423076923076925, 33.28846153846154
69, 729.6331074351746, 41.78825288461539, 115.35576923076923, 5.759615384615385, 34.45192307692308
70, 729.227609967202, 42.056323076923064, 116.57692307692308, 5.538461538461538, 34.74038461538461
71, 728.8221124992295, 42.27288749999999, 118.33653846153847, 4.9423076923076925, 35.09615384615385
72, 728.416615031257, 42.50516634615384, 119.49038461538461, 4.701923076923077, 35.34615384615385
73, 728.0111175632844, 43.40943461538461, 122.09615384615384, 4.663461538461538, 36.64423076923077
74, 727.6056200953119, 42.32028749999999, 121.83653846153847, 3.1923076923076925, 35.34615384615385
75, 727.2001226273394, 43.31763269230768, 124.34615384615384, 3.355769230769231, 36.67307692307692
76, 726.7946251593669, 43.53720384615384, 125.84615384615384, 2.923076923076923, 36.89423076923077
77, 726.3891276913944, 44.8183894230769, 128.60576923076923, 3.394230769230769, 38.47115384615385
78, 725.9836302234218, 45.351367307692335, 130.17307692307693, 3.3846153846153846, 39.08653846153846
79, 725.5781327554492, 45.93114423076924, 132.01923076923077, 3.2884615384615383, 39.82692307692308
80, 725.1726352874767, 45.577744230769255, 132.55769230769232, 2.5, 39.375
81, 724.7671378195042, 46.67007307692309, 135.1346153846154, 2.6826923076923075, 41.25961538461539
82, 724.3616403515317, 47.26224903846154, 136.45192307692307, 2.9423076923076925, 41.66346153846154
83, 723.9561428835592, 47.32984038461538, 137.55769230769232, 2.5, 41.63461538461539
84, 723.5506454155866, 47.162669230769225, 138.21153846153845, 1.9326923076923077, 41.375
85, 723.1451479476141, 49.12230384615384, 141.8653846153846, 2.9903846153846154, 43.53846153846154
86, 722.7396504796416, 49.512950000000004, 143.57692307692307, 2.7115384615384617, 43.91346153846154
87, 722.3341530116691, 50.07612403846154, 145.29807692307693, 2.7403846153846154, 44.19230769230769
88, 721.9286555436966, 50.39013461538458, 146.6346153846154, 2.548076923076923, 44.43269230769231
89, 721.523158075724, 51.41419711538461, 149.375, 2.7403846153846154, 45.24038461538461
90, 721.1176606077514, 51.648788461538444, 150.57692307692307, 2.5, 45.38461538461539
91, 720.7121631397789, 52.36553461538462, 153.21153846153845, 2.3365384615384617, 45.60576923076923
92, 720.3066656718064, 52.41198749999998, 154.2596153846154, 1.9230769230769231, 45.39423076923077
93, 719.9011682038339, 53.59817788461537, 157.35576923076923, 2.173076923076923, 46.39423076923077
94, 719.4956707358614, 54.16394134615386, 158.95192307692307, 2.230769230769231, 46.875
95, 719.0901732678889, 55.51152980769229, 162.0096153846154, 2.7211538461538463, 48.15384615384615
96, 718.6846757999162, 55.36241057692304, 163.29807692307693, 1.9230769230769231, 47.57692307692308
97, 718.2791783319437, 56.79533846153844, 166.90384615384616, 2.375, 48.36538461538461
98, 717.8736808639712, 57.253275, 168.78846153846155, 2.173076923076923, 48.48076923076923
99, 717.4681833959987, 57.72543365384616, 170.66346153846155, 2.0096153846153846, 48.54807692307692
100, 717.0626859280262, 58.1806375, 171.9903846153846, 2.0384615384615383, 48.91346153846154
101, 716.6571884600537, 59.48094711538461, 175.33653846153845, 2.4134615384615383, 49.61538461538461
102, 716.2516909920811, 59.541457692307695, 176.28846153846155, 2.0673076923076925, 49.43269230769231
103, 715.8461935241086, 61.05111634615384, 179.89423076923077, 2.519230769230769, 50.89423076923077
104, 715.4406960561361, 60.90873173076922, 180.66346153846155, 1.9615384615384615, 50.5
105, 715.0351985881636, 61.76663461538461, 183.26923076923077, 1.9038461538461537, 51.49038461538461
106, 714.629701120191, 62.617969230769205, 185.21153846153845, 2.1634615384615383, 52.52884615384615
107, 714.2242036522184, 63.62266442307691, 187.68269230769232, 2.4038461538461537, 53.625
108, 713.8187061842459, 63.42811730769227, 188.34615384615384, 1.7980769230769231, 53.29807692307692
109, 713.4132087162734, 64.35530192307692, 190.6346153846154, 1.9807692307692308, 54.49038461538461
110, 713.0077112483009, 64.27104423076925, 191.28846153846155, 1.5192307692307692, 54.41346153846154
111, 712.6022137803284, 64.97465192307699, 192.80769230769232, 1.8173076923076923, 55.06730769230769
112, 712.1967163123559, 65.39224038461539, 193.84615384615384, 1.9326923076923077, 55.41346153846154
113, 711.7912188443833, 66.13982884615382, 196.03846153846155, 1.8173076923076923, 56.81730769230769
114, 711.3857213764107, 66.53829134615385, 197.375, 1.6923076923076923, 57.45192307692308
115, 710.9802239084382, 66.69387884615386, 198.1346153846154, 1.6153846153846154, 57.22115384615385
116, 710.5747264404657, 67.76640192307694, 200.01923076923077, 2.230769230769231, 58.51923076923077
117, 710.1692289724932, 67.55885192307693, 201.0, 1.4711538461538463, 58.03846153846154
118, 709.7637315045207, 68.57446249999997, 202.875, 2.0673076923076925, 58.96153846153846
119, 709.3582340365481, 68.7888096153846, 204.1153846153846, 1.8942307692307692, 58.48076923076923
120, 708.9527365685756, 69.02467980769231, 205.60576923076923, 1.5576923076923077, 58.375
121, 708.5472391006031, 69.82430673076922, 207.79807692307693, 1.7307692307692308, 58.75
122, 708.1417416326306, 70.01682019230772, 209.20192307692307, 1.4615384615384615, 58.14423076923077
123, 707.736244164658, 70.8291346153846, 211.73076923076923, 1.5576923076923077, 58.14423076923077
124, 707.3307466966855, 71.6606173076923, 214.21153846153845, 1.6923076923076923, 58.24038461538461
125, 706.9252492287129, 72.11943076923079, 216.07692307692307, 1.5576923076923077, 58.06730769230769
126, 706.5197517607404, 72.20351730769231, 217.23076923076923, 1.2403846153846154, 57.41346153846154
127, 706.1142542927679, 73.28849326923076, 219.4903846153846, 1.7980769230769231, 58.13461538461539
128, 705.7087568247954, 73.67366250000002, 221.16346153846155, 1.6153846153846154, 58.06730769230769
129, 705.3032593568229, 74.75869999999999, 223.96153846153845, 1.8653846153846154, 58.96153846153846
130, 704.8977618888503, 74.68870480769229, 224.58653846153845, 1.6538461538461537, 57.79807692307692
131, 704.4922644208777, 74.79102692307694, 225.69230769230768, 1.3846153846153846, 57.18269230769231
132, 704.0867669529052, 75.29769519230766, 227.08653846153845, 1.4519230769230769, 57.625
133, 703.6812694849327, 76.36830384615386, 229.26923076923077, 1.8076923076923077, 59.46153846153846
134, 703.2757720169602, 76.8408028846154, 230.625, 1.7019230769230769, 60.59615384615385
135, 702.8702745489877, 77.5876923076923, 232.40384615384616, 1.5288461538461537, 63.375
136, 702.4647770810151, 78.16240384615382, 233.65384615384616, 1.5576923076923077, 64.99038461538461
137, 702.0592796130426, 79.02001634615384, 235.31730769230768, 1.6730769230769231, 67.5576923076923
138, 701.6537821450701, 79.13453461538462, 236.3846153846154, 1.25, 67.9423076923077
139, 701.2482846770976, 80.57744519230764, 238.43269230769232, 2.144230769230769, 70.625
140, 700.842787209125, 82.64878750000001, 239.43269230769232, 4.721153846153846, 72.90384615384616
141, 700.4372897411525, 85.21198365384613, 241.22115384615384, 7.730769230769231, 75.20192307692308
142, 700.0317922731799, 87.21619326923077, 242.4903846153846, 10.39423076923077, 75.74038461538461
143, 699.6262948052074, 90.17221538461543, 243.32692307692307, 14.625, 77.6923076923077
144, 699.2207973372349, 93.95629615384615, 244.05769230769232, 20.35576923076923, 79.46153846153847
145, 698.8152998692624, 98.15614230769226, 246.07692307692307, 26.01923076923077, 81.84615384615384
146, 698.4098024012899, 101.81156249999998, 246.4903846153846, 31.759615384615383, 83.26923076923077
147, 698.0043049333174, 106.46569423076924, 247.96153846153845, 38.125, 87.46153846153847
148, 697.5988074653447, 109.67845480769232, 248.52884615384616, 43.10576923076923, 88.50961538461539
149, 697.1933099973722, 113.5045875, 249.22115384615384, 48.82692307692308, 90.79807692307692
150, 696.7878125293997, 117.59288750000002, 249.68269230769232, 55.13461538461539, 92.97115384615384
151, 696.3823150614272, 122.26352115384617, 250.3653846153846, 62.01923076923077, 96.70192307692308
152, 695.9768175934547, 126.21867788461539, 250.33653846153845, 68.27884615384616, 99.24038461538461
153, 695.5713201254821, 130.60224134615382, 251.04807692307693, 74.66346153846153, 102.95192307692308
154, 695.1658226575096, 133.62132307692315, 251.19230769230768, 79.36538461538461, 104.84615384615384
155, 694.7603251895371, 137.18707211538464, 251.58653846153845, 84.6826923076923, 107.71153846153847
156, 694.3548277215646, 140.13826250000002, 251.9903846153846, 89.14423076923077, 109.5673076923077
157, 693.949330253592, 143.07718076923075, 252.1346153846154, 93.64423076923077, 111.79807692307692
158, 693.5438327856195, 145.9821788461538, 252.73076923076923, 97.875, 113.9326923076923
159, 693.138335317647, 148.42445480769226, 253.04807692307693, 101.51923076923077, 115.75961538461539
160, 692.7328378496744, 150.38610096153846, 253.22115384615384, 104.50961538461539, 117.11538461538461
161, 692.3273403817019, 152.51612788461537, 253.2403846153846, 107.92307692307692, 118.17307692307692
162, 691.9218429137294, 154.34014807692304, 253.42307692307693, 110.64423076923077, 119.6826923076923
163, 691.5163454457569, 155.57723749999997, 253.68269230769232, 112.5, 120.29807692307692
164, 691.1108479777844, 156.95090961538446, 253.69230769230768, 114.66346153846153, 121.1826923076923
165, 690.7053505098118, 158.91352211538467, 254.0096153846154, 117.625, 122.3173076923077
166, 690.2998530418392, 159.90046057692305, 253.95192307692307, 119.3076923076923, 122.46153846153847
167, 689.8943555738667, 161.2885509615385, 254.0096153846154, 121.53846153846153, 123.0
168, 689.4888581058942, 162.51695673076918, 254.08653846153845, 123.45192307692308, 123.72115384615384
169, 689.0833606379217, 164.05707884615381, 254.21153846153845, 125.76923076923077, 124.97115384615384
170, 688.6778631699492, 164.69587115384613, 254.3653846153846, 126.78846153846153, 124.92307692307692
171, 688.2723657019766, 165.49528846153845, 254.51923076923077, 127.97115384615384, 125.4423076923077
172, 687.8668682340041, 165.91705, 254.40384615384616, 128.7596153846154, 125.38461538461539
173, 687.4613707660316, 166.3473269230769, 254.42307692307693, 129.42307692307693, 125.6923076923077
174, 687.055873298059, 166.7440105769231, 254.5096153846154, 130.08653846153845, 125.52884615384616
175, 686.6503758300865, 166.5262, 254.34615384615384, 129.8846153846154, 125.08653846153847
176, 686.2448783621139, 167.022310576923, 254.39423076923077, 130.625, 125.5
177, 685.8393808941414, 167.05514038461536, 254.46153846153845, 130.66346153846155, 125.41346153846153
178, 685.4338834261689, 166.63000865384615, 254.33653846153845, 130.16346153846155, 124.58653846153847
179, 685.0283859581964, 167.43438557692303, 254.60576923076923, 131.22115384615384, 125.49038461538461
180, 684.6228884902239, 167.18065384615375, 254.51923076923077, 130.97115384615384, 124.77884615384616
181, 684.2173910222514, 166.73019134615384, 254.43269230769232, 130.43269230769232, 123.82692307692308
182, 683.8118935542789, 167.00601730769228, 254.44230769230768, 130.8846153846154, 123.89423076923077
183, 683.4063960863062, 167.74442980769228, 254.7403846153846, 131.875, 124.49038461538461
184, 683.0008986183337, 167.2963807692308, 254.46153846153845, 131.44230769230768, 123.51923076923077
185, 682.5954011503612, 167.45229230769235, 254.57692307692307, 131.75, 123.0
186, 682.1899036823887, 167.11413653846154, 254.5, 131.39423076923077, 122.0673076923077
187, 681.7844062144162, 167.34347980769235, 254.72115384615384, 131.71153846153845, 121.86538461538461
188, 681.3789087464436, 167.6596307692307, 254.55769230769232, 132.35576923076923, 121.75
189, 680.9734112784711, 167.01731057692302, 254.29807692307693, 131.6346153846154, 120.50961538461539
190, 680.5679138104986, 167.01532980769227, 254.29807692307693, 131.71153846153845, 120.09615384615384
191, 680.1624163425261, 167.44077788461541, 254.52884615384616, 132.2403846153846, 120.5
192, 679.7569188745535, 166.9687173076922, 254.26923076923077, 131.79807692307693, 119.3173076923077
193, 679.351421406581, 167.29925961538459, 254.6153846153846, 132.2596153846154, 118.9326923076923
194, 678.9459239386084, 166.65937788461545, 254.58653846153845, 131.55769230769232, 117.00961538461539
195, 678.5404264706359, 166.32876538461537, 254.26923076923077, 131.42307692307693, 115.63461538461539
196, 678.1349290026634, 165.9712548076923, 254.27884615384616, 131.1153846153846, 114.0576923076923
197, 677.7294315346909, 166.88462980769225, 254.47115384615384, 132.58653846153845, 113.99038461538461
198, 677.3239340667184, 166.15764038461538, 254.3653846153846, 131.78846153846155, 112.0
199, 676.9184365987458, 166.208835576923, 254.52884615384616, 131.9903846153846, 110.98076923076923
200, 676.5129391307732, 165.923510576923, 254.41346153846155, 131.80769230769232, 109.72115384615384
201, 676.1074416628007, 166.7979480769231, 254.46153846153845, 133.20192307692307, 110.08653846153847
202, 675.7019441948282, 166.68449903846147, 254.52884615384616, 133.21153846153845, 108.86538461538461
203, 675.2964467268557, 167.38954230769238, 254.57692307692307, 134.44230769230768, 108.58653846153847
204, 674.8909492588832, 167.3377538461539, 254.28846153846155, 134.85576923076923, 106.75961538461539
205, 674.4854517909107, 167.49302403846156, 254.375, 135.375, 105.22115384615384
206, 674.0799543229381, 167.97032115384627, 254.3846153846154, 136.39423076923077, 104.13461538461539
207, 673.6744568549656, 168.70675288461538, 254.68269230769232, 137.46153846153845, 104.3173076923077
208, 673.2689593869931, 168.98100000000002, 254.51923076923077, 138.41346153846155, 102.25
209, 672.8634619190206, 169.86446442307684, 254.39423076923077, 140.02884615384616, 102.00961538461539
210, 672.457964451048, 170.5842240384615, 254.39423076923077, 141.42307692307693, 101.14423076923077
211, 672.0524669830754, 171.37470192307688, 254.6153846153846, 142.70192307692307, 100.91346153846153
212, 671.6469695151029, 171.39988846153858, 254.3846153846154, 143.21153846153845, 99.11538461538461
213, 671.2414720471304, 172.46562884615383, 254.48076923076923, 145.01923076923077, 98.90384615384616
214, 670.8359745791579, 172.83021346153853, 254.5, 146.0096153846154, 96.95192307692308
215, 670.4304771111854, 173.5238076923077, 254.42307692307693, 147.34615384615384, 96.35576923076923
216, 670.0249796432129, 173.58244423076928, 254.1153846153846, 147.95192307692307, 94.5576923076923
217, 669.6194821752403, 174.82806153846153, 254.48076923076923, 149.93269230769232, 94.32692307692308
218, 669.2139847072677, 175.4326798076922, 254.35576923076923, 151.39423076923077, 92.4326923076923
219, 668.8084872392952, 176.54513365384608, 254.52884615384616, 153.30769230769232, 91.88461538461539
220, 668.4029897713227, 177.6092923076923, 254.57692307692307, 155.48076923076923, 89.90384615384616
221, 667.9974923033502, 178.86599326923076, 254.77884615384616, 157.6346153846154, 89.3076923076923
222, 667.5919948353776, 179.68234999999999, 254.67307692307693, 159.41346153846155, 87.58653846153847
223, 667.1864973674051, 180.55305, 254.78846153846155, 160.95192307692307, 87.0
224, 666.7809998994326, 181.66779423076923, 254.75, 163.17307692307693, 85.4423076923077
225, 666.3755024314601, 182.0372961538462, 254.6346153846154, 164.2403846153846, 83.49038461538461
226, 665.9700049634876, 183.1792490384616, 254.625, 166.39423076923077, 82.4423076923077
227, 665.564507495515, 183.59568365384615, 254.70192307692307, 167.16346153846155, 81.9326923076923
228, 665.1590100275425, 183.8528942307691, 254.51923076923077, 168.09615384615384, 79.86538461538461
229, 664.7535125595699, 184.75859423076918, 254.53846153846155, 169.64423076923077, 79.78846153846153
230, 664.3480150915974, 185.86706730769234, 254.80769230769232, 171.56730769230768, 78.90384615384616
231, 663.9425176236249, 186.696026923077, 254.73076923076923, 173.0, 79.0
232, 663.5370201556524, 187.3025317307692, 254.77884615384616, 174.17307692307693, 78.15384615384616
233, 663.1315226876799, 188.3530673076922, 254.71153846153845, 175.96153846153845, 78.33653846153847
234, 662.7260252197073, 188.60710865384618, 254.58653846153845, 176.59615384615384, 77.625
235, 662.3205277517347, 189.2631307692307, 254.55769230769232, 177.77884615384616, 77.36538461538461
236, 661.9150302837622, 190.25374423076923, 254.48076923076923, 179.5, 77.39423076923077
237, 661.5095328157897, 190.5506298076924, 254.56730769230768, 180.09615384615384, 76.70192307692308
238, 661.1040353478172, 191.32987788461534, 254.68269230769232, 181.41346153846155, 76.45192307692308
239, 660.6985378798447, 191.75262307692296, 254.82692307692307, 182.14423076923077, 76.01923076923077
240, 660.2930404118721, 191.6423557692307, 254.6153846153846, 182.27884615384616, 74.91346153846153
241, 659.8875429438996, 192.48802403846153, 254.85576923076923, 183.5, 75.41346153846153
242, 659.4820454759271, 192.51706923076915, 254.69230769230768, 183.82692307692307, 74.41346153846153
243, 659.0765480079546, 192.37024038461547, 254.71153846153845, 183.75, 73.47115384615384
244, 658.671050539982, 191.86350288461549, 254.20192307692307, 183.47115384615384, 71.79807692307692
245, 658.2655530720094, 192.23425288461542, 254.58653846153845, 184.0096153846154, 71.26923076923077
246, 657.8600556040369, 192.76147115384612, 254.6153846153846, 185.04807692307693, 70.47115384615384
247, 657.4545581360644, 192.94958942307693, 254.68269230769232, 185.45192307692307, 69.86538461538461
248, 657.0490606680919, 193.28201634615385, 254.54807692307693, 186.28846153846155, 68.82692307692308
249, 656.6435632001194, 193.50639903846152, 254.56730769230768, 186.76923076923077, 68.26923076923077
250, 656.2380657321469, 193.9303961538462, 254.69230769230768, 187.65384615384616, 67.10576923076923
251, 655.8325682641744, 194.4891528846154, 254.81730769230768, 188.66346153846155, 66.48076923076923
252, 655.4270707962017, 194.1190884615384, 254.59615384615384, 188.64423076923077, 63.91346153846154
253, 655.0215733282292, 194.9887038461538, 254.69230769230768, 190.1346153846154, 63.61538461538461
254, 654.6160758602567, 195.14290673076914, 254.4903846153846, 190.82692307692307, 61.93269230769231
255, 654.2105783922842, 195.39650480769234, 254.66346153846155, 191.28846153846155, 61.32692307692308
256, 653.8050809243117, 195.78055192307687, 254.57692307692307, 192.31730769230768, 59.625
257, 653.3995834563391, 196.23251153846164, 254.69230769230768, 193.40384615384616, 57.69230769230769
258, 652.9940859883666, 196.44350000000006, 254.51923076923077, 194.22115384615384, 55.78846153846154
259, 652.5885885203941, 196.92285192307696, 254.75, 195.01923076923077, 55.27884615384615
260, 652.1830910524216, 197.15795673076906, 254.66346153846155, 195.79807692307693, 53.55769230769231
261, 651.777593584449, 197.14843076923074, 254.6346153846154, 196.06730769230768, 52.16346153846154
262, 651.3720961164765, 197.73504519230767, 254.64423076923077, 197.32692307692307, 50.79807692307692
263, 650.9665986485039, 197.88032211538464, 254.7596153846154, 197.65384615384616, 50.08653846153846
264, 650.5611011805314, 197.7857807692308, 254.59615384615384, 197.93269230769232, 48.25
265, 650.1556037125589, 198.38263173076925, 254.7403846153846, 198.84615384615384, 48.40384615384615
266, 649.7501062445864, 198.43281153846164, 254.57692307692307, 199.3846153846154, 46.5
267, 649.3446087766139, 199.10404615384624, 254.73076923076923, 200.44230769230768, 46.53846153846154
268, 648.9391113086413, 198.83276057692302, 254.60576923076923, 200.48076923076923, 44.28846153846154
269, 648.5336138406687, 199.5992701923077, 254.79807692307693, 201.7596153846154, 43.92307692307692
270, 648.1281163726962, 199.32316826923068, 254.56730769230768, 201.82692307692307, 41.75961538461539
271, 647.7226189047237, 199.21973365384616, 254.77884615384616, 201.7596153846154, 40.64423076923077
272, 647.3171214367512, 199.67179615384617, 254.53846153846155, 202.78846153846155, 39.94230769230769
273, 646.9116239687787, 200.29029615384616, 254.73076923076923, 203.80769230769232, 39.61538461538461
274, 646.5061265008062, 200.02459134615376, 254.66346153846155, 203.7403846153846, 37.80769230769231
275, 646.1006290328336, 200.58056826923075, 254.70192307692307, 204.625, 38.02884615384615
276, 645.6951315648611, 200.70495, 254.73076923076923, 205.1153846153846, 36.51923076923077
277, 645.2896340968886, 200.72274038461532, 254.71153846153845, 205.40384615384616, 35.24038461538461
278, 644.884136628916, 200.8506653846154, 254.69230769230768, 205.98076923076923, 33.44230769230769
279, 644.4786391609435, 201.23348942307697, 254.72115384615384, 206.77884615384616, 32.61538461538461
280, 644.0731416929709, 201.67572596153846, 254.7596153846154, 207.80769230769232, 31.096153846153847
281, 643.6676442249984, 201.68648076923066, 254.71153846153845, 208.125, 29.682692307692307
282, 643.2621467570259, 201.48488269230762, 254.53846153846155, 208.33653846153845, 27.278846153846153
283, 642.8566492890534, 202.25213749999995, 254.68269230769232, 209.73076923076923, 26.451923076923077
284, 642.4511518210809, 202.05205000000004, 254.5, 209.94230769230768, 24.08653846153846
285, 642.0456543531084, 202.98910288461522, 254.7403846153846, 211.5096153846154, 23.60576923076923
286, 641.6401568851358, 202.98670865384616, 254.7403846153846, 211.8846153846154, 21.653846153846153
287, 641.2346594171632, 202.988210576923, 254.625, 212.06730769230768, 21.028846153846153
288, 640.8291619491907, 203.2259153846154, 254.69230769230768, 212.6153846153846, 20.115384615384617
289, 640.4236644812182, 203.97708076923078, 254.76923076923077, 213.73076923076923, 20.759615384615383
290, 640.0181670132457, 203.76162788461534, 254.39423076923077, 213.71153846153845, 19.951923076923077
291, 639.6126695452731, 204.12712211538457, 254.64423076923077, 214.1153846153846, 20.423076923076923
292, 639.2071720773006, 204.32208749999998, 254.60576923076923, 214.65384615384616, 19.46153846153846
293, 638.8016746093281, 204.77787500000002, 254.6153846153846, 215.375, 19.721153846153847
294, 638.3961771413556, 205.52828076923086, 254.78846153846155, 216.625, 19.41346153846154
295, 637.990679673383, 205.92210000000003, 254.67307692307693, 217.31730769230768, 19.60576923076923
296, 637.5851822054105, 206.25696826923084, 254.7403846153846, 217.97115384615384, 19.0
297, 637.179684737438, 207.00319903846153, 254.83653846153845, 219.03846153846155, 19.798076923076923
298, 636.7741872694654, 207.05245384615378, 254.69230769230768, 219.44230769230768, 18.528846153846153
299, 636.3686898014929, 207.27042596153842, 254.68269230769232, 219.73076923076923, 18.98076923076923
300, 635.9631923335204, 207.49011153846158, 254.55769230769232, 220.27884615384616, 18.41346153846154
301, 635.5576948655479, 208.1894740384616, 254.58653846153845, 221.3846153846154, 18.778846153846153
302, 635.1521973975754, 208.12029903846152, 254.41346153846155, 221.51923076923077, 17.932692307692307
303, 634.7466999296028, 208.7010115384615, 254.69230769230768, 222.21153846153845, 18.73076923076923
304, 634.3412024616302, 209.37645, 254.73076923076923, 223.28846153846155, 19.009615384615383
305, 633.9357049936577, 209.56546250000005, 254.60576923076923, 223.64423076923077, 19.16346153846154
306, 633.5302075256852, 210.1385807692307, 254.76923076923077, 224.5, 19.35576923076923
307, 633.1247100577127, 210.69298173076928, 254.70192307692307, 225.34615384615384, 20.03846153846154
308, 632.7192125897402, 211.30752211538476, 254.77884615384616, 226.35576923076923, 20.028846153846153
309, 632.3137151217677, 211.63830673076922, 254.72115384615384, 226.90384615384616, 20.259615384615383
310, 631.9082176537951, 212.28107980769235, 254.77884615384616, 227.91346153846155, 20.548076923076923
311, 631.5027201858226, 212.48887500000006, 254.71153846153845, 228.23076923076923, 20.91346153846154
312, 631.0972227178501, 212.41818461538458, 254.5, 228.30769230769232, 20.451923076923077
313, 630.6917252498775, 213.1644846153846, 254.76923076923077, 229.17307692307693, 21.83653846153846
314, 630.286227781905, 213.12629711538446, 254.625, 229.26923076923077, 21.384615384615383
315, 629.8807303139324, 213.67108173076926, 254.7596153846154, 229.93269230769232, 22.39423076923077
316, 629.4752328459599, 213.65697788461543, 254.64423076923077, 229.97115384615384, 22.375
317, 629.0697353779874, 214.2649009615384, 254.7403846153846, 230.76923076923077, 23.346153846153847
318, 628.6642379100149, 214.37795096153835, 254.52884615384616, 231.14423076923077, 22.96153846153846
319, 628.2587404420424, 215.113735576923, 254.7596153846154, 232.06730769230768, 24.057692307692307
320, 627.8532429740699, 215.0766826923077, 254.51923076923077, 232.1153846153846, 24.115384615384617
321, 627.4477455060972, 215.3264442307692, 254.59615384615384, 232.3653846153846, 24.817307692307693
322, 627.0422480381247, 215.3890192307692, 254.42307692307693, 232.57692307692307, 24.73076923076923
323, 626.6367505701522, 216.01463942307686, 254.47115384615384, 233.32692307692307, 26.23076923076923
324, 626.2312531021797, 215.88653557692308, 254.35576923076923, 233.3653846153846, 25.21153846153846
325, 625.8257556342072, 216.50775576923076, 254.46153846153845, 234.06730769230768, 26.76923076923077
326, 625.4202581662346, 216.46995288461542, 254.125, 234.27884615384616, 26.23076923076923
327, 625.0147606982621, 217.31167499999992, 254.40384615384616, 235.3653846153846, 27.28846153846154
328, 624.6092632302896, 217.49036250000006, 254.16346153846155, 235.78846153846155, 27.307692307692307
329, 624.2037657623171, 217.60458653846158, 253.84615384615384, 236.02884615384616, 27.903846153846153
330, 623.7982682943446, 217.90357115384626, 253.80769230769232, 236.625, 27.557692307692307
331, 623.392770826372, 218.22402115384608, 253.53846153846155, 237.125, 28.5
332, 622.9872733583995, 218.33585096153826, 253.31730769230768, 237.40384615384616, 28.625
333, 622.5817758904269, 218.9920990384615, 253.2403846153846, 238.41346153846155, 29.384615384615383
334, 622.1762784224544, 219.50844711538454, 253.31730769230768, 239.19230769230768, 29.701923076923077
335, 621.7707809544819, 219.4951711538461, 253.09615384615384, 239.26923076923077, 29.76923076923077
336, 621.3652834865094, 219.624364423077, 252.89423076923077, 239.58653846153845, 29.798076923076923
337, 620.9597860185368, 219.917176923077, 252.75, 240.06730769230768, 30.26923076923077
338, 620.5542885505643, 219.9309711538463, 252.21153846153845, 240.48076923076923, 29.673076923076923
339, 620.1487910825917, 219.80030288461532, 251.68269230769232, 240.48076923076923, 29.91346153846154
340, 619.7432936146192, 220.56258076923072, 251.69230769230768, 241.69230769230768, 30.33653846153846
341, 619.3377961466467, 220.51939519230766, 251.2403846153846, 241.875, 30.201923076923077
342, 618.9322986786742, 220.63332788461543, 250.47115384615384, 242.5, 30.0
343, 618.5268012107017, 220.94086249999998, 250.125, 243.07692307692307, 30.634615384615383
344, 618.1213037427291, 220.9766076923077, 249.59615384615384, 243.45192307692307, 30.403846153846153
345, 617.7158062747566, 221.0930086538462, 248.95192307692307, 243.89423076923077, 30.83653846153846
346, 617.3103088067841, 220.75479807692298, 247.8846153846154, 243.9903846153846, 30.173076923076923
347, 616.9048113388116, 220.9306798076923, 247.33653846153845, 244.5, 30.528846153846153
348, 616.499313870839, 220.80955288461539, 246.29807692307693, 244.8653846153846, 30.307692307692307
349, 616.0938164028664, 221.53455096153837, 246.125, 246.0, 31.278846153846153
350, 615.6883189348939, 221.4812769230769, 245.30769230769232, 246.40384615384616, 30.875
351, 615.2828214669214, 221.65235961538457, 244.76923076923077, 246.91346153846155, 31.16346153846154
352, 614.8773239989489, 221.1872942307694, 243.40384615384616, 246.98076923076923, 30.317307692307693
353, 614.4718265309764, 221.230939423077, 242.14423076923077, 247.64423076923077, 30.58653846153846
354, 614.0663290630039, 221.23061057692308, 241.20192307692307, 248.20192307692307, 30.182692307692307
355, 613.6608315950314, 221.30604038461541, 240.65384615384616, 248.60576923076923, 30.201923076923077
356, 613.2553341270587, 221.05715000000006, 239.26923076923077, 249.15384615384616, 28.826923076923077
357, 612.8498366590862, 220.63541153846148, 237.80769230769232, 249.26923076923077, 28.365384615384617
358, 612.4443391911137, 220.1037730769231, 235.82692307692307, 249.66346153846155, 26.865384615384617
359, 612.0388417231412, 219.942875, 234.51923076923077, 250.23076923076923, 25.96153846153846
360, 611.6333442551686, 219.1048394230769, 231.9903846153846, 250.29807692307693, 24.89423076923077
361, 611.2278467871961, 218.18212980769238, 229.56730769230768, 250.23076923076923, 23.5
362, 610.8223493192236, 217.31805384615393, 226.67307692307693, 250.54807692307693, 21.875
363, 610.4168518512511, 216.84699230769232, 224.1153846153846, 251.17307692307693, 21.23076923076923
364, 610.0113543832786, 215.5606749999999, 220.07692307692307, 251.41346153846155, 19.298076923076923
365, 609.605856915306, 214.07674134615394, 215.66346153846155, 251.39423076923077, 17.951923076923077
366, 609.2003594473335, 212.8275576923077, 211.25, 251.83653846153845, 16.28846153846154
367, 608.794861979361, 211.57118942307687, 207.43269230769232, 251.8846153846154, 15.028846153846153
368, 608.3893645113884, 209.98676346153846, 202.65384615384616, 251.79807692307693, 14.10576923076923
369, 607.9838670434159, 208.7554096153846, 198.01923076923077, 252.01923076923077, 14.317307692307692
370, 607.5783695754434, 207.33419423076924, 192.76923076923077, 252.27884615384616, 14.278846153846153
371, 607.1728721074709, 206.33766923076925, 188.1153846153846, 252.78846153846155, 15.115384615384615
372, 606.7673746394983, 204.36296634615388, 181.97115384615384, 252.46153846153845, 15.586538461538462
373, 606.3618771715257, 203.5975663461538, 177.60576923076923, 253.04807692307693, 17.298076923076923
374, 605.9563797035532, 201.0990461538461, 170.30769230769232, 252.57692307692307, 16.942307692307693
375, 605.5508822355807, 200.42477211538466, 166.02884615384616, 253.32692307692307, 18.384615384615383
376, 605.1453847676082, 198.43663653846153, 159.8846153846154, 253.04807692307693, 18.490384615384617
377, 604.7398872996357, 196.64583557692308, 153.56730769230768, 253.10576923076923, 19.048076923076923
378, 604.3343898316632, 193.9607480769231, 145.5, 252.60576923076923, 19.221153846153847
379, 603.9288923636906, 192.2294326923076, 138.65384615384616, 252.95192307692307, 20.201923076923077
380, 603.5233948957181, 190.14911634615373, 130.7596153846154, 253.2596153846154, 21.067307692307693
381, 603.1178974277456, 187.25840480769224, 121.24038461538461, 253.03846153846155, 21.807692307692307
382, 602.712399959773, 184.30096538461532, 111.88461538461539, 252.78846153846155, 21.682692307692307
383, 602.3069024918004, 182.19471826923078, 104.16346153846153, 253.10576923076923, 21.817307692307693
384, 601.9014050238279, 178.75517019230762, 93.97115384615384, 252.42307692307693, 21.884615384615383
385, 601.4959075558554, 176.20279134615384, 84.6826923076923, 252.44230769230768, 23.75
386, 601.0904100878829, 173.41489903846147, 75.4326923076923, 252.375, 23.89423076923077
387, 600.6849126199104, 171.68918076923077, 68.28846153846153, 252.875, 24.91346153846154
388, 600.2794151519379, 169.20939230769227, 60.40384615384615, 252.66346153846155, 24.923076923076923
389, 599.8739176839654, 167.3273153846153, 53.76923076923077, 252.67307692307693, 25.759615384615383
390, 599.4684202159929, 166.22648076923088, 48.84615384615385, 253.1346153846154, 26.634615384615383
391, 599.0629227480202, 165.92840961538457, 46.48076923076923, 253.46153846153845, 28.53846153846154
392, 598.6574252800477, 164.66212788461536, 42.375, 253.35576923076923, 28.740384615384617
393, 598.2519278120752, 164.1628980769231, 39.67307692307692, 253.6346153846154, 30.009615384615383
394, 597.8464303441027, 163.25584999999995, 36.30769230769231, 253.71153846153845, 30.48076923076923
395, 597.4409328761301, 162.4748701923077, 33.50961538461539, 253.6153846153846, 31.46153846153846
396, 597.0354354081576, 161.82262115384617, 30.51923076923077, 253.76923076923077, 32.78846153846154
397, 596.6299379401851, 161.01054903846156, 27.298076923076923, 253.67307692307693, 34.60576923076923
398, 596.2244404722126, 159.63376634615386, 22.528846153846153, 253.5096153846154, 35.875
399, 595.81894300424, 158.29927403846156, 17.64423076923077, 253.41346153846155, 37.47115384615385
400, 595.4134455362675, 157.12996923076926, 12.615384615384615, 253.57692307692307, 39.55769230769231
401, 595.007948068295, 155.3933096153846, 7.384615384615385, 252.93269230769232, 41.35576923076923
402, 594.6024506003224, 154.6478192307692, 4.019230769230769, 253.16346153846155, 42.45192307692308
403, 594.1969531323499, 154.59512307692316, 2.9038461538461537, 253.4903846153846, 43.23076923076923
404, 593.7914556643774, 154.34016057692313, 1.8557692307692308, 253.56730769230768, 43.34615384615385
405, 593.3859581964049, 154.55720769230768, 1.8653846153846154, 253.72115384615384, 44.43269230769231
406, 592.9804607284323, 154.6765596153847, 1.7115384615384615, 253.90384615384616, 44.94230769230769
407, 592.5749632604598, 154.89552211538464, 2.2788461538461537, 253.77884615384616, 46.01923076923077
408, 592.1694657924872, 154.7539817307692, 1.9134615384615385, 253.68269230769232, 46.23076923076923
409, 591.7639683245147, 154.84953846153846, 1.5384615384615385, 253.90384615384616, 46.91346153846154
410, 591.3584708565422, 154.95620769230774, 1.4807692307692308, 253.97115384615384, 47.65384615384615
411, 590.9529733885697, 155.07143749999997, 1.6826923076923077, 253.84615384615384, 48.77884615384615
412, 590.5474759205972, 154.9808721153846, 1.4711538461538463, 253.72115384615384, 49.18269230769231
413, 590.1419784526247, 155.27757692307694, 1.9230769230769231, 253.75, 50.45192307692308
414, 589.7364809846521, 155.2580596153846, 1.8076923076923077, 253.66346153846155, 51.02884615384615
415, 589.3309835166796, 155.54174230769235, 1.9038461538461537, 253.89423076923077, 52.07692307692308
416, 588.9254860487071, 155.71274519230764, 1.7788461538461537, 254.02884615384616, 53.21153846153846
417, 588.5199885807345, 155.6487509615385, 2.0096153846153846, 253.55769230769232, 54.47115384615385
418, 588.1144911127619, 155.62667019230776, 1.8557692307692308, 253.48076923076923, 55.07692307692308
419, 587.7089936447894, 155.60509615384618, 1.7307692307692308, 253.44230769230768, 55.41346153846154
420, 587.3034961768169, 155.8527413461538, 1.8173076923076923, 253.72115384615384, 55.92307692307692
421, 586.8979987088444, 155.93144134615383, 1.8365384615384615, 253.69230769230768, 56.71153846153846
422, 586.4925012408719, 156.07061346153847, 1.8461538461538463, 253.77884615384616, 57.46153846153846
423, 586.0870037728994, 156.32389807692314, 1.8846153846153846, 254.0096153846154, 58.39423076923077
424, 585.6815063049269, 156.28734134615382, 1.875, 253.76923076923077, 59.33653846153846
425, 585.2760088369542, 156.44067500000008, 1.8076923076923077, 253.91346153846155, 60.11538461538461
426, 584.8705113689817, 156.20311923076926, 1.5, 253.53846153846155, 60.76923076923077
427, 584.4650139010092, 156.52048942307698, 1.7403846153846154, 253.73076923076923, 61.93269230769231
428, 584.0595164330367, 156.20493846153843, 1.3846153846153846, 253.28846153846155, 62.375
429, 583.6540189650642, 156.55446730769228, 1.5769230769230769, 253.5096153846154, 63.79807692307692
430, 583.2485214970916, 156.6416269230769, 1.7115384615384615, 253.43269230769232, 64.60576923076923
431, 582.8430240291191, 157.1780557692308, 2.1346153846153846, 253.8846153846154, 65.875
432, 582.4375265611466, 156.92659326923084, 1.8557692307692308, 253.53846153846155, 66.1826923076923
433, 582.0320290931741, 156.97522692307686, 1.5769230769230769, 253.5, 67.53846153846153
434, 581.6265316252016, 157.31176538461543, 1.7692307692307692, 253.73076923076923, 68.79807692307692
435, 581.221034157229, 157.66808557692306, 2.2211538461538463, 253.91346153846155, 69.79807692307692
436, 580.8155366892565, 157.1951798076923, 1.6634615384615385, 253.375, 69.88461538461539
437, 580.4100392212839, 157.6387182692307, 2.144230769230769, 253.53846153846155, 71.67307692307692
438, 580.0045417533114, 157.76788846153843, 2.076923076923077, 253.6153846153846, 72.58653846153847
439, 579.5990442853389, 157.83980000000003, 2.0961538461538463, 253.5096153846154, 73.71153846153847
440, 579.1935468173664, 157.68089038461537, 1.5769230769230769, 253.35576923076923, 74.47115384615384
441, 578.7880493493938, 157.58215576923078, 1.6153846153846154, 252.93269230769232, 75.6826923076923
442, 578.3825518814213, 157.7295182692308, 1.5480769230769231, 253.04807692307693, 76.5576923076923
443, 577.9770544134487, 158.22121826923063, 1.8557692307692308, 253.41346153846155, 78.1826923076923
444, 577.5715569454762, 158.2377865384616, 1.75, 253.34615384615384, 78.95192307692308
445, 577.1660594775037, 158.3314778846154, 1.7596153846153846, 253.33653846153845, 79.79807692307692
446, 576.7605620095312, 158.35979807692306, 1.7307692307692308, 253.31730769230768, 80.22115384615384
447, 576.3550645415587, 158.4729278846154, 1.9711538461538463, 253.23076923076923, 81.02884615384616
448, 575.9495670735861, 158.79755673076923, 2.2211538461538463, 253.42307692307693, 82.23076923076923
449, 575.5440696056136, 158.5940980769231, 1.6153846153846154, 253.20192307692307, 83.17307692307692
450, 575.1385721376411, 158.5710692307693, 1.5192307692307692, 253.08653846153845, 83.8173076923077
451, 574.7330746696686, 158.86546538461545, 1.8846153846153846, 253.21153846153845, 84.79807692307692
452, 574.327577201696, 158.74192403846155, 1.7211538461538463, 253.0096153846154, 85.1826923076923
453, 573.9220797337234, 158.9049721153847, 1.7211538461538463, 253.05769230769232, 86.36538461538461
454, 573.5165822657509, 159.11387403846157, 1.9326923076923077, 253.1153846153846, 87.34615384615384
455, 573.1110847977784, 159.61476057692315, 2.4903846153846154, 253.3653846153846, 88.99038461538461
456, 572.7055873298059, 159.4411461538462, 1.9038461538461537, 253.33653846153845, 89.15384615384616
457, 572.3000898618334, 159.39737307692306, 1.75, 253.14423076923077, 90.16346153846153
458, 571.8945923938609, 159.37964807692305, 1.5, 253.14423076923077, 90.66346153846153
459, 571.4890949258884, 159.79557596153847, 2.0288461538461537, 253.28846153846155, 92.1826923076923
460, 571.0835974579157, 159.63668557692307, 1.7980769230769231, 253.02884615384616, 92.73076923076923
461, 570.6780999899432, 159.93805673076923, 2.125, 253.14423076923077, 93.92307692307692
462, 570.2726025219707, 159.51901730769234, 1.4615384615384615, 252.79807692307693, 93.76923076923077
463, 569.8671050539982, 160.007551923077, 2.076923076923077, 253.04807692307693, 95.15384615384616
464, 569.4616075860256, 160.0310836538461, 1.9519230769230769, 253.01923076923077, 95.83653846153847
465, 569.0561101180531, 160.09517307692312, 1.8269230769230769, 252.9903846153846, 96.875
466, 568.6506126500806, 159.73044134615387, 1.3557692307692308, 252.58653846153845, 96.99038461538461
467, 568.2451151821081, 160.3831317307693, 2.2403846153846154, 252.92307692307693, 98.66346153846153
468, 567.8396177141356, 160.14864711538456, 1.7019230769230769, 252.78846153846155, 98.71153846153847
469, 567.434120246163, 160.52687019230768, 2.1634615384615383, 252.8653846153846, 100.42307692307692
470, 567.0286227781905, 160.3238384615384, 1.5192307692307692, 252.89423076923077, 100.1826923076923
471, 566.6231253102179, 160.74614615384615, 1.9038461538461537, 253.04807692307693, 102.08653846153847
472, 566.2176278422454, 160.7754576923077, 1.7692307692307692, 253.07692307692307, 102.54807692307692
473, 565.8121303742729, 161.1677576923077, 2.423076923076923, 253.1153846153846, 104.07692307692308
474, 565.4066329063004, 160.8677048076923, 1.7019230769230769, 252.98076923076923, 104.02884615384616
475, 565.0011354383279, 161.23257884615384, 2.1923076923076925, 252.9903846153846, 105.89423076923077
476, 564.5956379703553, 160.78470769230765, 1.4807692307692308, 252.56730769230768, 106.00961538461539
477, 564.1901405023827, 161.53639423076922, 2.3076923076923075, 252.97115384615384, 108.35576923076923
478, 563.7846430344102, 161.33479230769234, 1.9807692307692308, 252.66346153846155, 109.02884615384616
479, 563.3791455664377, 161.45578269230768, 2.269230769230769, 252.45192307692307, 110.42307692307692
480, 562.9736480984652, 161.63423365384617, 1.9903846153846154, 252.6346153846154, 111.77884615384616
481, 562.5681506304927, 162.29054519230766, 2.4326923076923075, 252.83653846153845, 115.33653846153847
482, 562.1626531625202, 162.4679586538461, 2.4326923076923075, 252.82692307692307, 116.9423076923077
483, 561.7571556945476, 162.2323096153846, 1.9038461538461537, 252.51923076923077, 117.84615384615384
484, 561.3516582265751, 161.95819711538462, 1.875, 251.9903846153846, 118.24038461538461
485, 560.9461607586026, 162.4434586538462, 2.144230769230769, 252.20192307692307, 120.70192307692308
486, 560.54066329063, 162.76341923076922, 2.3461538461538463, 252.3846153846154, 122.03846153846153
487, 560.1351658226574, 162.94438557692305, 2.105769230769231, 252.4903846153846, 123.71153846153847
488, 559.7296683546849, 162.84035096153838, 1.875, 252.29807692307693, 124.39423076923077
489, 559.3241708867124, 163.16670769230774, 1.9615384615384615, 252.5, 125.99038461538461
490, 558.9186734187399, 163.11139903846154, 1.7788461538461537, 252.39423076923077, 126.52884615384616
491, 558.5131759507674, 163.29458942307687, 1.8942307692307692, 252.30769230769232, 128.27884615384616
492, 558.1076784827949, 163.32274230769235, 1.9038461538461537, 252.18269230769232, 129.14423076923077
493, 557.7021810148224, 163.78735576923074, 2.1153846153846154, 252.45192307692307, 131.27884615384616
494, 557.2966835468497, 163.59932211538464, 1.7788461538461537, 252.14423076923077, 132.09615384615384
495, 556.8911860788772, 163.49020288461546, 1.7211538461538463, 251.76923076923077, 133.22115384615384
496, 556.4856886109047, 163.64181346153848, 1.5769230769230769, 251.875, 134.3846153846154
497, 556.0801911429322, 164.13026442307688, 1.875, 252.15384615384616, 136.45192307692307
498, 555.6746936749597, 164.16388173076925, 1.8557692307692308, 252.01923076923077, 137.4903846153846
499, 555.2691962069871, 164.54560384615382, 2.230769230769231, 252.21153846153845, 138.8653846153846
500, 554.8636987390146, 164.2273326923077, 1.6730769230769231, 252.0, 138.625
501, 554.4582012710421, 164.3298153846154, 1.9423076923076923, 251.68269230769232, 140.45192307692307
502, 554.0527038030696, 164.33410384615382, 1.5576923076923077, 251.79807692307693, 140.90384615384616
503, 553.647206335097, 165.04342307692303, 2.4038461538461537, 252.14423076923077, 143.125
504, 553.2417088671245, 164.79519038461538, 2.230769230769231, 251.7403846153846, 143.48076923076923
505, 552.836211399152, 165.01992019230767, 2.048076923076923, 251.92307692307693, 144.9903846153846
506, 552.4307139311794, 164.83596442307694, 1.7019230769230769, 251.70192307692307, 145.42307692307693
507, 552.0252164632069, 165.05731923076917, 2.0, 251.6153846153846, 147.02884615384616
508, 551.6197189952344, 165.27995096153836, 2.0288461538461537, 251.7596153846154, 148.16346153846155
509, 551.2142215272619, 165.17545288461548, 1.7211538461538463, 251.53846153846155, 149.19230769230768
510, 550.8087240592893, 165.5946855769231, 2.2788461538461537, 251.69230769230768, 150.6153846153846
511, 550.4032265913168, 165.7674701923077, 2.125, 251.92307692307693, 151.34615384615384
512, 549.9977291233442, 165.7711913461539, 2.0288461538461537, 251.76923076923077, 152.42307692307693
513, 549.5922316553717, 166.23876057692308, 2.105769230769231, 252.0, 155.1346153846154
514, 549.1867341873992, 166.00362019230775, 1.7788461538461537, 251.65384615384616, 155.71153846153845
515, 548.7812367194267, 166.22766153846152, 2.0384615384615383, 251.69230769230768, 156.79807692307693
516, 548.3757392514542, 166.02501249999995, 1.7980769230769231, 251.41346153846155, 157.08653846153845
517, 547.9702417834817, 166.45821057692302, 2.2211538461538463, 251.59615384615384, 158.83653846153845
518, 547.5647443155091, 166.18568076923077, 1.8461538461538463, 251.25, 159.21153846153845
519, 547.1592468475366, 166.47818846153845, 1.9615384615384615, 251.40384615384616, 160.68269230769232
520, 546.753749379564, 166.44917211538464, 1.8365384615384615, 251.25, 161.54807692307693
521, 546.3482519115915, 166.67055673076928, 1.9326923076923077, 251.29807692307693, 162.9903846153846
522, 545.9427544436189, 166.72201153846157, 1.9038461538461537, 251.22115384615384, 163.91346153846155
523, 545.5372569756464, 167.06356923076925, 2.1923076923076925, 251.34615384615384, 165.5096153846154
524, 545.1317595076739, 166.61836634615383, 1.625, 250.8653846153846, 165.56730769230768
525, 544.7262620397014, 167.05415961538458, 2.0576923076923075, 251.09615384615384, 167.06730769230768
526, 544.3207645717289, 166.95088269230772, 1.8461538461538463, 250.93269230769232, 167.55769230769232
527, 543.9152671037564, 167.22521826923077, 2.3365384615384617, 250.90384615384616, 168.82692307692307
528, 543.5097696357839, 167.23033653846147, 2.019230769230769, 250.98076923076923, 169.30769230769232
529, 543.1042721678112, 167.34632884615382, 2.0, 250.85576923076923, 171.01923076923077
530, 542.6987746998387, 167.30298942307698, 1.7403846153846154, 250.80769230769232, 171.56730769230768
531, 542.2932772318662, 167.36375961538462, 1.7307692307692308, 250.68269230769232, 172.76923076923077
532, 541.8877797638937, 167.44346538461534, 1.8846153846153846, 250.53846153846155, 173.80769230769232
533, 541.4822822959211, 167.70086057692313, 2.0673076923076925, 250.53846153846155, 175.58653846153845
534, 541.0767848279486, 167.5545, 1.6346153846153846, 250.375, 176.27884615384616
535, 540.6712873599761, 167.9394701923077, 2.0288461538461537, 250.35576923076923, 178.72115384615384
536, 540.2657898920036, 168.14737596153844, 1.9134615384615385, 250.55769230769232, 179.80769230769232
537, 539.8602924240311, 168.082675, 1.7115384615384615, 250.17307692307693, 181.75
538, 539.4547949560585, 168.00319999999996, 1.6538461538461537, 249.8653846153846, 182.78846153846155
539, 539.049297488086, 168.554860576923, 2.2596153846153846, 250.0, 185.34615384615384
540, 538.6438000201135, 168.2404605769231, 1.4519230769230769, 249.76923076923077, 185.89423076923077
541, 538.2383025521409, 168.7279951923078, 2.1634615384615383, 249.81730769230768, 188.05769230769232
542, 537.8328050841684, 168.64185576923072, 2.1153846153846154, 249.52884615384616, 188.91346153846155
543, 537.4273076161959, 168.80552403846153, 1.9711538461538463, 249.6346153846154, 190.18269230769232
544, 537.0218101482234, 168.40485096153836, 1.5865384615384615, 249.07692307692307, 190.54807692307693
545, 536.6163126802508, 169.12122980769234, 2.125, 249.5096153846154, 193.19230769230768
546, 536.2108152122782, 169.2558355769231, 1.9326923076923077, 249.65384615384616, 194.1346153846154
547, 535.8053177443057, 169.5689634615384, 2.0961538461538463, 249.78846153846155, 195.7596153846154
548, 535.3998202763332, 169.40660961538464, 1.8846153846153846, 249.56730769230768, 196.02884615384616
549, 534.9943228083607, 170.05745576923078, 2.5576923076923075, 249.90384615384616, 198.2403846153846
550, 534.5888253403882, 169.71615673076923, 1.9903846153846154, 249.53846153846155, 198.6153846153846
551, 534.1833278724157, 169.79326730769233, 2.1346153846153846, 249.34615384615384, 199.90384615384616
552, 533.7778304044431, 169.68450865384622, 2.2211538461538463, 248.97115384615384, 200.65384615384616
553, 533.3723329364706, 169.85866538461536, 2.1923076923076925, 249.01923076923077, 202.0096153846154
554, 532.9668354684981, 169.6931567307692, 1.7980769230769231, 248.92307692307693, 202.08653846153845
555, 532.5613380005256, 170.019676923077, 1.8846153846153846, 249.1346153846154, 203.6346153846154
556, 532.1558405325529, 169.9656875000001, 2.0673076923076925, 248.80769230769232, 204.3653846153846
557, 531.7503430645804, 169.75302019230773, 1.7211538461538463, 248.5096153846154, 204.94230769230768
558, 531.3448455966079, 169.75917499999994, 1.8076923076923077, 248.31730769230768, 205.7596153846154
559, 530.9393481286354, 170.21207019230775, 2.375, 248.60576923076923, 206.7596153846154
560, 530.5338506606629, 170.04079615384612, 2.230769230769231, 248.28846153846155, 207.26923076923077
561, 530.1283531926904, 170.33596826923073, 2.144230769230769, 248.53846153846155, 208.79807692307693
562, 529.7228557247179, 170.3589653846155, 1.9807692307692308, 248.5096153846154, 209.57692307692307
563, 529.3173582567454, 170.61247211538466, 2.298076923076923, 248.55769230769232, 210.72115384615384
564, 528.9118607887727, 170.5391817307693, 2.0288461538461537, 248.52884615384616, 210.93269230769232
565, 528.5063633208002, 170.62996826923074, 2.5288461538461537, 248.17307692307693, 212.25
566, 528.1008658528277, 170.4711230769231, 2.423076923076923, 247.84615384615384, 212.81730769230768
567, 527.6953683848552, 170.06375192307698, 1.9038461538461537, 247.32692307692307, 213.27884615384616
568, 527.2898709168826, 170.07540000000006, 1.6730769230769231, 247.29807692307693, 214.1346153846154
569, 526.8843734489101, 170.36232692307698, 2.1153846153846154, 247.30769230769232, 215.44230769230768
570, 526.4788759809376, 170.43375384615382, 2.269230769230769, 247.19230769230768, 216.2596153846154
571, 526.0733785129651, 170.60035961538472, 2.4615384615384617, 247.16346153846155, 217.3653846153846
572, 525.6678810449926, 169.91025000000005, 1.8269230769230769, 246.35576923076923, 217.1346153846154
573, 525.26238357702, 170.3444586538462, 2.4326923076923075, 246.48076923076923, 218.71153846153845
574, 524.8568861090475, 170.12084423076928, 1.9423076923076923, 246.26923076923077, 219.125
575, 524.4513886410749, 170.35232596153855, 2.4134615384615383, 246.25, 220.01923076923077
576, 524.0458911731024, 169.8376173076923, 2.0961538461538463, 245.53846153846155, 220.0
577, 523.6403937051299, 170.08969519230772, 2.2788461538461537, 245.54807692307693, 221.68269230769232
578, 523.2348962371574, 169.48614326923078, 1.7403846153846154, 244.78846153846155, 221.71153846153845
579, 522.8293987691849, 169.4229442307693, 2.0961538461538463, 244.42307692307693, 222.10576923076923
580, 522.4239013012123, 169.41161826923081, 1.9903846153846154, 244.32692307692307, 222.77884615384616
581, 522.0184038332397, 169.45560865384616, 2.0865384615384617, 244.19230769230768, 223.60576923076923
582, 521.6129063652672, 169.0772336538462, 1.7019230769230769, 243.72115384615384, 223.72115384615384
583, 521.2074088972947, 169.76833750000011, 2.5865384615384617, 244.125, 225.3846153846154
584, 520.8019114293222, 169.49001153846163, 2.1923076923076925, 243.71153846153845, 226.10576923076923
585, 520.3964139613497, 169.53428365384622, 2.1634615384615383, 243.66346153846155, 226.81730769230768
586, 519.9909164933772, 169.08982211538466, 1.9711538461538463, 242.95192307692307, 227.08653846153845
587, 519.5854190254046, 169.32855865384624, 2.105769230769231, 243.08653846153845, 228.1346153846154
588, 519.1799215574321, 169.3685653846154, 2.0384615384615383, 243.07692307692307, 228.71153846153845
589, 518.7744240894596, 169.33450480769235, 2.451923076923077, 242.70192307692307, 229.2596153846154
590, 518.368926621487, 168.99847500000007, 2.173076923076923, 242.34615384615384, 228.875
591, 517.9634291535144, 168.65150865384615, 2.0288461538461537, 241.81730769230768, 228.93269230769232
592, 517.5579316855419, 168.46312692307703, 1.9038461538461537, 241.5096153846154, 229.19230769230768
593, 517.1524342175694, 168.93950096153847, 2.5865384615384617, 241.73076923076923, 230.44230769230768
594, 516.7469367495969, 168.45196057692314, 1.8365384615384615, 241.32692307692307, 230.21153846153845
595, 516.3414392816244, 168.25347884615394, 2.1346153846153846, 240.78846153846155, 230.46153846153845
596, 515.9359418136519, 168.3136365384616, 2.1923076923076925, 240.79807692307693, 230.78846153846155
597, 515.5304443456794, 168.33148269230776, 2.2884615384615383, 240.67307692307693, 231.33653846153845
598, 515.1249468777067, 168.19914326923075, 2.4134615384615383, 240.29807692307693, 231.77884615384616
599, 514.7194494097342, 167.80593846153855, 2.25, 239.64423076923077, 232.125
600, 514.3139519417617, 167.35380384615394, 2.0576923076923075, 238.93269230769232, 232.32692307692307
601, 513.9084544737892, 167.12201826923075, 2.3173076923076925, 238.33653846153845, 232.68269230769232
602, 513.5029570058167, 166.4352557692308, 1.9615384615384615, 237.33653846153845, 232.7403846153846
603, 513.0974595378441, 166.93868173076928, 2.894230769230769, 237.46153846153845, 234.06730769230768
604, 512.6919620698716, 165.61884807692311, 1.7115384615384615, 235.94230769230768, 233.41346153846155
605, 512.2864646018991, 165.71349423076921, 2.269230769230769, 235.70192307692307, 234.01923076923077
606, 511.88096713392656, 165.0428221153846, 1.7788461538461537, 234.85576923076923, 233.77884615384616
607, 511.47546966595405, 165.8108615384616, 2.730769230769231, 235.44230769230768, 235.0
608, 511.0699721979815, 165.36797403846165, 2.4711538461538463, 234.84615384615384, 234.8653846153846
609, 510.664474730009, 165.15957500000002, 2.423076923076923, 234.39423076923077, 235.4903846153846
610, 510.2589772620364, 164.86814615384614, 2.2884615384615383, 233.93269230769232, 235.66346153846155
611, 509.8534797940639, 164.66756346153846, 2.5384615384615383, 233.47115384615384, 235.625
612, 509.4479823260914, 164.14045769230773, 2.1538461538461537, 232.82692307692307, 235.32692307692307
613, 509.0424848581189, 163.45002019230773, 1.8173076923076923, 231.78846153846155, 235.5
614, 508.6369873901463, 163.30883942307693, 1.8942307692307692, 231.48076923076923, 235.64423076923077
615, 508.2314899221738, 162.95453846153848, 2.1153846153846154, 230.67307692307693, 236.1153846153846
616, 507.82599245420124, 162.77254423076923, 2.1538461538461537, 230.31730769230768, 236.25
617, 507.42049498622873, 162.26389519230773, 2.298076923076923, 229.32692307692307, 236.5096153846154
618, 507.0149975182562, 161.42645865384617, 1.7596153846153846, 228.22115384615384, 236.26923076923077
619, 506.6095000502837, 161.32929230769236, 2.269230769230769, 227.73076923076923, 236.60576923076923
620, 506.20400258231115, 160.86138365384616, 1.9326923076923077, 227.14423076923077, 236.40384615384616
621, 505.7985051143386, 160.90430865384627, 2.298076923076923, 226.85576923076923, 237.30769230769232
622, 505.3930076463661, 160.7647557692308, 2.1538461538461537, 226.66346153846155, 237.45192307692307
623, 504.98751017839356, 160.42927019230774, 2.105769230769231, 226.08653846153845, 237.60576923076923
624, 504.58201271042105, 159.7295548076923, 2.2403846153846154, 224.92307692307693, 237.10576923076923
625, 504.17651524244854, 159.3957759615385, 2.625, 224.125, 237.27884615384616
626, 503.771017774476, 158.38387500000005, 2.1153846153846154, 222.7596153846154, 236.76923076923077
627, 503.3655203065034, 157.76690673076922, 2.375, 221.55769230769232, 236.8653846153846
628, 502.9600228385309, 156.8378884615385, 1.5961538461538463, 220.45192307692307, 236.45192307692307
629, 502.5545253705584, 156.7838451923077, 1.9326923076923077, 220.125, 236.77884615384616
630, 502.1490279025859, 156.85363557692312, 2.201923076923077, 220.07692307692307, 236.93269230769232
631, 501.7435304346133, 156.23940576923079, 2.0961538461538463, 219.07692307692307, 236.97115384615384
632, 501.3380329666408, 155.67925288461544, 2.1826923076923075, 218.1346153846154, 236.68269230769232
633, 500.9325354986683, 154.7554673076923, 2.4423076923076925, 216.42307692307693, 236.71153846153845
634, 500.52703803069573, 153.54561923076932, 1.8846153846153846, 214.76923076923077, 236.07692307692307
635, 500.1215405627232, 152.9220721153846, 1.9711538461538463, 213.64423076923077, 236.17307692307693
636, 499.7160430947507, 152.98026442307696, 2.355769230769231, 213.52884615384616, 236.26923076923077
637, 499.31054562677815, 152.70907403846158, 2.7211538461538463, 212.81730769230768, 236.59615384615384
638, 498.90504815880564, 151.55063942307694, 1.9711538461538463, 211.25, 236.47115384615384
639, 498.4995506908331, 151.03320673076922, 2.2596153846153846, 210.17307692307693, 236.72115384615384
640, 498.09405322286057, 149.31742692307697, 1.6923076923076923, 207.75, 235.6346153846154
641, 497.68855575488806, 148.81417019230767, 2.144230769230769, 206.56730769230768, 236.125
642, 497.2830582869155, 147.5885567307692, 1.9326923076923077, 204.60576923076923, 236.02884615384616
643, 496.877560818943, 146.91927980769233, 2.201923076923077, 203.31730769230768, 236.08653846153845
644, 496.4720633509705, 145.37244711538463, 1.5865384615384615, 201.03846153846155, 235.8653846153846
645, 496.0665658829979, 143.61867788461544, 1.2019230769230769, 198.32692307692307, 235.45192307692307
646, 495.6610684150254, 143.11986346153842, 1.4615384615384615, 197.2403846153846, 235.9903846153846
647, 495.2555709470529, 142.82865673076924, 1.9903846153846154, 196.34615384615384, 236.65384615384616
648, 494.8500734790803, 142.05778076923073, 2.0, 195.0, 236.79807692307693
649, 494.4445760111078, 141.58392115384615, 2.423076923076923, 193.9903846153846, 236.73076923076923
650, 494.0390785431353, 139.8701788461538, 1.5769230769230769, 191.625, 236.09615384615384
651, 493.63358107516274, 139.47480000000002, 2.0, 190.65384615384616, 236.51923076923077
652, 493.22808360719023, 138.46902884615386, 1.8269230769230769, 189.01923076923077, 236.56730769230768
653, 492.8225861392177, 137.95696057692305, 2.4134615384615383, 187.78846153846155, 236.875
654, 492.41708867124515, 136.24524615384615, 1.4807692307692308, 185.45192307692307, 236.33653846153845
655, 492.01159120327264, 135.4567413461539, 1.625, 183.9903846153846, 236.56730769230768
656, 491.60609373530013, 134.3330855769231, 1.6442307692307692, 182.16346153846155, 236.06730769230768
657, 491.20059626732757, 133.55249230769232, 2.0961538461538463, 180.52884615384616, 236.45192307692307
658, 490.79509879935506, 131.58819519230772, 1.2211538461538463, 177.73076923076923, 235.92307692307693
659, 490.38960133138255, 130.88380673076918, 1.6442307692307692, 176.25, 236.2596153846154
660, 489.98410386341, 129.17392019230775, 1.2788461538461537, 173.65384615384616, 235.58653846153845
661, 489.5786063954375, 127.93717596153851, 1.9903846153846154, 171.25, 235.25
662, 489.1731089274649, 126.11939038461536, 1.1923076923076923, 168.625, 234.91346153846155
663, 488.7676114594924, 125.58349519230772, 1.5865384615384615, 167.375, 235.6153846153846
664, 488.3621139915199, 124.90131442307688, 1.7596153846153846, 166.1153846153846, 235.66346153846155
665, 487.9566165235473, 123.1929990384615, 1.4519230769230769, 163.5, 234.95192307692307
666, 487.5511190555748, 122.62672884615387, 1.6538461538461537, 162.4903846153846, 234.65384615384616
667, 487.1456215876023, 121.51978846153845, 1.5384615384615385, 160.59615384615384, 235.0
668, 486.74012411962974, 120.81254519230765, 1.8557692307692308, 159.2596153846154, 234.84615384615384
669, 486.33462665165723, 119.9003240384615, 2.2403846153846154, 157.3846153846154, 235.4903846153846
670, 485.9291291836847, 118.13826153846149, 1.6153846153846154, 154.8653846153846, 234.64423076923077
671, 485.52363171571216, 116.95310384615381, 1.5576923076923077, 152.83653846153845, 234.84615384615384
672, 485.11813424773965, 115.95101442307691, 1.5865384615384615, 151.22115384615384, 234.29807692307693
673, 484.71263677976714, 115.33144134615387, 2.0288461538461537, 149.94230769230768, 234.28846153846155
674, 484.3071393117946, 114.30685961538462, 1.7884615384615385, 148.3846153846154, 233.95192307692307
675, 483.90164184382206, 113.28468846153848, 1.4807692307692308, 146.79807692307693, 233.96153846153845
676, 483.49614437584955, 112.24061346153846, 1.4615384615384615, 145.10576923076923, 233.56730769230768
677, 483.090646907877, 111.24837307692309, 1.8461538461538463, 143.23076923076923, 233.5096153846154
678, 482.6851494399045, 110.07981153846156, 1.5961538461538463, 141.43269230769232, 233.17307692307693
679, 482.27965197193197, 109.03505673076921, 2.125, 139.41346153846155, 233.01923076923077
680, 481.8741545039594, 107.4246019230769, 1.7692307692307692, 136.95192307692307, 232.5
681, 481.4686570359869, 105.90449807692306, 1.75, 134.40384615384616, 232.33653846153845
682, 481.0631595680144, 104.41809423076926, 1.5576923076923077, 131.98076923076923, 232.27884615384616
683, 480.6576621000418, 103.0180413461538, 1.5096153846153846, 129.58653846153845, 232.45192307692307
684, 480.2521646320693, 102.27345480769226, 1.9903846153846154, 128.14423076923077, 232.08653846153845
685, 479.8466671640968, 101.14768750000002, 2.1634615384615383, 126.0673076923077, 232.45192307692307
686, 479.44116969612423, 99.78111634615382, 1.625, 124.07692307692308, 232.125
687, 479.0356722281517, 98.85081538461539, 1.6538461538461537, 122.5576923076923, 231.71153846153845
688, 478.63017476017916, 97.86323942307696, 1.7403846153846154, 120.84615384615384, 231.6346153846154
689, 478.22467729220665, 96.21746346153849, 1.7115384615384615, 118.03846153846153, 231.73076923076923
690, 477.81917982423414, 94.83715000000001, 1.6730769230769231, 115.79807692307692, 231.2596153846154
691, 477.4136823562616, 94.60135096153847, 2.355769230769231, 114.9423076923077, 231.80769230769232
692, 477.00818488828907, 92.73434423076925, 1.75, 112.23076923076923, 230.98076923076923
693, 476.60268742031656, 92.45496346153844, 2.9615384615384617, 110.99038461538461, 231.7403846153846
694, 476.197189952344, 89.17841923076925, 1.7692307692307692, 106.15384615384616, 231.02884615384616
695, 475.7916924843715, 86.01842692307693, 1.6923076923076923, 100.9423076923077, 230.34615384615384
696, 475.386195016399, 83.28398461538458, 1.3076923076923077, 96.57692307692308, 229.84615384615384
697, 474.9806975484264, 82.45081346153844, 2.3461538461538463, 94.4326923076923, 230.85576923076923
698, 474.5752000804539, 80.48476634615388, 1.8557692307692308, 91.34615384615384, 230.78846153846155
699, 474.1697026124814, 77.93268653846152, 1.5961538461538463, 87.1923076923077, 230.47115384615384
700, 473.7642051445088, 75.6071759615385, 1.6057692307692308, 83.25, 230.34615384615384
701, 473.3587076765363, 73.21522884615388, 2.230769230769231, 78.89423076923077, 230.15384615384616
702, 472.9532102085638, 70.34573173076924, 1.5288461538461537, 74.35576923076923, 230.19230769230768
703, 472.54771274059124, 67.70294615384616, 1.3076923076923077, 70.0576923076923, 229.72115384615384
704, 472.1422152726187, 65.0276557692308, 1.2307692307692308, 65.5673076923077, 229.57692307692307
705, 471.7367178046462, 62.729086538461544, 1.6346153846153846, 61.30769230769231, 230.28846153846155
706, 471.33122033667365, 60.51165865384613, 1.3942307692307692, 57.67307692307692, 230.18269230769232
707, 470.92572286870114, 58.584697115384635, 1.4903846153846154, 54.375, 230.0096153846154
708, 470.52022540072863, 56.60262596153845, 1.3365384615384615, 51.13461538461539, 229.71153846153845
709, 470.11472793275607, 54.58270192307692, 1.8269230769230769, 47.36538461538461, 230.1153846153846
710, 469.70923046478356, 52.01449134615383, 1.625, 43.18269230769231, 229.65384615384616
711, 469.30373299681105, 49.751003846153864, 1.3076923076923077, 39.48076923076923, 229.69230769230768
712, 468.8982355288385, 48.42960192307691, 1.8653846153846154, 36.86538461538461, 230.10576923076923
713, 468.492738060866, 46.339562500000014, 2.2596153846153846, 33.04807692307692, 230.39423076923077
714, 468.0872405928934, 43.2924451923077, 1.3173076923076923, 28.41346153846154, 230.0
715, 467.6817431249209, 40.55582115384615, 1.5961538461538463, 23.53846153846154, 230.3653846153846
716, 467.2762456569484, 36.78244615384613, 1.2115384615384615, 17.509615384615383, 229.31730769230768
717, 466.8707481889758, 33.73800865384613, 1.1634615384615385, 12.26923076923077, 229.72115384615384
718, 466.4652507210033, 30.625762500000004, 0.8365384615384616, 7.298076923076923, 228.875
719, 466.0597532530308, 29.420396153846163, 1.6153846153846154, 4.653846153846154, 229.875
720, 465.65425578505824, 28.041385576923087, 1.5288461538461537, 2.4326923076923075, 229.44230769230768
721, 465.24875831708573, 27.67967884615384, 1.7692307692307692, 1.625, 229.79807692307693
722, 464.8432608491132, 27.369702884615382, 1.625, 1.1442307692307692, 229.93269230769232
723, 464.43776338114066, 28.19054038461538, 2.480769230769231, 1.8846153846153846, 231.07692307692307
724, 464.03226591316815, 27.748101923076923, 2.0576923076923075, 1.4807692307692308, 230.3846153846154
725, 463.62676844519564, 27.73590769230769, 1.9807692307692308, 1.4711538461538463, 230.52884615384616
726, 463.22127097722307, 27.61502692307691, 1.9423076923076923, 1.3557692307692308, 230.16346153846155
727, 462.81577350925056, 28.236731730769215, 2.5865384615384617, 1.9038461538461537, 231.10576923076923
728, 462.41027604127805, 27.78256249999999, 2.1634615384615383, 1.5192307692307692, 230.21153846153845
729, 462.0047785733055, 27.860154807692297, 2.201923076923077, 1.5384615384615385, 230.69230769230768
730, 461.599281105333, 27.895966346153855, 2.2596153846153846, 1.6634615384615385, 230.21153846153845
731, 461.19378363736047, 27.777747115384607, 2.144230769230769, 1.5096153846153846, 230.26923076923077
732, 460.7882861693879, 27.719793269230767, 2.0673076923076925, 1.4519230769230769, 230.2596153846154
733, 460.3827887014154, 28.076847115384606, 2.4903846153846154, 1.7980769230769231, 230.5
734, 459.9772912334429, 27.9704548076923, 2.375, 1.7596153846153846, 230.06730769230768
735, 459.5717937654703, 27.99298365384615, 2.375, 1.7307692307692308, 230.41346153846155
736, 459.1662962974978, 27.459581730769226, 1.7788461538461537, 1.2115384615384615, 229.97115384615384
737, 458.76079882952524, 28.042965384615375, 2.4615384615384617, 1.7307692307692308, 230.625
738, 458.35530136155273, 27.756669230769223, 2.1538461538461537, 1.5192307692307692, 230.0096153846154
739, 457.9498038935802, 27.776248076923068, 2.1346153846153846, 1.4615384615384615, 230.52884615384616
740, 457.54430642560766, 27.62644038461538, 2.0384615384615383, 1.4326923076923077, 229.6153846153846
741, 457.13880895763515, 27.96836153846153, 2.3461538461538463, 1.6923076923076923, 230.47115384615384
742, 456.73331148966264, 27.903137499999996, 2.2788461538461537, 1.6826923076923077, 230.125
743, 456.3278140216901, 27.94579615384615, 2.326923076923077, 1.6057692307692308, 230.76923076923077
744, 455.92231655371756, 27.762831730769218, 2.1634615384615383, 1.5192307692307692, 230.03846153846155
745, 455.51681908574506, 27.66783846153846, 2.0, 1.3846153846153846, 230.32692307692307
746, 455.1113216177725, 27.78263846153845, 2.173076923076923, 1.5480769230769231, 230.03846153846155
747, 454.7058241498, 28.01471153846154, 2.4038461538461537, 1.6634615384615385, 230.875
748, 454.30032668182747, 27.53381442307691, 1.8557692307692308, 1.2596153846153846, 230.17307692307693
749, 453.8948292138549, 27.885562499999992, 2.2596153846153846, 1.5673076923076923, 230.6153846153846
750, 453.4893317458824, 27.698862499999986, 2.048076923076923, 1.4615384615384615, 230.07692307692307
751, 453.0838342779099, 27.88836442307691, 2.2211538461538463, 1.6346153846153846, 230.39423076923077
752, 452.6783368099373, 27.615887499999985, 1.8942307692307692, 1.4134615384615385, 230.0
753, 452.2728393419648, 27.977828846153827, 2.3846153846153846, 1.7019230769230769, 230.40384615384616
754, 451.8673418739923, 27.931478846153837, 2.326923076923077, 1.7307692307692308, 230.0
755, 451.46184440601974, 27.790649999999996, 2.1538461538461537, 1.5192307692307692, 230.30769230769232
756, 451.0563469380472, 27.84571826923076, 2.2403846153846154, 1.625, 230.01923076923077
757, 450.6508494700747, 28.054134615384612, 2.5, 1.7115384615384615, 230.72115384615384
758, 450.24535200210215, 27.75379134615384, 2.1826923076923075, 1.4230769230769231, 230.40384615384616
759, 449.83985453412964, 27.811641346153845, 2.2403846153846154, 1.4903846153846154, 230.41346153846155
760, 449.43435706615713, 27.498079807692292, 1.8942307692307692, 1.125, 230.45192307692307
761, 449.02885959818457, 28.31291730769231, 2.6538461538461537, 1.9134615384615385, 231.54807692307693
762, 448.62336213021206, 27.859712500000004, 2.201923076923077, 1.5769230769230769, 230.4903846153846
763, 448.2178646622395, 27.794097115384616, 2.105769230769231, 1.4711538461538463, 230.71153846153845
764, 447.812367194267, 28.073521153846148, 2.3846153846153846, 1.7211538461538463, 231.14423076923077
765, 447.4068697262945, 27.995744230769233, 2.269230769230769, 1.625, 231.2596153846154
766, 447.0013722583219, 27.50388557692308, 1.7211538461538463, 1.2211538461538463, 230.46153846153845
767, 446.5958747903494, 28.0102221153846, 2.298076923076923, 1.7115384615384615, 230.8653846153846
768, 446.1903773223769, 28.01564326923077, 2.3173076923076925, 1.6923076923076923, 230.96153846153845
769, 445.7848798544043, 28.124925, 2.3846153846153846, 1.7788461538461537, 231.29807692307693
770, 445.3793823864318, 27.980549999999994, 2.2884615384615383, 1.6826923076923077, 230.77884615384616
771, 444.9738849184593, 28.063432692307686, 2.4038461538461537, 1.6923076923076923, 231.15384615384616
772, 444.56838745048674, 27.49194326923077, 1.7211538461538463, 1.1634615384615385, 230.65384615384616
773, 444.16288998251423, 28.01894423076922, 2.3846153846153846, 1.6057692307692308, 231.2596153846154
774, 443.7573925145417, 28.15741634615385, 2.4711538461538463, 1.8461538461538463, 231.0096153846154
775, 443.35189504656915, 28.085136538461537, 2.3846153846153846, 1.7596153846153846, 231.04807692307693
776, 442.94639757859665, 27.625956730769232, 1.9711538461538463, 1.2980769230769231, 230.48076923076923
777, 442.54090011062414, 27.82316346153846, 2.1153846153846154, 1.5288461538461537, 230.64423076923077
778, 442.13540264265157, 27.552432692307704, 1.8269230769230769, 1.25, 230.46153846153845
779, 441.72990517467906, 27.864156730769217, 2.1826923076923075, 1.5961538461538463, 230.48076923076923
780, 441.32440770670655, 27.981929807692303, 2.3365384615384617, 1.6923076923076923, 230.6153846153846
781, 440.918910238734, 27.866720192307692, 2.2211538461538463, 1.5865384615384615, 230.45192307692307
782, 440.5134127707615, 27.80875, 2.1153846153846154, 1.5192307692307692, 230.56730769230768
783, 440.10791530278897, 28.041601923076914, 2.4423076923076925, 1.7307692307692308, 230.66346153846155
784, 439.7024178348164, 27.882573076923066, 2.25, 1.625, 230.31730769230768
785, 439.2969203668439, 27.95828942307692, 2.394230769230769, 1.6730769230769231, 230.35576923076923
786, 438.8914228988714, 27.967090384615386, 2.3653846153846154, 1.7307692307692308, 230.21153846153845
787, 438.4859254308988, 27.756478846153833, 2.230769230769231, 1.5096153846153846, 229.85576923076923
788, 438.0804279629263, 28.072347115384613, 2.4903846153846154, 1.8557692307692308, 230.16346153846155
789, 437.67493049495374, 27.762919230769224, 2.1538461538461537, 1.5, 230.16346153846155
790, 437.26943302698123, 27.553805769230785, 1.9423076923076923, 1.3653846153846154, 229.57692307692307
791, 436.8639355590087, 28.172510576923077, 2.6826923076923075, 1.9807692307692308, 229.89423076923077
792, 436.45843809103616, 27.4747576923077, 1.8461538461538463, 1.3076923076923077, 229.43269230769232
793, 436.05294062306365, 27.938076923076927, 2.4038461538461537, 1.7980769230769231, 229.5096153846154
794, 435.64744315509114, 27.591252884615372, 2.0865384615384617, 1.5480769230769231, 228.58653846153845
795, 435.2419456871186, 27.77347596153846, 2.2596153846153846, 1.6153846153846154, 229.3846153846154
796, 434.83644821914606, 27.47319711538461, 1.9711538461538463, 1.4038461538461537, 228.59615384615384
797, 434.43095075117355, 27.73190865384616, 2.1634615384615383, 1.6346153846153846, 229.17307692307693
798, 434.025453283201, 27.41562884615384, 1.7884615384615385, 1.4230769230769231, 228.47115384615384
799, 433.6199558152285, 27.714713461538455, 2.1923076923076925, 1.6634615384615385, 228.79807692307693
800, 433.21445834725597, 27.56705384615384, 2.0576923076923075, 1.6634615384615385, 227.85576923076923
801, 432.8089608792834, 28.01711249999999, 2.7211538461538463, 2.0288461538461537, 228.18269230769232
802, 432.4034634113109, 27.287260576923074, 1.9134615384615385, 1.3461538461538463, 227.41346153846155
803, 431.9979659433384, 27.79270865384615, 2.5288461538461537, 1.8173076923076923, 227.80769230769232
804, 431.5924684753658, 27.411113461538466, 2.1346153846153846, 1.5192307692307692, 227.02884615384616
805, 431.1869710073933, 26.954796153846146, 1.75, 1.1057692307692308, 226.16346153846155
806, 430.7814735394208, 27.129877884615375, 1.9903846153846154, 1.375, 225.68269230769232
807, 430.37597607144824, 27.821293269230775, 2.8365384615384617, 2.0865384615384617, 225.8653846153846
808, 429.9704786034757, 26.78605288461538, 1.7788461538461537, 1.1826923076923077, 224.21153846153845
809, 429.5649811355032, 27.352812500000002, 2.548076923076923, 1.8461538461538463, 223.75
810, 429.15948366753065, 26.952447115384622, 2.1634615384615383, 1.5, 223.02884615384616
811, 428.75398619955814, 26.986765384615378, 2.3461538461538463, 1.5961538461538463, 222.35576923076923
812, 428.3484887315856, 26.657369230769227, 2.076923076923077, 1.4615384615384615, 220.8653846153846
813, 427.94299126361307, 26.388198076923075, 1.8653846153846154, 1.2115384615384615, 220.34615384615384
814, 427.53749379564056, 26.57323269230769, 2.0961538461538463, 1.4615384615384615, 220.07692307692307
815, 427.131996327668, 26.571710576923067, 2.125, 1.5096153846153846, 219.7403846153846
816, 426.7264988596955, 26.28987596153846, 1.9134615384615385, 1.2884615384615385, 218.96153846153845
817, 426.321001391723, 26.5959173076923, 2.3653846153846154, 1.6730769230769231, 218.48076923076923
818, 425.9155039237504, 26.13487596153846, 1.9134615384615385, 1.3269230769230769, 217.40384615384616
819, 425.5100064557779, 26.349479807692315, 2.2211538461538463, 1.5769230769230769, 217.19230769230768
820, 425.1045089878054, 26.6683798076923, 2.644230769230769, 2.0, 216.70192307692307
821, 424.6990115198328, 26.46860288461539, 2.5288461538461537, 1.8846153846153846, 215.84615384615384
822, 424.2935140518603, 25.764196153846157, 1.8846153846153846, 1.3076923076923077, 214.32692307692307
823, 423.8880165838878, 25.9269923076923, 2.0961538461538463, 1.4903846153846154, 214.2596153846154
824, 423.48251911591524, 25.787639423076918, 1.9711538461538463, 1.4230769230769231, 213.71153846153845
825, 423.07702164794273, 26.290677884615384, 2.7403846153846154, 1.8846153846153846, 213.73076923076923
826, 422.6715241799702, 25.5271, 1.8846153846153846, 1.2884615384615385, 212.34615384615384
827, 422.26602671199765, 25.473361538461536, 1.9615384615384615, 1.2884615384615385, 211.67307692307693
828, 421.86052924402514, 25.832529807692303, 2.4903846153846154, 1.7692307692307692, 210.96153846153845
829, 421.45503177605264, 25.22209134615384, 1.9711538461538463, 1.2980769230769231, 209.39423076923077
830, 421.04953430808007, 24.727934615384623, 1.5192307692307692, 1.0673076923076923, 207.43269230769232
831, 420.64403684010756, 25.249622115384607, 2.144230769230769, 1.6153846153846154, 207.54807692307693
832, 420.23853937213505, 24.746314423076907, 1.7596153846153846, 1.4038461538461537, 205.23076923076923
833, 419.8330419041625, 24.616606730769238, 2.201923076923077, 1.2788461538461537, 203.57692307692307
834, 419.42754443619, 24.291014423076927, 1.9711538461538463, 1.3365384615384615, 201.02884615384616
835, 419.02204696821747, 24.220674999999996, 2.0961538461538463, 1.3846153846153846, 199.83653846153845
836, 418.6165495002449, 23.597968269230762, 1.5673076923076923, 1.1346153846153846, 197.04807692307693
837, 418.2110520322724, 23.972333653846153, 2.2403846153846154, 1.7788461538461537, 195.25
838, 417.8055545642998, 22.977735576923088, 1.4903846153846154, 1.1442307692307692, 191.7596153846154
839, 417.4000570963273, 22.794461538461533, 1.7307692307692308, 1.0961538461538463, 189.76923076923077
840, 416.9945596283548, 22.834197115384615, 1.875, 1.4134615384615385, 188.10576923076923
841, 416.58906216038224, 22.623466346153844, 2.0673076923076925, 1.2403846153846154, 186.64423076923077
842, 416.18356469240973, 22.170296153846152, 1.75, 1.1826923076923077, 183.79807692307693
843, 415.7780672244372, 22.148342307692307, 2.1538461538461537, 1.1730769230769231, 182.59615384615384
844, 415.37256975646466, 21.946091346153853, 2.0673076923076925, 1.3076923076923077, 180.35576923076923
845, 414.96707228849215, 21.50036826923076, 1.8942307692307692, 1.0865384615384615, 178.03846153846155
846, 414.56157482051964, 21.359817307692296, 1.8269230769230769, 1.2884615384615385, 175.94230769230768
847, 414.1560773525471, 21.596071153846143, 2.269230769230769, 1.6057692307692308, 175.22115384615384
848, 413.75057988457456, 20.68230865384616, 1.4326923076923077, 1.0576923076923077, 172.22115384615384
849, 413.34508241660205, 21.09865384615384, 2.4038461538461537, 1.5096153846153846, 171.0
850, 412.9395849486295, 20.627025, 2.1538461538461537, 1.375, 168.21153846153845
851, 412.534087480657, 20.048844230769234, 1.8461538461538463, 0.9519230769230769, 166.125
852, 412.12859001268447, 19.872262499999994, 1.7019230769230769, 1.0961538461538463, 164.21153846153845
853, 411.7230925447119, 19.96351057692308, 2.298076923076923, 1.2692307692307692, 162.55769230769232
854, 411.3175950767394, 19.47931634615384, 1.9326923076923077, 1.1346153846153846, 159.96153846153845
855, 410.9120976087669, 19.73945576923077, 2.4615384615384617, 1.5288461538461537, 158.82692307692307
856, 410.5066001407943, 19.07497115384615, 1.9230769230769231, 1.1826923076923077, 156.19230769230768
857, 410.1011026728218, 19.457530769230768, 2.576923076923077, 1.6153846153846154, 155.60576923076923
858, 409.6956052048493, 18.740763461538453, 1.8846153846153846, 1.2211538461538463, 153.16346153846155
859, 409.29010773687673, 18.595657692307693, 1.9807692307692308, 1.1826923076923077, 151.83653846153845
860, 408.8846102689042, 18.551677884615387, 2.0673076923076925, 1.3942307692307692, 150.1346153846154
861, 408.4791128009317, 18.196598076923063, 2.0, 1.1634615384615385, 148.3846153846154
862, 408.07361533295915, 17.936802884615386, 1.7788461538461537, 1.1826923076923077, 146.58653846153845
863, 407.66811786498664, 18.278128846153837, 2.269230769230769, 1.5480769230769231, 146.41346153846155
864, 407.2626203970141, 17.62979134615384, 1.7019230769230769, 1.2403846153846154, 143.79807692307693
865, 406.85712292904157, 17.376090384615384, 1.7884615384615385, 1.1730769230769231, 141.69230769230768
866, 406.45162546106906, 17.780826923076926, 2.3076923076923075, 1.7307692307692308, 141.0096153846154
867, 406.0461279930965, 17.35145961538462, 1.9423076923076923, 1.4038461538461537, 139.8846153846154
868, 405.640630525124, 17.046145192307698, 1.8173076923076923, 1.375, 137.68269230769232
869, 405.2351330571515, 17.164311538461547, 2.173076923076923, 1.4903846153846154, 137.19230769230768
870, 404.8296355891789, 16.55816730769231, 1.6923076923076923, 1.2403846153846154, 134.42307692307693
871, 404.4241381212064, 16.496969230769235, 1.9423076923076923, 1.2403846153846154, 133.23076923076923
872, 404.0186406532339, 15.839121153846152, 1.3846153846153846, 0.9134615384615384, 130.60576923076923
873, 403.6131431852613, 16.000643269230775, 2.0288461538461537, 1.0865384615384615, 129.44230769230768
874, 403.2076457172888, 15.795143269230774, 1.9326923076923077, 1.1346153846153846, 127.64423076923077
875, 402.8021482493163, 15.930221153846153, 2.5, 1.2980769230769231, 126.5
876, 402.39665078134374, 15.041825961538468, 1.6442307692307692, 0.9038461538461539, 122.98076923076923
877, 401.9911533133712, 15.79820961538461, 2.8076923076923075, 1.6634615384615385, 122.65384615384616
878, 401.5856558453987, 15.124702884615383, 2.105769230769231, 1.4038461538461537, 119.92307692307692
879, 401.18015837742615, 14.697947115384617, 1.7788461538461537, 1.1346153846153846, 118.42307692307692
880, 400.77466090945364, 14.47953365384615, 1.7788461538461537, 1.1826923076923077, 116.25961538461539
881, 400.36916344148113, 14.821406730769233, 2.6634615384615383, 1.5480769230769231, 115.0576923076923
882, 399.96366597350857, 13.799865384615389, 1.7307692307692308, 1.0576923076923077, 111.0673076923077
883, 399.55816850553606, 13.98811346153846, 2.0384615384615383, 1.2403846153846154, 110.97115384615384
884, 399.15267103756355, 14.156998076923077, 2.326923076923077, 1.6538461538461537, 109.5673076923077
885, 398.747173569591, 13.561883653846154, 1.9326923076923077, 1.2403846153846154, 107.50961538461539
886, 398.3416761016185, 13.103440384615388, 1.6538461538461537, 1.1634615384615385, 104.61538461538461
887, 397.9361786336459, 13.251181730769236, 2.2211538461538463, 1.2980769230769231, 103.73076923076923
888, 397.5306811656734, 12.990371153846157, 2.0576923076923075, 1.4038461538461537, 101.32692307692308
889, 397.1251836977009, 12.998088461538465, 2.3846153846153846, 1.4615384615384615, 100.24038461538461
890, 396.7196862297283, 12.041117307692302, 1.5192307692307692, 0.9423076923076923, 96.78846153846153
891, 396.3141887617558, 12.479795192307687, 2.4326923076923075, 1.3365384615384615, 96.21153846153847
892, 395.9086912937833, 11.973605769230769, 2.019230769230769, 1.2692307692307692, 93.20192307692308
893, 395.50319382581074, 11.988807692307695, 2.2115384615384617, 1.4903846153846154, 91.6923076923077
894, 395.09769635783823, 11.377552884615385, 1.6826923076923077, 1.2692307692307692, 88.85576923076923
895, 394.6921988898657, 11.719604807692301, 2.2211538461538463, 1.6057692307692308, 88.71153846153847
896, 394.28670142189316, 11.159073076923072, 1.7692307692307692, 1.4038461538461537, 86.01923076923077
897, 393.88120395392065, 10.969175, 2.0961538461538463, 1.25, 84.28846153846153
898, 393.47570648594814, 10.458504807692304, 1.6826923076923077, 1.0480769230769231, 81.9326923076923
899, 393.07020901797557, 10.935191346153845, 2.4134615384615383, 1.5384615384615385, 81.67307692307692
900, 392.66471155000306, 10.309888461538462, 1.7884615384615385, 1.2788461538461537, 79.16346153846153
901, 392.25921408203055, 10.195184615384616, 1.9038461538461537, 1.3365384615384615, 77.5576923076923
902, 391.853716614058, 9.952192307692307, 1.8269230769230769, 1.3557692307692308, 75.52884615384616
903, 391.4482191460855, 10.07637980769231, 2.355769230769231, 1.4903846153846154, 74.53846153846153
904, 391.04272167811297, 9.541178846153846, 1.8653846153846154, 1.3269230769230769, 71.97115384615384
905, 390.6372242101404, 10.02637884615385, 2.5576923076923075, 1.7692307692307692, 72.13461538461539
906, 390.2317267421679, 9.448419230769234, 2.0576923076923075, 1.4519230769230769, 70.00961538461539
907, 389.8262292741954, 9.35425384615385, 2.076923076923077, 1.4423076923076923, 69.1826923076923
908, 389.4207318062228, 9.135878846153846, 1.9807692307692308, 1.4423076923076923, 67.51923076923077
909, 389.0152343382503, 8.97160096153846, 2.1634615384615383, 1.2692307692307692, 66.49038461538461
910, 388.6097368702778, 9.29095865384615, 2.5288461538461537, 1.7019230769230769, 66.10576923076923
911, 388.20423940230523, 8.747621153846152, 2.0576923076923075, 1.1730769230769231, 65.29807692307692
912, 387.7987419343327, 8.668570192307694, 1.9903846153846154, 1.3173076923076923, 64.03846153846153
913, 387.39324446636016, 9.019098076923076, 2.673076923076923, 1.6153846153846154, 63.78846153846154
914, 386.98774699838765, 8.391240384615385, 2.1153846153846154, 1.1826923076923077, 61.97115384615385
915, 386.58224953041514, 8.515926923076927, 2.3653846153846154, 1.4134615384615385, 61.22115384615385
916, 386.1767520624426, 8.644232692307694, 2.576923076923077, 1.7596153846153846, 60.00961538461539
917, 385.77125459447007, 8.352210576923081, 2.4134615384615383, 1.5769230769230769, 58.81730769230769
918, 385.36575712649756, 7.813928846153848, 1.9615384615384615, 1.3942307692307692, 56.22115384615385
919, 384.960259658525, 8.164625000000003, 2.6923076923076925, 1.7596153846153846, 55.5
920, 384.5547621905525, 7.4487192307692345, 2.0384615384615383, 1.3846153846153846, 52.86538461538461
921, 384.14926472257997, 7.726660576923076, 2.625, 1.6826923076923077, 52.23076923076923
922, 383.7437672546074, 6.948536538461538, 1.9423076923076923, 1.25, 49.42307692307692
923, 383.3382697866349, 7.238332692307694, 2.5384615384615383, 1.625, 48.47115384615385
924, 382.9327723186624, 6.9418028846153845, 2.355769230769231, 1.6442307692307692, 46.25
925, 382.5272748506898, 6.887578846153847, 2.480769230769231, 1.6730769230769231, 45.29807692307692
926, 382.1217773827173, 6.729784615384617, 2.4423076923076925, 1.8365384615384615, 43.17307692307692
927, 381.7162799147448, 6.263112500000002, 2.144230769230769, 1.3557692307692308, 42.33653846153846
928, 381.31078244677224, 6.039164423076925, 2.0096153846153846, 1.3173076923076923, 40.92307692307692
929, 380.9052849787997, 7.04121346153846, 3.3461538461538463, 2.394230769230769, 40.66346153846154
930, 380.4997875108272, 5.813688461538462, 2.0576923076923075, 1.3942307692307692, 38.42307692307692
931, 380.09429004285465, 6.365064423076925, 2.7211538461538463, 1.9807692307692308, 38.5
932, 379.68879257488214, 6.324004807692308, 2.7403846153846154, 2.0, 37.99038461538461
933, 379.28329510690963, 6.225940384615385, 2.7115384615384617, 1.9615384615384615, 37.40384615384615
934, 378.87779763893707, 5.541475961538461, 2.0673076923076925, 1.4615384615384615, 35.66346153846154
935, 378.47230017096456, 5.600678846153846, 2.25, 1.5384615384615385, 35.30769230769231
936, 378.06680270299205, 5.959917307692308, 2.6538461538461537, 2.0288461538461537, 34.875
937, 377.6613052350195, 6.076752884615383, 3.048076923076923, 2.1634615384615383, 34.17307692307692
938, 377.255807767047, 5.287370192307693, 2.2596153846153846, 1.5096153846153846, 32.68269230769231
939, 376.8503102990744, 5.89801538461538, 3.019230769230769, 2.0865384615384617, 33.07692307692308
940, 376.4448128311019, 5.053349999999999, 2.173076923076923, 1.4519230769230769, 31.153846153846153
941, 376.0393153631294, 5.628917307692307, 2.8461538461538463, 2.0673076923076925, 31.26923076923077
942, 375.6338178951568, 5.18688076923077, 2.3461538461538463, 1.75, 30.33653846153846
943, 375.2283204271843, 5.373027884615384, 2.605769230769231, 2.0096153846153846, 29.951923076923077
944, 374.8228229592118, 5.119457692307692, 2.3461538461538463, 1.8461538461538463, 29.25
945, 374.41732549123924, 5.212015384615382, 2.826923076923077, 1.9326923076923077, 28.35576923076923
946, 374.01182802326673, 5.136276923076922, 2.8076923076923075, 1.9423076923076923, 27.692307692307693
947, 373.6063305552942, 5.112724038461541, 2.855769230769231, 1.9038461538461537, 27.557692307692307
948, 373.20083308732166, 5.104991346153847, 2.875, 1.8846153846153846, 27.53846153846154
949, 372.79533561934915, 5.233539423076924, 3.0673076923076925, 2.0673076923076925, 27.221153846153847
950, 372.38983815137664, 4.8407586538461524, 2.605769230769231, 1.7788461538461537, 26.471153846153847
951, 371.98434068340407, 5.183344230769231, 3.0961538461538463, 2.1538461538461537, 26.259615384615383
952, 371.57884321543156, 5.356141346153847, 3.298076923076923, 2.3846153846153846, 26.057692307692307
953, 371.17334574745905, 4.408084615384615, 2.326923076923077, 1.6057692307692308, 24.298076923076923
954, 370.7678482794865, 4.749868269230769, 2.7596153846153846, 1.9807692307692308, 24.23076923076923
955, 370.362350811514, 5.0629913461538445, 3.0673076923076925, 2.480769230769231, 23.596153846153847
956, 369.95685334354147, 4.779362499999999, 2.8173076923076925, 2.25, 22.951923076923077
957, 369.5513558755689, 4.572266346153848, 2.625, 2.1538461538461537, 22.134615384615383
958, 369.1458584075964, 4.750958653846155, 2.8173076923076925, 2.3846153846153846, 22.009615384615383
959, 368.7403609396239, 4.866826923076924, 2.980769230769231, 2.5865384615384617, 21.557692307692307
960, 368.3348634716513, 4.68579903846154, 2.7788461538461537, 2.451923076923077, 21.192307692307693
961, 367.9293660036788, 4.7420730769230754, 3.019230769230769, 2.5673076923076925, 20.46153846153846
962, 367.52386853570624, 4.351708653846154, 2.625, 2.269230769230769, 19.60576923076923
963, 367.11837106773373, 5.040750961538463, 3.355769230769231, 3.0, 19.971153846153847
964, 366.7128735997612, 4.407250961538461, 2.6826923076923075, 2.394230769230769, 19.298076923076923
965, 366.30737613178866, 4.136186538461538, 2.4615384615384617, 2.201923076923077, 18.490384615384617
966, 365.90187866381615, 4.465313461538461, 2.826923076923077, 2.5, 18.884615384615383
967, 365.49638119584364, 5.017625961538463, 3.451923076923077, 3.173076923076923, 18.625
968, 365.0908837278711, 4.5221201923076935, 2.9326923076923075, 2.6923076923076925, 18.115384615384617
969, 364.68538625989856, 4.512352884615384, 3.105769230769231, 2.75, 17.278846153846153
970, 364.27988879192606, 4.837792307692306, 3.423076923076923, 3.0961538461538463, 17.51923076923077
971, 363.8743913239535, 4.687035576923078, 3.298076923076923, 3.0673076923076925, 16.673076923076923
972, 363.468893855981, 4.610965384615385, 3.230769230769231, 3.0, 16.528846153846153
973, 363.06339638800847, 4.312585576923078, 3.0865384615384617, 2.75, 15.576923076923077
974, 362.6578989200359, 4.524844230769232, 3.2884615384615383, 2.980769230769231, 15.721153846153847
975, 362.2524014520634, 4.114849038461539, 2.951923076923077, 2.576923076923077, 15.086538461538462
976, 361.8469039840909, 4.806095192307692, 3.6634615384615383, 3.2596153846153846, 15.76923076923077
977, 361.4414065161183, 4.389226923076922, 3.2115384615384617, 2.9326923076923075, 14.98076923076923
978, 361.0359090481458, 4.218583653846154, 3.105769230769231, 2.75, 14.701923076923077
979, 360.6304115801733, 4.087585576923075, 2.9903846153846154, 2.6826923076923075, 14.201923076923077
980, 360.22491411220074, 4.114961538461537, 2.980769230769231, 2.7211538461538463, 14.26923076923077
981, 359.8194166442282, 4.849350961538462, 3.894230769230769, 3.423076923076923, 14.701923076923077
982, 359.4139191762557, 4.226605769230769, 3.269230769230769, 2.798076923076923, 14.096153846153847
983, 359.00842170828315, 4.684534615384617, 3.6923076923076925, 3.4038461538461537, 13.884615384615385
984, 358.60292424031064, 3.5474259615384636, 2.5673076923076925, 2.269230769230769, 12.701923076923077
985, 358.19742677233813, 4.3134028846153845, 3.6634615384615383, 2.9711538461538463, 12.932692307692308
986, 357.79192930436557, 4.160683653846156, 3.451923076923077, 2.8653846153846154, 12.692307692307692
987, 357.38643183639306, 4.1027182692307695, 3.394230769230769, 2.855769230769231, 12.384615384615385
988, 356.9809343684205, 4.458555769230771, 3.769230769230769, 3.201923076923077, 12.740384615384615
989, 356.575436900448, 4.1905557692307704, 3.480769230769231, 3.019230769230769, 12.086538461538462
990, 356.1699394324755, 3.9350403846153847, 3.25, 2.75, 11.836538461538462
991, 355.7644419645029, 3.9221259615384603, 3.2596153846153846, 2.7884615384615383, 11.5
992, 355.3589444965304, 4.519775000000001, 3.8846153846153846, 3.355769230769231, 12.182692307692308
993, 354.9534470285579, 4.109986538461539, 3.5, 2.9711538461538463, 11.576923076923077
994, 354.5479495605853, 3.8365451923076934, 3.201923076923077, 2.701923076923077, 11.346153846153847
995, 354.1424520926128, 4.3010153846153845, 3.6923076923076925, 3.1538461538461537, 11.807692307692308
996, 353.7369546246403, 3.8833144230769228, 3.298076923076923, 2.730769230769231, 11.35576923076923
997, 353.33145715666774, 3.9547490384615385, 3.375, 2.8076923076923075, 11.384615384615385
