Extraction [ img/s4/seq3/mys2.jpg ] effectuee 2026-05-28 17:39:52.482181
Calibration: -0.2664195129856975*x + 663.5294963737288 [largueur 2619 + 934]

pixel, longueur d'onde, intensite, r, g, b
0, 663.5294963737288, 107.90375866666668, 202.41333333333333, 61.586666666666666, 98.69333333333333
1, 663.263076860743, 108.06404800000004, 203.25333333333333, 61.25333333333333, 99.61333333333333
2, 662.9966573477574, 108.27736, 203.46666666666667, 61.46666666666667, 99.82666666666667
3, 662.7302378347716, 108.01215866666668, 203.88, 60.77333333333333, 99.98666666666666
4, 662.463818321786, 108.10299733333336, 204.16, 60.74666666666667, 100.18666666666667
5, 662.1973988088002, 108.57137066666668, 206.82666666666665, 59.92, 101.56
6, 661.9309792958146, 108.71516799999999, 207.25333333333333, 59.89333333333333, 101.84
7, 661.6645597828289, 108.75764666666663, 207.93333333333334, 59.46666666666667, 102.62666666666667
8, 661.3981402698432, 108.70431866666667, 207.88, 59.413333333333334, 102.57333333333334
9, 661.1317207568575, 108.92245866666667, 208.88, 59.13333333333333, 103.30666666666667
10, 660.8653012438718, 108.89579466666667, 208.85333333333332, 59.10666666666667, 103.28
11, 660.5988817308861, 109.65135866666671, 210.81333333333333, 58.986666666666665, 105.38666666666667
12, 660.3324622179003, 109.48202800000001, 210.65333333333334, 58.81333333333333, 105.21333333333334
13, 660.0660427049147, 109.9022813333333, 212.38666666666666, 58.333333333333336, 106.82666666666667
14, 659.799623191929, 110.16355999999998, 212.66666666666666, 58.586666666666666, 107.08
15, 659.5332036789433, 110.303676, 213.64, 58.12, 108.16
16, 659.2667841659576, 110.35700399999999, 213.69333333333333, 58.17333333333333, 108.21333333333334
17, 659.0003646529719, 111.78830799999999, 215.58666666666667, 59.18666666666667, 110.58666666666667
18, 658.7339451399862, 111.428344, 215.22666666666666, 58.82666666666667, 110.22666666666667
19, 658.4675256270006, 111.9996693333333, 216.37333333333333, 59.04, 111.13333333333334
20, 658.2011061140148, 111.68845200000004, 216.14666666666668, 58.666666666666664, 110.92
21, 657.9346866010292, 112.85399866666667, 218.68, 58.81333333333333, 113.74666666666667
22, 657.6682670880434, 112.97410933333327, 218.90666666666667, 58.85333333333333, 114.0
23, 657.4018475750577, 113.19886266666666, 219.64, 58.733333333333334, 114.66666666666667
24, 657.135428062072, 113.08850933333332, 219.57333333333332, 58.6, 114.56
25, 656.8690085490863, 114.18813866666666, 221.68, 58.973333333333336, 116.76
26, 656.6025890361007, 114.61505066666668, 222.16, 59.373333333333335, 117.18666666666667
27, 656.3361695231149, 115.44662666666666, 224.13333333333333, 59.46666666666667, 118.82666666666667
28, 656.0697500101293, 116.16509733333332, 225.02666666666667, 60.093333333333334, 119.56
29, 655.8033304971435, 116.68683599999999, 226.57333333333332, 60.013333333333335, 120.49333333333334
30, 655.5369109841579, 116.69277333333334, 226.66666666666666, 59.973333333333336, 120.50666666666666
31, 655.2704914711721, 116.55101066666666, 227.36, 59.29333333333334, 120.94666666666667
32, 655.0040719581864, 116.17677066666668, 227.09333333333333, 58.86666666666667, 120.56
33, 654.7376524452008, 116.63540399999991, 228.62666666666667, 58.70666666666666, 121.38666666666667
34, 654.471232932215, 115.82708266666664, 227.84, 57.89333333333333, 120.54666666666667
35, 654.2048134192294, 116.78522266666671, 229.24, 58.61333333333334, 121.57333333333334
36, 653.9383939062436, 116.82094666666661, 229.33333333333334, 58.626666666666665, 121.57333333333334
37, 653.671974393258, 116.91759066666663, 230.76, 58.093333333333334, 121.42666666666666
38, 653.4055548802722, 116.90729999999994, 230.86666666666667, 58.026666666666664, 121.4
39, 653.1391353672866, 117.3470973333333, 231.96, 58.14666666666667, 121.77333333333333
40, 652.8727158543008, 116.58195599999999, 231.24, 57.36, 121.0
41, 652.6062963413152, 116.55708933333331, 232.30666666666667, 56.81333333333333, 120.8
42, 652.3398768283295, 117.05783199999993, 233.01333333333332, 57.21333333333333, 121.28
43, 652.0734573153437, 117.20111066666662, 234.49333333333334, 56.78666666666667, 120.85333333333334
44, 651.8070378023581, 116.9008453333333, 234.48, 56.346666666666664, 120.52
45, 651.5406182893723, 117.57140399999999, 236.76, 56.24, 120.97333333333333
46, 651.2741987763867, 117.19143466666661, 236.72, 55.693333333333335, 120.56
47, 651.007779263401, 117.65515466666665, 238.85333333333332, 55.38666666666666, 120.61333333333333
48, 650.7413597504153, 117.72296666666666, 239.13333333333333, 55.346666666666664, 120.68
49, 650.4749402374296, 117.97982133333333, 240.72, 54.986666666666665, 120.62666666666667
50, 650.2085207244439, 117.68666133333328, 240.45333333333335, 54.68, 120.33333333333333
51, 649.9421012114582, 118.1912293333334, 241.70666666666668, 54.81333333333333, 120.78666666666666
52, 649.6756816984725, 117.86413866666662, 242.08, 54.13333333333333, 120.44
53, 649.4092621854868, 118.82852000000004, 244.53333333333333, 54.49333333333333, 120.61333333333333
54, 649.142842672501, 118.65097733333333, 245.02666666666667, 53.973333333333336, 120.44
55, 648.8764231595154, 119.63644800000002, 247.25333333333333, 54.373333333333335, 121.18666666666667
56, 648.6100036465297, 119.35770933333336, 247.04, 54.06666666666667, 120.88
57, 648.343584133544, 119.26113733333332, 248.62666666666667, 53.21333333333333, 120.26666666666667
58, 648.0771646205583, 119.74883600000004, 249.37333333333333, 53.57333333333333, 120.73333333333333
59, 647.8107451075726, 120.23334666666669, 251.73333333333332, 53.18666666666667, 120.78666666666666
60, 647.5443255945869, 120.41862000000009, 252.06666666666666, 53.306666666666665, 120.92
61, 647.2779060816013, 120.70129733333333, 253.56, 53.06666666666667, 120.72
62, 647.0114865686155, 120.74115066666675, 253.69333333333333, 53.06666666666667, 120.72
63, 646.7450670556299, 120.497404, 254.36, 52.4, 120.26666666666667
64, 646.4786475426441, 120.40806666666666, 254.4, 52.25333333333333, 120.13333333333334
65, 646.2122280296584, 120.42871600000011, 254.84, 52.08, 120.05333333333333
66, 645.9458085166727, 120.08498400000006, 254.82666666666665, 51.586666666666666, 119.61333333333333
67, 645.679389003687, 120.40011866666677, 254.94666666666666, 51.92, 120.34666666666666
68, 645.4129694907014, 120.60669066666672, 254.96, 52.21333333333333, 120.61333333333333
69, 645.1465499777156, 120.891108, 254.92, 52.48, 121.84
70, 644.88013046473, 120.95567199999998, 254.88, 52.6, 121.89333333333333
71, 644.6137109517442, 121.18945999999998, 254.86666666666667, 52.906666666666666, 122.4
72, 644.3472914387586, 121.26423333333332, 254.86666666666667, 53.013333333333335, 122.50666666666666
73, 644.0808719257728, 121.00821466666666, 254.92, 52.57333333333333, 122.38666666666667
74, 643.8144524127872, 120.97575866666666, 254.94666666666666, 52.52, 122.30666666666667
75, 643.5480328998015, 120.90804933333332, 254.97333333333333, 52.36, 122.46666666666667
76, 643.2816133868157, 120.7492973333333, 254.76, 52.22666666666667, 122.32
77, 643.0151938738301, 121.18339733333329, 254.96, 52.78666666666667, 122.72
78, 642.7487743608443, 120.89104133333326, 254.92, 52.38666666666666, 122.32
79, 642.4823548478587, 120.77487866666665, 254.81333333333333, 52.346666666666664, 121.78666666666666
80, 642.2159353348729, 120.62091600000005, 254.84, 52.12, 121.53333333333333
81, 641.9495158218873, 121.17255866666666, 254.94666666666666, 52.92, 121.97333333333333
82, 641.6830963089016, 120.913316, 254.84, 52.6, 121.62666666666667
83, 641.4166767959159, 121.2036226666667, 254.97333333333333, 53.026666666666664, 121.62666666666667
84, 641.1502572829302, 121.43258533333331, 254.94666666666666, 53.373333333333335, 121.92
85, 640.8838377699444, 121.72688133333334, 254.92, 53.986666666666665, 121.41333333333333
86, 640.6174182569588, 121.61626400000006, 254.96, 53.84, 121.09333333333333
87, 640.350998743973, 122.45396000000011, 254.93333333333334, 55.21333333333333, 121.44
88, 640.0845792309874, 122.85718266666676, 254.97333333333333, 55.78666666666667, 121.92
89, 639.8181597180017, 123.16709333333334, 254.93333333333334, 56.48, 121.17333333333333
90, 639.551740205016, 123.15834400000003, 254.96, 56.48, 121.02666666666667
91, 639.2853206920303, 124.13154266666675, 254.97333333333333, 58.14666666666667, 120.94666666666667
92, 639.0189011790446, 124.0518, 254.93333333333334, 58.093333333333334, 120.62666666666667
93, 638.7524816660589, 124.95811199999994, 254.88, 59.68, 120.54666666666667
94, 638.4860621530732, 124.87117866666668, 254.88, 59.57333333333333, 120.33333333333333
95, 638.2196426400875, 125.91257999999999, 255.0, 61.32, 120.16
96, 637.9532231271018, 125.82513200000001, 254.94666666666666, 61.22666666666667, 120.01333333333334
97, 637.6868036141161, 126.41303866666667, 254.94666666666666, 62.28, 119.74666666666667
98, 637.4203841011304, 126.64888266666664, 254.90666666666667, 62.64, 120.06666666666666
99, 637.1539645881447, 127.29508666666663, 255.0, 63.693333333333335, 120.06666666666666
100, 636.887545075159, 127.48213066666659, 254.96, 64.13333333333334, 119.54666666666667
101, 636.6211255621733, 128.556208, 254.98666666666668, 65.86666666666666, 119.97333333333333
102, 636.3547060491876, 128.86395733333336, 254.96, 66.46666666666667, 119.65333333333334
103, 636.088286536202, 129.43978133333334, 254.98666666666668, 67.41333333333333, 119.76
104, 635.8218670232162, 129.59715466666668, 254.98666666666668, 67.64, 119.97333333333333
105, 635.5554475102306, 130.41883333333325, 255.0, 69.06666666666666, 119.8
106, 635.2890279972448, 130.92377999999997, 255.0, 69.8, 120.45333333333333
107, 635.0226084842591, 131.80978000000002, 255.0, 71.4, 119.98666666666666
108, 634.7561889712734, 131.96158666666662, 254.93333333333334, 71.66666666666667, 120.12
109, 634.4897694582877, 132.90877999999992, 255.0, 73.28, 119.94666666666667
110, 634.2233499453021, 133.11144933333324, 254.97333333333333, 73.6, 120.14666666666666
111, 633.9569304323163, 133.94007600000006, 254.97333333333333, 75.13333333333334, 119.52
112, 633.6905109193307, 133.76850800000003, 254.92, 74.92, 119.25333333333333
113, 633.4240914063449, 134.68963466666654, 254.98666666666668, 76.52, 118.92
114, 633.1576718933593, 134.95134133333315, 254.98666666666668, 76.89333333333333, 119.29333333333334
115, 632.8912523803735, 135.3530493333331, 254.97333333333333, 77.6, 119.21333333333334
116, 632.6248328673878, 135.55130266666657, 254.97333333333333, 77.90666666666667, 119.37333333333333
117, 632.3584133544022, 136.3021546666666, 254.98666666666668, 79.28, 118.85333333333334
118, 632.0919938414164, 136.22372800000002, 254.98666666666668, 79.22666666666667, 118.44
119, 631.8255743284308, 137.12812800000003, 254.98666666666668, 80.74666666666667, 118.54666666666667
120, 631.559154815445, 137.49103466666674, 254.98666666666668, 81.44, 118.16
121, 631.2927353024594, 138.24584933333333, 254.97333333333333, 82.8, 117.81333333333333
122, 631.0263157894736, 139.17163466666673, 254.98666666666668, 84.36, 117.86666666666666
123, 630.759896276488, 139.88034133333323, 254.98666666666668, 85.81333333333333, 116.6
124, 630.4934767635023, 140.13147466666663, 254.98666666666668, 86.28, 116.4
125, 630.2270572505166, 141.2229413333333, 254.98666666666668, 88.25333333333333, 115.81333333333333
126, 629.9606377375309, 141.83200666666673, 255.0, 89.33333333333333, 115.56
127, 629.6942182245452, 142.45524933333334, 254.97333333333333, 90.52, 114.98666666666666
128, 629.4277987115595, 143.15115466666657, 254.98666666666668, 91.88, 114.05333333333333
129, 629.1613791985737, 144.18100799999996, 254.98666666666668, 93.62666666666667, 114.09333333333333
130, 628.8949596855881, 144.9316333333334, 255.0, 94.98666666666666, 113.64
131, 628.6285401726024, 145.9623706666666, 254.96, 96.77333333333333, 113.58666666666667
132, 628.3621206596167, 147.06718533333327, 254.94666666666666, 98.69333333333333, 113.42666666666666
133, 628.095701146631, 147.93403866666668, 254.94666666666666, 100.24, 113.06666666666666
134, 627.8292816336453, 149.39460799999998, 254.98666666666668, 102.74666666666667, 112.86666666666666
135, 627.5628621206596, 150.8765946666668, 254.98666666666668, 105.16, 113.44
136, 627.296442607674, 151.79222133333337, 254.98666666666668, 106.89333333333333, 112.54666666666667
137, 627.0300230946882, 152.73518000000013, 255.0, 108.48, 112.61333333333333
138, 626.7636035817025, 154.08178133333342, 254.98666666666668, 110.85333333333334, 112.24
139, 626.4971840687168, 155.38207466666665, 254.98666666666668, 113.04, 112.38666666666667
140, 626.2307645557311, 156.42751999999996, 254.93333333333334, 114.85333333333334, 112.36
141, 625.9643450427454, 157.90466000000006, 255.0, 117.24, 112.85333333333334
142, 625.6979255297597, 158.63383333333346, 255.0, 118.46666666666667, 112.93333333333334
143, 625.431506016774, 159.34822666666668, 254.93333333333334, 119.90666666666667, 111.96
144, 625.1650865037883, 159.80782266666665, 254.97333333333333, 120.66666666666667, 111.97333333333333
145, 624.8986669908027, 160.51469333333327, 254.93333333333334, 122.0, 111.41333333333333
146, 624.6322474778169, 160.79166666666657, 254.93333333333334, 122.46666666666667, 111.44
147, 624.3658279648313, 161.094204, 254.89333333333335, 123.17333333333333, 110.56
148, 624.0994084518455, 161.49543733333329, 254.96, 123.78666666666666, 110.74666666666667
149, 623.8329889388598, 161.83971733333334, 254.96, 124.54666666666667, 109.85333333333334
150, 623.5665694258741, 161.8398226666667, 254.97333333333333, 124.58666666666667, 109.61333333333333
151, 623.3001499128884, 162.342476, 254.97333333333333, 125.45333333333333, 109.56
152, 623.0337303999028, 161.9290053333333, 254.88, 124.94666666666667, 108.78666666666666
153, 622.767310886917, 163.13733066666663, 254.96, 126.93333333333334, 108.94666666666667
154, 622.5008913739314, 163.4603186666666, 254.94666666666666, 127.48, 109.0
155, 622.2344718609456, 164.61614000000003, 255.0, 129.44, 108.90666666666667
156, 621.96805234796, 164.3549306666667, 254.96, 129.17333333333335, 108.09333333333333
157, 621.7016328349742, 164.90502533333338, 254.94666666666666, 130.29333333333332, 107.18666666666667
158, 621.4352133219886, 165.20702133333333, 254.98666666666668, 130.81333333333333, 107.05333333333333
159, 621.1687938090029, 166.00552933333327, 254.97333333333333, 132.24, 106.74666666666667
160, 620.9023742960171, 166.04312533333325, 254.88, 132.42666666666668, 106.36
161, 620.6359547830315, 166.69670799999994, 254.92, 133.6, 105.94666666666667
162, 620.3695352700457, 167.36847999999992, 254.93333333333334, 134.61333333333334, 106.58666666666667
163, 620.1031157570601, 168.00498799999988, 254.92, 135.72, 106.50666666666666
164, 619.8366962440743, 168.4366266666666, 254.93333333333334, 136.46666666666667, 106.41333333333333
165, 619.5702767310887, 169.2803933333334, 255.0, 137.98666666666668, 105.81333333333333
166, 619.303857218103, 169.7746506666667, 254.96, 138.97333333333333, 105.17333333333333
167, 619.0374377051173, 170.37299866666658, 254.94666666666666, 140.16, 104.34666666666666
168, 618.7710181921316, 170.55244933333336, 254.97333333333333, 140.68, 103.17333333333333
169, 618.5045986791458, 171.7015266666666, 255.0, 142.53333333333333, 103.64
170, 618.2381791661602, 171.9138866666666, 255.0, 143.13333333333333, 102.41333333333333
171, 617.9717596531744, 172.47704800000008, 254.98666666666668, 144.30666666666667, 101.34666666666666
172, 617.7053401401888, 172.9844333333334, 255.0, 145.30666666666667, 100.61333333333333
173, 617.4389206272031, 173.87170399999988, 254.96, 146.88, 100.4
174, 617.1725011142174, 174.3023813333333, 254.98666666666668, 147.69333333333333, 99.92
175, 616.9060816012317, 174.93010133333328, 254.98666666666668, 148.85333333333332, 99.45333333333333
176, 616.639662088246, 175.1524213333334, 254.98666666666668, 149.41333333333333, 98.52
177, 616.3732425752603, 175.61461466666663, 254.92, 150.41333333333333, 97.6
178, 616.1068230622747, 175.7598399999999, 254.93333333333334, 150.85333333333332, 96.57333333333334
179, 615.8404035492889, 176.52079599999993, 254.97333333333333, 152.17333333333335, 96.34666666666666
180, 615.5739840363033, 177.14626133333334, 254.98666666666668, 153.41333333333333, 95.41333333333333
181, 615.3075645233175, 178.07375466666662, 254.98666666666668, 155.04, 95.17333333333333
182, 615.0411450103318, 178.39515066666655, 254.89333333333335, 155.82666666666665, 94.18666666666667
183, 614.7747254973461, 179.44009999999992, 255.0, 157.48, 94.56
184, 614.5083059843604, 179.8568199999999, 255.0, 158.12, 94.92
185, 614.2418864713748, 180.67845999999994, 255.0, 159.6, 94.50666666666666
186, 613.975466958389, 180.86396799999991, 254.98666666666668, 160.10666666666665, 93.56
187, 613.7090474454034, 181.7427933333333, 255.0, 161.58666666666667, 93.61333333333333
188, 613.4426279324176, 181.9393946666667, 254.98666666666668, 162.12, 92.62666666666667
189, 613.176208419432, 182.43542133333338, 254.98666666666668, 163.13333333333333, 91.76
190, 612.9097889064462, 182.48054133333335, 254.98666666666668, 163.37333333333333, 90.92
191, 612.6433693934605, 183.4222893333334, 254.97333333333333, 165.0, 90.84
192, 612.3769498804749, 183.24405066666677, 254.96, 164.85333333333332, 90.06666666666666
193, 612.1105303674891, 183.66480666666675, 255.0, 165.65333333333334, 89.53333333333333
194, 611.8441108545035, 183.72062133333338, 254.98666666666668, 165.77333333333334, 89.44
195, 611.5776913415177, 184.30530000000005, 255.0, 166.76, 89.45333333333333
196, 611.3112718285321, 184.6755133333334, 255.0, 167.34666666666666, 89.68
197, 611.0448523155463, 185.41989199999998, 254.94666666666666, 168.70666666666668, 89.34666666666666
198, 610.7784328025607, 185.35631733333327, 254.96, 168.66666666666666, 88.96
199, 610.512013289575, 186.17526000000007, 255.0, 170.0, 89.17333333333333
200, 610.2455937765892, 186.32230266666673, 254.97333333333333, 170.26666666666668, 89.16
201, 609.9791742636036, 187.3539413333333, 254.98666666666668, 171.97333333333333, 89.38666666666667
202, 609.7127547506178, 187.69097999999997, 255.0, 172.52, 89.49333333333334
203, 609.4463352376322, 188.42605066666667, 254.96, 173.81333333333333, 89.38666666666667
204, 609.1799157246464, 188.59197466666654, 254.92, 174.17333333333335, 89.09333333333333
205, 608.9134962116608, 189.2783613333333, 254.92, 175.38666666666666, 88.86666666666666
206, 608.647076698675, 190.17470266666672, 254.97333333333333, 176.74666666666667, 89.58666666666667
207, 608.3806571856894, 191.36562666666663, 254.93333333333334, 178.74666666666667, 89.84
208, 608.1142376727037, 191.91809200000003, 254.94666666666666, 179.62666666666667, 90.12
209, 607.847818159718, 192.75803333333323, 255.0, 181.06666666666666, 89.93333333333334
210, 607.5813986467323, 193.26583733333325, 254.96, 181.86666666666667, 90.37333333333333
211, 607.3149791337466, 193.5443146666666, 254.98666666666668, 182.4, 90.0
212, 607.0485596207609, 194.22736799999993, 254.98666666666668, 183.50666666666666, 90.29333333333334
213, 606.7821401077751, 195.11317999999994, 255.0, 185.04, 90.13333333333334
214, 606.5157205947895, 195.29077200000003, 254.94666666666666, 185.42666666666668, 89.84
215, 606.2493010818038, 195.90648666666672, 255.0, 186.37333333333333, 90.22666666666667
216, 605.9828815688181, 195.9325146666667, 254.98666666666668, 186.44, 90.14666666666666
217, 605.7164620558324, 196.7825426666666, 254.97333333333333, 187.94666666666666, 89.88
218, 605.4500425428467, 196.588772, 254.94666666666666, 187.74666666666667, 89.28
219, 605.183623029861, 197.35846133333328, 254.98666666666668, 189.13333333333333, 88.78666666666666
220, 604.9172035168754, 197.70613999999995, 255.0, 189.68, 88.98666666666666
221, 604.6507840038896, 198.04647866666662, 254.94666666666666, 190.52, 87.78666666666666
222, 604.3843644909039, 198.20177866666663, 254.88, 190.81333333333333, 87.81333333333333
223, 604.1179449779182, 199.06857200000005, 254.94666666666666, 192.34666666666666, 87.34666666666666
224, 603.8515254649325, 199.48159466666672, 254.98666666666668, 192.96, 87.70666666666666
225, 603.5851059519468, 199.9587173333333, 254.96, 193.86666666666667, 87.29333333333334
226, 603.3186864389611, 200.23268933333327, 254.97333333333333, 194.28, 87.53333333333333
227, 603.0522669259755, 201.10828666666674, 255.0, 195.69333333333333, 87.86666666666666
228, 602.7858474129897, 201.66740666666672, 255.0, 196.57333333333332, 88.24
229, 602.5194279000041, 202.7625586666667, 254.94666666666666, 198.36, 88.78666666666666
230, 602.2530083870183, 202.8698933333333, 254.93333333333334, 198.56, 88.73333333333333
231, 601.9865888740327, 203.37722799999997, 254.92, 199.4, 88.89333333333333
232, 601.7201693610469, 203.40027733333326, 254.96, 199.42666666666668, 88.85333333333334
233, 601.4537498480612, 204.41196800000003, 254.98666666666668, 201.06666666666666, 89.21333333333334
234, 601.1873303350756, 204.26903733333336, 254.96, 200.90666666666667, 88.85333333333334
235, 600.9209108220898, 204.8312093333334, 254.97333333333333, 202.0, 88.12
236, 600.6544913091042, 204.9509360000001, 254.90666666666667, 202.34666666666666, 87.56
237, 600.3880717961184, 205.66466666666673, 254.93333333333334, 203.62666666666667, 87.16
238, 600.1216522831328, 205.63852933333325, 254.97333333333333, 203.8, 85.93333333333334
239, 599.855232770147, 206.2456866666666, 254.86666666666667, 205.0, 85.36
240, 599.5888132571614, 206.5908679999999, 254.92, 205.68, 84.74666666666667
241, 599.3223937441757, 206.80575466666667, 254.98666666666668, 206.24, 83.57333333333334
242, 599.05597423119, 207.36904800000013, 254.98666666666668, 207.18666666666667, 83.64
243, 598.7895547182043, 207.6151959999999, 254.97333333333333, 207.77333333333334, 82.81333333333333
244, 598.5231352052185, 207.74838266666674, 254.97333333333333, 208.18666666666667, 81.85333333333334
245, 598.2567156922329, 208.25116799999995, 254.85333333333332, 209.29333333333332, 80.88
246, 597.9902961792471, 208.65344133333335, 254.92, 210.14666666666668, 79.84
247, 597.7238766662615, 209.30408933333337, 254.97333333333333, 211.36, 79.16
248, 597.4574571532758, 209.66546, 255.0, 212.12, 78.34666666666666
249, 597.1910376402901, 210.29157599999996, 254.90666666666667, 213.30666666666667, 77.97333333333333
250, 596.9246181273044, 210.47277999999991, 255.0, 213.92, 76.16
251, 596.6581986143187, 211.49618266666664, 254.97333333333333, 215.66666666666666, 76.21333333333334
252, 596.391779101333, 211.3776066666668, 255.0, 215.73333333333332, 74.76
253, 596.1253595883472, 212.15623333333326, 255.0, 217.18666666666667, 74.10666666666667
254, 595.8589400753616, 212.41845999999998, 255.0, 217.68, 73.86666666666666
255, 595.5925205623759, 212.95978266666674, 254.97333333333333, 218.78666666666666, 72.98666666666666
256, 595.3261010493902, 212.74075866666672, 254.94666666666666, 218.8, 71.06666666666666
257, 595.0596815364045, 213.5377239999999, 254.89333333333335, 220.21333333333334, 70.92
258, 594.7932620234188, 213.5005826666666, 254.97333333333333, 220.46666666666667, 69.08
259, 594.5268425104331, 214.4085813333335, 254.98666666666668, 222.05333333333334, 68.84
260, 594.2604229974474, 214.51434133333328, 254.98666666666668, 222.37333333333333, 68.12
261, 593.9940034844617, 215.09758800000012, 254.92, 223.52, 67.50666666666666
262, 593.7275839714761, 215.32535333333337, 255.0, 224.06666666666666, 66.48
263, 593.4611644584903, 215.87690133333334, 254.98666666666668, 225.09333333333333, 66.06666666666666
264, 593.1947449455047, 216.41668800000002, 254.98666666666668, 226.26666666666668, 64.76
265, 592.9283254325189, 216.8238906666667, 254.96, 227.17333333333335, 63.733333333333334
266, 592.6619059195332, 217.19952799999993, 254.98666666666668, 228.14666666666668, 61.946666666666665
267, 592.3954864065475, 217.86706133333317, 254.98666666666668, 229.41333333333333, 61.28
268, 592.1290668935618, 218.0562119999999, 254.94666666666666, 230.06666666666666, 59.68
269, 591.8626473805762, 219.02906266666673, 254.97333333333333, 231.74666666666667, 59.49333333333333
270, 591.5962278675904, 219.2259186666667, 254.94666666666666, 232.44, 57.72
271, 591.3298083546048, 220.0985866666667, 254.93333333333334, 234.02666666666667, 57.24
272, 591.063388841619, 220.50758666666675, 254.93333333333334, 235.10666666666665, 55.266666666666666
273, 590.7969693286334, 221.0301333333333, 254.93333333333334, 236.16, 54.42666666666667
274, 590.5305498156476, 221.5464013333334, 254.92, 237.34666666666666, 52.88
275, 590.2641303026619, 222.23531466666643, 254.98666666666668, 238.52, 52.70666666666666
276, 589.9977107896763, 222.54835999999992, 254.93333333333334, 239.45333333333335, 50.78666666666667
277, 589.7312912766905, 223.27966266666664, 254.97333333333333, 240.90666666666667, 49.61333333333334
278, 589.4648717637049, 223.96897866666677, 254.88, 242.41333333333333, 48.14666666666667
279, 589.1984522507191, 225.09519600000004, 254.97333333333333, 244.25333333333333, 48.306666666666665
280, 588.9320327377335, 225.8857293333333, 254.97333333333333, 245.96, 46.45333333333333
281, 588.6656132247477, 226.9457173333333, 254.96, 247.74666666666667, 46.586666666666666
282, 588.3991937117621, 227.8412253333333, 254.94666666666666, 249.69333333333333, 44.45333333333333
283, 588.1327741987764, 228.8857426666667, 254.97333333333333, 251.38666666666666, 44.82666666666667
284, 587.8663546857906, 229.27434133333333, 254.98666666666668, 252.37333333333333, 43.12
285, 587.599935172805, 229.71516666666662, 255.0, 253.21333333333334, 42.626666666666665
286, 587.3335156598193, 229.70793199999994, 254.94666666666666, 253.54666666666665, 40.986666666666665
287, 587.0670961468336, 229.98930533333333, 254.94666666666666, 254.09333333333333, 40.64
288, 586.8006766338478, 229.93266266666663, 254.97333333333333, 254.22666666666666, 39.38666666666666
289, 586.5342571208622, 230.175008, 254.98666666666668, 254.74666666666667, 38.8
290, 586.2678376078765, 230.05508799999996, 254.98666666666668, 254.66666666666666, 38.16
291, 586.0014180948908, 230.0645453333333, 254.94666666666666, 254.85333333333332, 37.38666666666666
292, 585.7349985819051, 229.78002133333322, 254.85333333333332, 254.6, 36.44
293, 585.4685790689194, 229.8679679999999, 254.98666666666668, 254.74666666666667, 36.10666666666667
294, 585.2021595559337, 229.88243333333332, 255.0, 254.82666666666665, 35.78666666666667
295, 584.935740042948, 229.86335333333335, 255.0, 254.86666666666667, 35.413333333333334
296, 584.6693205299623, 229.73184799999987, 254.98666666666668, 254.78666666666666, 34.70666666666666
297, 584.4029010169766, 229.7652493333332, 254.97333333333333, 254.84, 34.76
298, 584.1364815039909, 229.62671866666668, 254.94666666666666, 254.76, 34.026666666666664
299, 583.8700619910052, 229.6785933333333, 255.0, 254.90666666666667, 33.586666666666666
300, 583.6036424780195, 229.30397466666662, 254.92, 254.57333333333332, 32.22666666666667
301, 583.3372229650338, 229.42795333333328, 255.0, 254.82666666666665, 31.8
302, 583.0708034520482, 229.30170399999997, 254.96, 254.72, 31.346666666666668
303, 582.8043839390624, 229.3122066666666, 255.0, 254.81333333333333, 30.85333333333333
304, 582.5379644260768, 229.253744, 254.96, 254.76, 30.72
305, 582.271544913091, 229.29978133333339, 254.98666666666668, 254.85333333333332, 30.573333333333334
306, 582.0051254001053, 229.25046133333333, 254.98666666666668, 254.81333333333333, 30.346666666666668
307, 581.7387058871196, 229.32617999999997, 255.0, 254.92, 30.426666666666666
308, 581.4722863741339, 229.2190333333333, 255.0, 254.78666666666666, 30.173333333333332
309, 581.2058668611483, 229.35575599999996, 254.97333333333333, 254.89333333333335, 30.893333333333334
310, 580.9394473481625, 229.29252933333336, 254.97333333333333, 254.84, 30.613333333333333
311, 580.6730278351769, 229.29066133333342, 254.98666666666668, 254.85333333333332, 30.493333333333332
312, 580.4066083221911, 229.25175466666673, 254.98666666666668, 254.8, 30.426666666666666
313, 580.1401888092055, 229.233476, 254.97333333333333, 254.85333333333332, 30.026666666666667
314, 579.8737692962197, 229.20262266666668, 254.97333333333333, 254.82666666666665, 29.893333333333334
315, 579.6073497832341, 229.19743333333332, 255.0, 254.94666666666666, 29.16
316, 579.3409302702484, 229.0431826666667, 254.97333333333333, 254.74666666666667, 28.906666666666666
317, 579.0745107572627, 228.9385133333333, 255.0, 254.82666666666665, 27.506666666666668
318, 578.808091244277, 228.77473333333322, 254.93333333333334, 254.68, 27.0
319, 578.5416717312912, 228.67941066666663, 254.96, 254.77333333333334, 25.613333333333333
320, 578.2752522183056, 228.58802266666672, 254.97333333333333, 254.70666666666668, 25.12
321, 578.0088327053198, 228.48158400000005, 254.96, 254.76, 23.946666666666665
322, 577.7424131923342, 228.56747333333323, 255.0, 254.90666666666667, 23.84
323, 577.4759936793484, 228.34242399999994, 254.96, 254.8, 22.52
324, 577.2095741663628, 228.35598266666662, 254.97333333333333, 254.82666666666665, 22.466666666666665
325, 576.9431546533771, 228.24715599999996, 254.97333333333333, 254.77333333333334, 21.786666666666665
326, 576.6767351403914, 227.87522533333336, 254.94666666666666, 254.73333333333332, 18.8
327, 576.4103156274057, 227.5491053333334, 254.94666666666666, 254.77333333333334, 15.733333333333333
328, 576.1438961144199, 226.9954319999998, 254.88, 254.76, 11.12
329, 575.8774766014343, 226.51821333333336, 254.93333333333334, 254.72, 7.0
330, 575.6110570884485, 226.1748586666667, 254.88, 254.77333333333334, 3.8533333333333335
331, 575.3446375754629, 226.03678266666668, 254.97333333333333, 254.66666666666666, 2.9466666666666668
332, 575.0782180624772, 225.76491733333333, 254.96, 254.46666666666667, 1.6266666666666667
333, 574.8117985494915, 225.98445066666667, 254.96, 254.77333333333334, 1.9733333333333334
334, 574.5453790365058, 225.79431466666662, 254.72, 254.69333333333333, 1.3466666666666667
335, 574.2789595235201, 225.54023466666666, 253.65333333333334, 254.74666666666667, 1.64
336, 574.0125400105344, 224.78237066666654, 251.22666666666666, 254.8, 1.08
337, 573.7461204975486, 223.92373333333322, 248.4, 254.70666666666668, 1.44
338, 573.479700984563, 223.10729866666662, 245.68, 254.77333333333334, 1.0666666666666667
339, 573.2132814715774, 222.1752453333333, 243.14666666666668, 254.41333333333333, 1.3866666666666667
340, 572.9468619585916, 221.01718133333327, 239.12, 254.58666666666667, 0.8933333333333333
341, 572.6804424456059, 219.52290266666662, 234.17333333333335, 254.46666666666667, 1.3733333333333333
342, 572.4140229326202, 218.0292373333333, 229.62666666666667, 254.41333333333333, 0.4666666666666667
343, 572.1476034196345, 217.20984666666672, 226.6, 254.33333333333334, 1.6266666666666667
344, 571.8811839066489, 215.90336533333334, 222.21333333333334, 254.52, 0.7066666666666667
345, 571.6147643936631, 214.76973199999992, 218.28, 254.4, 1.6933333333333334
346, 571.3483448806775, 213.51863200000005, 214.21333333333334, 254.45333333333335, 1.1066666666666667
347, 571.0819253676917, 212.79932799999997, 210.98666666666668, 254.74666666666667, 1.7466666666666666
348, 570.8155058547061, 211.58716133333334, 207.32, 254.70666666666668, 0.9333333333333333
349, 570.5490863417203, 210.98293066666676, 205.62666666666667, 254.48, 1.24
350, 570.2826668287346, 209.75531066666667, 201.56, 254.57333333333332, 0.6533333333333333
351, 570.016247315749, 209.12750800000015, 199.05333333333334, 254.65333333333334, 1.3066666666666666
352, 569.7498278027632, 207.90317733333347, 195.02666666666667, 254.77333333333334, 0.5066666666666667
353, 569.4834082897776, 206.70686800000007, 190.92, 254.64, 1.4666666666666666
354, 569.2169887767918, 205.69983866666658, 187.48, 254.81333333333333, 0.76
355, 568.9505692638062, 204.60407866666668, 184.54666666666665, 254.36, 1.1733333333333333
356, 568.6841497508204, 203.62233333333336, 180.8, 254.70666666666668, 0.6
357, 568.4177302378348, 202.42372666666662, 176.86666666666667, 254.52, 1.36
358, 568.151310724849, 201.22414666666674, 172.8, 254.65333333333334, 0.8133333333333334
359, 567.8848912118633, 200.1166293333333, 169.30666666666667, 254.41333333333333, 1.4933333333333334
360, 567.6184716988777, 198.78315333333336, 165.0, 254.46666666666667, 0.8133333333333334
361, 567.3520521858919, 197.67570000000003, 160.33333333333334, 254.65333333333334, 2.3733333333333335
362, 567.0856326729063, 195.89571466666672, 155.25333333333333, 254.46666666666667, 1.04
363, 566.8192131599205, 194.68412400000003, 150.76, 254.6, 1.5066666666666666
364, 566.5527936469349, 193.2447706666666, 146.29333333333332, 254.54666666666665, 0.8666666666666667
365, 566.2863741339492, 191.94117600000013, 142.10666666666665, 254.42666666666668, 1.0266666666666666
366, 566.0199546209635, 190.5720986666668, 137.81333333333333, 254.38666666666666, 0.48
367, 565.7535351079778, 189.38786666666672, 133.2, 254.57333333333332, 1.2266666666666666
368, 565.4871155949921, 187.88994, 128.2, 254.64, 0.8533333333333334
369, 565.2206960820064, 186.410384, 123.09333333333333, 254.53333333333333, 1.8133333333333332
370, 564.9542765690207, 185.15062799999998, 118.52, 254.76, 1.5866666666666667
371, 564.687857056035, 183.95896533333325, 114.74666666666667, 254.49333333333334, 2.4
372, 564.4214375430493, 182.29052666666666, 109.26666666666667, 254.4, 2.6133333333333333
373, 564.1550180300636, 180.5469919999999, 103.14666666666666, 254.34666666666666, 3.64
374, 563.8885985170779, 178.55156933333336, 96.17333333333333, 254.48, 3.7333333333333334
375, 563.6221790040922, 176.33769333333336, 88.93333333333334, 254.32, 4.12
376, 563.3557594911065, 173.66649733333335, 80.49333333333334, 254.08, 4.053333333333334
377, 563.0893399781208, 171.7488213333334, 73.52, 254.22666666666666, 4.76
378, 562.8229204651351, 170.008584, 67.09333333333333, 254.57333333333332, 4.56
379, 562.5565009521495, 168.76283200000003, 62.88, 254.48, 5.16
380, 562.2900814391637, 167.18462533333326, 57.74666666666667, 254.49333333333334, 4.706666666666667
381, 562.023661926178, 165.99128399999998, 53.56, 254.6, 4.666666666666667
382, 561.7572424131923, 163.61825066666668, 46.82666666666667, 254.32, 2.9466666666666668
383, 561.4908229002066, 161.81521733333327, 40.36, 254.62666666666667, 2.506666666666667
384, 561.224403387221, 159.07612933333334, 32.84, 254.06666666666666, 1.08
385, 560.9579838742352, 156.98896800000003, 26.186666666666667, 253.90666666666667, 1.04
386, 560.6915643612496, 156.0833253333333, 22.213333333333335, 254.4, 0.9733333333333334
387, 560.4251448482638, 155.6749106666667, 20.093333333333334, 254.50666666666666, 2.4
388, 560.1587253352782, 154.61183199999996, 16.48, 254.52, 2.48
389, 559.8923058222924, 153.94774133333334, 13.386666666666667, 254.73333333333332, 3.6666666666666665
390, 559.6258863093067, 152.54076000000003, 9.333333333333334, 254.41333333333333, 3.6
391, 559.359466796321, 151.80508133333336, 6.386666666666667, 254.45333333333335, 4.666666666666667
392, 559.0930472833353, 151.34762799999996, 4.253333333333333, 254.41333333333333, 6.453333333333333
393, 558.8266277703497, 151.3020653333334, 2.8133333333333335, 254.52, 9.28
394, 558.5602082573639, 151.59568266666668, 2.1066666666666665, 254.8, 12.266666666666667
395, 558.2937887443783, 151.73692666666673, 1.6666666666666667, 254.84, 14.453333333333333
396, 558.0273692313925, 151.88902400000006, 1.4933333333333334, 254.85333333333332, 16.173333333333332
397, 557.7609497184069, 152.4507906666667, 2.0933333333333333, 254.90666666666667, 19.253333333333334
398, 557.4945302054211, 152.53123600000004, 1.7733333333333334, 254.89333333333335, 20.866666666666667
399, 557.2281106924355, 152.66878400000007, 1.4933333333333334, 254.85333333333332, 23.013333333333332
400, 556.9616911794498, 153.06656399999997, 1.8266666666666667, 254.86666666666667, 25.56
401, 556.6952716664641, 153.3180253333333, 1.2133333333333334, 254.96, 28.893333333333334
402, 556.4288521534784, 153.58696800000004, 1.3866666666666667, 254.94666666666666, 30.866666666666667
403, 556.1624326404926, 153.84047599999997, 1.3733333333333333, 254.89333333333335, 33.4
404, 555.896013127507, 154.13289200000003, 1.48, 254.84, 35.96
405, 555.6295936145212, 154.47539866666668, 1.3466666666666667, 254.8, 39.52
406, 555.3631741015356, 154.74454533333335, 1.48, 254.78666666666666, 41.6
407, 555.0967545885499, 155.21945866666664, 1.8133333333333332, 254.86666666666667, 44.48
408, 554.8303350755642, 155.38296000000003, 1.7333333333333334, 254.89333333333335, 45.986666666666665
409, 554.5639155625785, 155.44536000000005, 1.0666666666666667, 254.90666666666667, 48.21333333333333
410, 554.2974960495928, 155.76945466666666, 1.32, 254.85333333333332, 50.666666666666664
411, 554.0310765366071, 156.03882000000002, 1.2666666666666666, 254.82666666666665, 53.306666666666665
412, 553.7646570236213, 156.22557066666667, 1.36, 254.69333333333333, 55.38666666666666
413, 553.4982375106357, 156.63571066666674, 1.2933333333333332, 254.86666666666667, 58.266666666666666
414, 553.23181799765, 156.93943200000007, 1.5466666666666666, 254.86666666666667, 60.266666666666666
415, 552.9653984846643, 157.18657066666665, 1.36, 254.89333333333335, 62.78666666666667
416, 552.6989789716786, 157.4376, 1.6, 254.8, 64.84
417, 552.4325594586929, 157.79480533333333, 1.5466666666666666, 254.93333333333334, 67.42666666666666
418, 552.1661399457072, 157.78698666666668, 1.3333333333333333, 254.82666666666665, 68.46666666666667
419, 551.8997204327216, 158.17823200000004, 1.5466666666666666, 254.86666666666667, 71.13333333333334
420, 551.6333009197358, 158.0855573333333, 1.2266666666666666, 254.77333333333334, 71.64
421, 551.36688140675, 158.45096266666664, 1.44, 254.81333333333333, 74.08
422, 551.1004618937644, 158.56730666666667, 1.4666666666666666, 254.84, 74.89333333333333
423, 550.8340423807788, 158.8640266666666, 1.8666666666666667, 254.8, 76.65333333333334
424, 550.567622867793, 158.84411599999993, 1.7733333333333334, 254.73333333333332, 77.06666666666666
425, 550.3012033548073, 159.33713333333327, 2.2666666666666666, 254.85333333333332, 79.48
426, 550.0347838418216, 158.98560666666668, 1.6666666666666667, 254.56, 79.48
427, 549.7683643288359, 159.26033466666667, 1.1866666666666668, 254.84, 81.70666666666666
428, 549.5019448158503, 159.53582000000006, 1.6666666666666667, 254.82666666666665, 82.93333333333334
429, 549.2355253028645, 159.8824093333333, 1.7733333333333334, 254.92, 85.21333333333334
430, 548.9691057898789, 159.529612, 1.2133333333333334, 254.65333333333334, 84.96
431, 548.7026862768931, 160.13367866666673, 1.7466666666666666, 254.88, 87.69333333333333
432, 548.4362667639075, 160.07689466666673, 1.5866666666666667, 254.8, 88.02666666666667
433, 548.1698472509217, 160.4068693333334, 1.7066666666666668, 254.93333333333334, 89.92
434, 547.903427737936, 160.09213866666678, 1.1466666666666667, 254.76, 89.52
435, 547.6370082249504, 160.50194133333343, 1.52, 254.86666666666667, 91.58666666666667
436, 547.3705887119646, 160.6424013333333, 1.5866666666666667, 254.89333333333335, 92.50666666666666
437, 547.104169198979, 160.83508666666665, 1.5333333333333334, 254.82666666666665, 94.68
438, 546.8377496859932, 160.8906466666667, 1.5333333333333334, 254.78666666666666, 95.37333333333333
439, 546.5713301730076, 161.09628533333336, 1.68, 254.82666666666665, 96.58666666666667
440, 546.3049106600218, 161.26205733333333, 1.96, 254.82666666666665, 97.30666666666667
441, 546.0384911470362, 161.3962986666667, 1.5466666666666666, 254.88, 99.29333333333334
442, 545.7720716340505, 161.46317866666675, 1.5466666666666666, 254.88, 99.88
443, 545.5056521210647, 161.54544800000002, 1.2533333333333334, 254.77333333333334, 101.92
444, 545.2392326080791, 161.76255200000006, 1.5466666666666666, 254.78666666666666, 102.98666666666666
445, 544.9728130950933, 162.15301733333342, 1.6933333333333334, 254.88, 105.54666666666667
446, 544.7063935821077, 162.10409733333333, 1.4266666666666667, 254.81333333333333, 106.16
447, 544.439974069122, 162.3731613333333, 1.5866666666666667, 254.77333333333334, 108.30666666666667
448, 544.1735545561363, 162.3085893333333, 1.44, 254.62666666666667, 108.88
449, 543.9071350431506, 162.57280133333342, 1.1866666666666668, 254.77333333333334, 111.10666666666667
450, 543.6407155301649, 162.78083066666673, 1.56, 254.81333333333333, 111.74666666666667
451, 543.3742960171792, 162.96661866666668, 1.5466666666666666, 254.8, 113.48
452, 543.1078765041935, 162.9976106666668, 1.6266666666666667, 254.68, 114.16
453, 542.8414569912078, 163.24225866666666, 1.1466666666666667, 254.8, 116.94666666666667
454, 542.5750374782222, 163.27421600000002, 1.04, 254.8, 117.50666666666666
455, 542.3086179652364, 163.52060666666668, 1.1333333333333333, 254.86666666666667, 119.08
456, 542.0421984522507, 163.71811866666667, 1.6133333333333333, 254.82666666666665, 119.76
457, 541.775778939265, 163.795404, 1.4266666666666667, 254.78666666666666, 121.13333333333334
458, 541.5093594262793, 163.83379599999995, 1.3733333333333333, 254.85333333333332, 121.26666666666667
459, 541.2429399132936, 164.0688213333334, 1.3866666666666667, 254.85333333333332, 123.29333333333334
460, 540.9765204003079, 163.9656973333334, 1.2933333333333332, 254.72, 123.32
461, 540.7101008873223, 164.2897733333334, 1.3333333333333333, 254.84, 125.44
462, 540.4436813743365, 164.32691066666672, 1.2933333333333332, 254.86666666666667, 125.73333333333333
463, 540.1772618613509, 164.4863826666667, 1.24, 254.81333333333333, 127.54666666666667
464, 539.9108423483651, 164.47687066666668, 1.2933333333333332, 254.74666666666667, 127.66666666666667
465, 539.6444228353794, 164.750212, 1.3466666666666667, 254.86666666666667, 129.30666666666667
466, 539.3780033223937, 164.65353866666678, 1.28, 254.73333333333332, 129.32
467, 539.111583809408, 164.66223466666662, 0.9866666666666667, 254.68, 130.44
468, 538.8451642964224, 164.86305599999992, 1.3066666666666666, 254.78666666666666, 130.81333333333333
469, 538.5787447834366, 165.30628400000006, 1.8266666666666667, 254.90666666666667, 132.72
470, 538.312325270451, 165.17812000000006, 1.6, 254.84, 132.53333333333333
471, 538.0459057574652, 165.17430800000005, 1.32, 254.8, 133.44
472, 537.7794862444796, 165.27934, 1.5333333333333334, 254.81333333333333, 133.73333333333332
473, 537.5130667314938, 165.49380533333337, 1.68, 254.74666666666667, 135.57333333333332
474, 537.2466472185081, 165.56052533333326, 1.68, 254.82666666666665, 135.74666666666667
475, 536.9802277055225, 165.79313066666668, 1.76, 254.85333333333332, 137.44
476, 536.7138081925368, 165.57396400000005, 1.4266666666666667, 254.70666666666668, 137.14666666666668
477, 536.4473886795511, 165.62614933333342, 1.1733333333333333, 254.72, 138.2
478, 536.1809691665653, 165.66271333333333, 1.2666666666666666, 254.69333333333333, 138.41333333333333
479, 535.9145496535797, 166.00304400000005, 1.6933333333333334, 254.69333333333333, 140.28
480, 535.6481301405939, 166.0772186666668, 1.5466666666666666, 254.84, 140.56
481, 535.3817106276083, 166.43611466666664, 1.92, 254.81333333333333, 142.86666666666667
482, 535.1152911146226, 166.44702000000004, 1.9333333333333333, 254.77333333333334, 143.13333333333333
483, 534.8488716016368, 166.52693733333342, 1.8266666666666667, 254.73333333333332, 144.32
484, 534.5824520886512, 166.670212, 2.013333333333333, 254.69333333333333, 145.29333333333332
485, 534.3160325756655, 166.72318800000002, 1.32, 254.8, 147.02666666666667
486, 534.0496130626798, 166.87689733333337, 1.4266666666666667, 254.81333333333333, 148.02666666666667
487, 533.783193549694, 167.1517373333334, 1.56, 254.86666666666667, 149.81333333333333
488, 533.5167740367084, 167.25403200000005, 1.68, 254.84, 150.53333333333333
489, 533.2503545237226, 167.40684266666668, 1.5733333333333333, 254.70666666666668, 152.84
490, 532.983935010737, 167.52134133333334, 1.6533333333333333, 254.76, 153.36
491, 532.7175154977513, 167.7484333333334, 1.5333333333333334, 254.76, 155.66666666666666
492, 532.4510959847656, 167.90218933333338, 1.84, 254.74666666666667, 156.28
493, 532.1846764717799, 168.20760933333332, 1.7733333333333334, 254.84, 158.65333333333334
494, 531.9182569587942, 167.92857866666668, 1.1466666666666667, 254.72, 158.46666666666667
495, 531.6518374458085, 168.48669066666665, 1.6266666666666667, 254.88, 161.28
496, 531.3854179328227, 168.3440386666666, 1.3466666666666667, 254.72, 161.58666666666667
497, 531.1189984198371, 168.9605306666666, 1.8933333333333333, 254.90666666666667, 164.6
498, 530.8525789068515, 168.67118666666659, 1.3333333333333333, 254.70666666666668, 164.56
499, 530.5861593938657, 169.1458199999999, 1.8, 254.84, 166.81333333333333
500, 530.31973988088, 169.11407466666662, 1.6533333333333333, 254.74666666666667, 167.4
501, 530.0533203678943, 169.29652399999998, 1.16, 254.84, 169.81333333333333
502, 529.7869008549086, 169.0950826666666, 0.7733333333333333, 254.70666666666668, 169.74666666666667
503, 529.520481341923, 169.42917333333332, 1.2, 254.78666666666666, 171.14666666666668
504, 529.2540618289372, 169.43531333333326, 1.1333333333333333, 254.8, 171.30666666666667
505, 528.9876423159515, 169.60056266666663, 1.1733333333333333, 254.78666666666666, 172.72
506, 528.7212228029658, 169.66183866666663, 1.2133333333333334, 254.82666666666665, 172.94666666666666
507, 528.4548032899802, 169.98772399999996, 1.4266666666666667, 254.86666666666667, 175.04
508, 528.1883837769944, 169.87367066666667, 1.16, 254.81333333333333, 175.01333333333332
509, 527.9219642640087, 170.20830533333327, 1.3466666666666667, 254.85333333333332, 177.25333333333333
510, 527.6555447510231, 170.00298533333338, 1.08, 254.70666666666668, 176.90666666666667
511, 527.3891252380373, 170.35077066666673, 1.36, 254.77333333333334, 178.88
512, 527.1227057250517, 170.4098066666667, 1.2666666666666666, 254.88, 179.09333333333333
513, 526.8562862120659, 170.505312, 1.28, 254.72, 180.72
514, 526.5898666990803, 170.6626653333334, 1.48, 254.82666666666665, 181.02666666666667
515, 526.3234471860945, 170.56122, 1.2666666666666666, 254.66666666666666, 181.52
516, 526.0570276731089, 170.626216, 1.3066666666666666, 254.74666666666667, 181.57333333333332
517, 525.7906081601232, 170.82726266666668, 1.1066666666666667, 254.8, 183.58666666666667
518, 525.5241886471374, 170.72868000000003, 0.8, 254.84, 183.32
519, 525.2577691341518, 171.06991733333334, 1.2266666666666666, 254.89333333333335, 184.92
520, 524.991349621166, 170.91379600000002, 0.9733333333333334, 254.81333333333333, 184.62666666666667
521, 524.7249301081804, 171.16682, 1.1333333333333333, 254.81333333333333, 186.42666666666668
522, 524.4585105951946, 171.25691733333335, 1.36, 254.78666666666666, 186.76
523, 524.192091082209, 171.40020799999996, 1.52, 254.68, 188.14666666666668
524, 523.9256715692233, 171.2847386666666, 1.1466666666666667, 254.72, 187.90666666666667
525, 523.6592520562376, 171.62884799999998, 1.3866666666666667, 254.82666666666665, 189.74666666666667
526, 523.3928325432519, 171.48952933333328, 1.1066666666666667, 254.77333333333334, 189.53333333333333
527, 523.1264130302661, 171.9330213333333, 1.52, 254.90666666666667, 191.65333333333334
528, 522.8599935172805, 171.94696799999994, 1.6533333333333333, 254.81333333333333, 191.90666666666667
529, 522.5935740042949, 172.27718666666672, 1.8666666666666667, 254.84, 194.10666666666665
530, 522.3271544913091, 172.08961333333346, 1.4666666666666666, 254.77333333333334, 193.85333333333332
531, 522.0607349783234, 172.47957333333332, 1.8666666666666667, 254.85333333333332, 195.81333333333333
532, 521.7943154653377, 172.40771066666665, 1.6933333333333334, 254.74666666666667, 196.18666666666667
533, 521.527895952352, 172.85788800000003, 1.92, 254.8, 199.26666666666668
534, 521.2614764393663, 172.79194400000003, 1.6266666666666667, 254.82666666666665, 199.32
535, 520.9950569263806, 172.8715146666666, 1.6533333333333333, 254.74666666666667, 200.36
536, 520.7286374133948, 172.99618533333327, 1.88, 254.78666666666666, 200.65333333333334
537, 520.4622179004092, 173.19633199999996, 1.7466666666666666, 254.86666666666667, 202.34666666666666
538, 520.1957983874236, 173.244892, 2.013333333333333, 254.73333333333332, 202.76
539, 519.9293788744378, 173.69022800000005, 2.2533333333333334, 254.89333333333335, 205.21333333333334
540, 519.6629593614521, 173.62019600000002, 2.1733333333333333, 254.77333333333334, 205.42666666666668
541, 519.3965398484664, 173.6906506666667, 1.6266666666666667, 254.76, 207.54666666666665
542, 519.1301203354807, 173.75003600000002, 1.64, 254.8, 207.82666666666665
543, 518.863700822495, 173.67752133333337, 1.0533333333333332, 254.68, 209.34666666666666
544, 518.5972813095093, 173.92665600000004, 1.3066666666666666, 254.86666666666667, 209.90666666666667
545, 518.3308617965237, 174.15884533333332, 1.28, 254.86666666666667, 212.01333333333332
546, 518.0644422835379, 174.04845199999994, 1.08, 254.84, 211.70666666666668
547, 517.7980227705523, 174.36189733333333, 1.4266666666666667, 254.93333333333334, 213.06666666666666
548, 517.5316032575665, 174.13706000000002, 1.1333333333333333, 254.73333333333332, 212.89333333333335
549, 517.2651837445808, 174.60407866666677, 1.3466666666666667, 254.76, 216.29333333333332
550, 516.9987642315951, 174.66498400000017, 1.36, 254.8, 216.58666666666667
551, 516.7323447186095, 174.8245906666667, 1.4266666666666667, 254.88, 217.4
552, 516.4659252056238, 174.76495600000007, 1.3733333333333333, 254.81333333333333, 217.36
553, 516.199505692638, 175.131436, 1.7733333333333334, 254.85333333333332, 219.32
554, 515.9330861796524, 174.97420266666674, 1.44, 254.77333333333334, 219.22666666666666
555, 515.6666666666666, 175.167384, 1.2266666666666666, 254.86666666666667, 221.0
556, 515.400247153681, 175.12083333333342, 1.2666666666666666, 254.73333333333332, 221.17333333333335
557, 515.1338276406952, 175.37785466666668, 1.0533333333333332, 254.82666666666665, 223.50666666666666
558, 514.8674081277095, 175.55291199999996, 1.28, 254.88, 224.17333333333335
559, 514.6009886147239, 175.75819599999997, 1.3733333333333333, 254.85333333333332, 225.86666666666667
560, 514.3345691017382, 175.798148, 1.4533333333333334, 254.81333333333333, 226.21333333333334
561, 514.0681495887525, 175.99784399999993, 1.56, 254.76, 227.96
562, 513.8017300757667, 176.1080306666666, 1.56, 254.89333333333335, 228.24
563, 513.5353105627811, 176.17472266666667, 1.5733333333333333, 254.82666666666665, 229.13333333333333
564, 513.2688910497953, 176.35900000000004, 1.8666666666666667, 254.78666666666666, 230.18666666666667
565, 513.0024715368097, 176.50975733333334, 1.4933333333333334, 254.84, 232.21333333333334
566, 512.736052023824, 176.4691786666667, 1.28, 254.77333333333334, 232.76
567, 512.4696325108383, 176.7326733333334, 1.1333333333333333, 254.88, 234.90666666666667
568, 512.2032129978526, 176.840904, 1.2266666666666666, 254.86666666666667, 235.68
569, 511.9367934848669, 176.989728, 0.9866666666666667, 254.78666666666666, 238.02666666666667
570, 511.6703739718812, 177.34220266666668, 1.44, 254.85333333333332, 239.58666666666667
571, 511.4039544588955, 177.614796, 1.3733333333333333, 254.89333333333335, 241.94666666666666
572, 511.1375349459098, 177.55038933333338, 1.1733333333333333, 254.8, 242.38666666666666
573, 510.87111543292406, 177.9100853333334, 1.4133333333333333, 254.84, 244.70666666666668
574, 510.6046959199384, 177.93596266666668, 1.3066666666666666, 254.84, 245.21333333333334
575, 510.3382764069527, 178.10791999999998, 1.2, 254.76, 247.41333333333333
576, 510.07185689396704, 178.4073586666667, 1.48, 254.93333333333334, 248.41333333333333
577, 509.8054373809813, 178.5883386666667, 1.5466666666666666, 254.84, 250.30666666666667
578, 509.5390178679956, 178.4752466666667, 1.2666666666666666, 254.72, 250.66666666666666
579, 509.2725983550099, 178.98217866666667, 1.9466666666666668, 254.88, 252.50666666666666
580, 509.0061788420242, 178.94412666666665, 1.8, 254.77333333333334, 253.10666666666665
581, 508.7397593290385, 179.1183133333334, 1.8, 254.82666666666665, 254.36
582, 508.4733398160528, 179.05828400000007, 1.56, 254.8, 254.6
583, 508.20692030306714, 179.25738133333346, 1.92, 254.90666666666667, 254.85333333333332
584, 507.9405007900814, 178.97436933333344, 1.64, 254.62666666666667, 254.54666666666665
585, 507.67408127709575, 179.1565773333335, 1.6933333333333334, 254.84, 254.90666666666667
586, 507.40766176411, 179.03926000000013, 1.6666666666666667, 254.66666666666666, 254.84
587, 507.14124225112437, 178.81584533333336, 2.08, 254.10666666666665, 254.68
588, 506.8748227381386, 178.29903466666673, 1.3866666666666667, 253.6, 254.57333333333332
589, 506.6084032251529, 178.21825999999996, 1.5333333333333334, 253.33333333333334, 254.85333333333332
590, 506.34198371216723, 178.00455733333337, 1.4933333333333334, 253.0, 254.8
591, 506.07556419918154, 177.70812933333335, 1.64, 252.38666666666666, 254.97333333333333
592, 505.80914468619585, 177.25032533333325, 1.68, 251.66666666666666, 254.56
593, 505.54272517321016, 176.82842533333337, 2.1466666666666665, 250.65333333333334, 254.85333333333332
594, 505.27630566022447, 176.33943066666663, 1.6933333333333334, 250.06666666666666, 254.77333333333334
595, 505.0098861472387, 175.113788, 1.5866666666666667, 248.06666666666666, 254.6
596, 504.7434666342531, 173.56168666666667, 1.0, 245.85333333333332, 253.92
597, 504.47704712126733, 172.70954133333333, 1.52, 243.98666666666668, 254.69333333333333
598, 504.2106276082817, 172.36876133333328, 1.5866666666666667, 243.33333333333334, 254.89333333333335
599, 503.94420809529595, 171.7113213333333, 1.5866666666666667, 242.21333333333334, 254.89333333333335
600, 503.67778858231026, 170.98617333333334, 1.2, 241.22666666666666, 254.62666666666667
601, 503.41136906932456, 169.76475733333334, 0.96, 239.22666666666666, 254.84
602, 503.1449495563389, 169.32143333333335, 0.8666666666666667, 238.57333333333332, 254.56
603, 502.8785300433532, 168.18833199999995, 1.08, 236.48, 254.84
604, 502.6121105303675, 167.72339466666668, 0.8533333333333334, 235.82666666666665, 254.72
605, 502.3456910173818, 167.4088120000001, 1.7466666666666666, 234.78666666666666, 254.97333333333333
606, 502.07927150439605, 166.77104933333328, 1.24, 233.98666666666668, 254.82666666666665
607, 501.8128519914104, 166.16307733333326, 1.6266666666666667, 232.73333333333332, 254.93333333333334
608, 501.54643247842466, 165.82741066666662, 1.2266666666666666, 232.36, 254.96
609, 501.280012965439, 165.0611986666667, 1.2133333333333334, 231.06666666666666, 254.93333333333334
610, 501.0135934524533, 164.57859466666665, 0.8533333333333334, 230.46666666666667, 254.73333333333332
611, 500.7471739394676, 164.89018800000002, 1.5866666666666667, 230.62666666666667, 254.72
612, 500.4807544264819, 164.91292800000005, 1.6533333333333333, 230.61333333333334, 254.81333333333333
613, 500.2143349134962, 164.20848800000007, 2.0533333333333332, 229.17333333333335, 255.0
614, 499.9479154005105, 162.75960266666675, 0.9066666666666666, 227.32, 254.84
615, 499.68149588752476, 162.72037066666667, 1.4933333333333334, 226.94666666666666, 254.88
616, 499.4150763745391, 161.4658386666667, 0.5466666666666666, 225.32, 254.73333333333332
617, 499.1486568615534, 161.43309866666667, 1.4133333333333333, 224.78666666666666, 254.92
618, 498.88223734856774, 160.66902000000002, 0.8666666666666667, 223.78666666666666, 254.8
619, 498.615817835582, 160.24944533333328, 1.68, 222.62666666666667, 254.96
620, 498.34939832259636, 158.9260373333333, 0.6933333333333334, 220.96, 254.52
621, 498.0829788096106, 158.67581199999992, 1.3466666666666667, 220.14666666666668, 254.8
622, 497.8165592966249, 158.78298133333325, 1.3866666666666667, 220.29333333333332, 254.88
623, 497.5501397836392, 158.28059733333325, 1.76, 219.22666666666666, 254.98666666666668
624, 497.28372027065353, 157.57267999999988, 1.0666666666666667, 218.38666666666666, 254.92
625, 497.01730075766784, 157.12204266666666, 1.44, 217.41333333333333, 255.0
626, 496.7508812446821, 156.46710666666658, 0.9333333333333333, 216.58666666666667, 254.84
627, 496.48446173169646, 156.00213066666672, 1.2266666666666666, 215.64, 254.86666666666667
628, 496.2180422187107, 155.39441999999997, 0.7333333333333333, 214.85333333333332, 254.88
629, 495.9516227057251, 155.26219333333333, 1.5333333333333334, 214.2, 254.98666666666668
630, 495.6852031927393, 154.88739466666658, 1.2533333333333334, 213.70666666666668, 254.97333333333333
631, 495.41878367975363, 154.6386693333333, 1.5733333333333333, 213.12, 254.97333333333333
632, 495.15236416676794, 154.51974933333332, 1.5733333333333333, 212.92, 254.96
633, 494.88594465378225, 153.48656533333335, 1.28, 211.30666666666667, 254.97333333333333
634, 494.61952514079655, 152.75720533333333, 0.88, 210.30666666666667, 254.77333333333334
635, 494.35310562781086, 152.40213200000008, 1.48, 209.36, 254.96
636, 494.08668611482517, 152.05603066666663, 1.16, 208.93333333333334, 254.96
637, 493.8202666018394, 151.45430533333337, 1.6133333333333333, 207.68, 254.94666666666666
638, 493.5538470888538, 150.581596, 0.84, 206.6, 254.88
639, 493.28742757586804, 150.347272, 1.4133333333333333, 205.89333333333335, 254.96
640, 493.0210080628824, 149.50449333333336, 0.6666666666666666, 204.85333333333332, 254.88
641, 492.75458854989665, 149.48931599999997, 1.24, 204.52, 254.96
642, 492.48816903691096, 149.03510000000006, 0.8666666666666667, 203.94666666666666, 254.90666666666667
643, 492.22174952392527, 148.75541733333338, 1.2933333333333332, 203.24, 254.97333333333333
644, 491.9553300109396, 148.26983333333337, 0.8666666666666667, 202.65333333333334, 254.85333333333332
645, 491.6889104979539, 147.39639333333338, 1.5333333333333334, 200.8, 254.98666666666668
646, 491.4224909849682, 147.12073333333328, 1.3333333333333333, 200.44, 254.94666666666666
647, 491.1560714719825, 146.2955413333333, 0.9866666666666667, 199.21333333333334, 254.93333333333334
648, 490.88965195899675, 145.66973599999992, 0.64, 198.36, 254.74666666666667
649, 490.6232324460111, 145.30632266666666, 1.3066666666666666, 197.36, 254.96
650, 490.35681293302537, 144.6733493333334, 1.04, 196.46666666666667, 254.70666666666668
651, 490.09039342003973, 144.2436866666666, 1.8, 195.29333333333332, 254.98666666666668
652, 489.823973907054, 142.95299999999997, 0.8, 193.64, 254.8
653, 489.5575543940683, 142.1585466666667, 1.6, 191.85333333333332, 254.93333333333334
654, 489.2911348810826, 140.96650933333328, 0.9066666666666666, 190.25333333333333, 254.53333333333333
655, 489.0247153680969, 140.25740800000005, 1.6533333333333333, 188.61333333333334, 254.8
656, 488.7582958551112, 139.98862933333342, 1.44, 188.26666666666668, 254.78666666666666
657, 488.4918763421255, 138.948956, 1.64, 186.36, 254.96
658, 488.22545682913983, 138.3182186666668, 1.1466666666666667, 185.56, 254.84
659, 487.9590373161541, 137.98354400000005, 1.4933333333333334, 184.81333333333333, 254.84
660, 487.69261780316845, 136.44158133333337, 0.5866666666666667, 182.65333333333334, 254.81333333333333
661, 487.4261982901827, 135.37800000000001, 1.0666666666666667, 180.58666666666667, 254.86666666666667
662, 487.15977877719706, 134.1099173333333, 0.8266666666666667, 178.61333333333334, 254.53333333333333
663, 486.8933592642113, 133.12480533333317, 1.1466666666666667, 176.73333333333332, 254.73333333333332
664, 486.6269397512256, 132.04657199999994, 0.68, 175.16, 254.6
665, 486.3605202382399, 131.6456106666666, 1.76, 173.89333333333335, 254.77333333333334
666, 486.09410072525424, 130.144096, 0.7733333333333333, 171.85333333333332, 254.69333333333333
667, 485.82768121226854, 129.807148, 1.9866666666666666, 170.66666666666666, 254.66666666666666
668, 485.5612616992828, 128.74536666666663, 1.2666666666666666, 169.24, 254.58666666666667
669, 485.29484218629716, 127.59219200000003, 1.1466666666666667, 167.26666666666668, 254.94666666666666
670, 485.0284226733114, 126.228076, 0.7066666666666667, 165.30666666666667, 254.22666666666666
671, 484.7620031603258, 124.89957466666674, 1.0533333333333332, 162.78666666666666, 254.64
672, 484.49558364734, 124.10170533333327, 0.8133333333333334, 161.56, 254.58666666666667
673, 484.22916413435433, 123.50924533333331, 1.9466666666666668, 159.89333333333335, 255.0
674, 483.96274462136864, 121.90194000000002, 1.1333333333333333, 157.61333333333334, 254.77333333333334
675, 483.69632510838295, 120.14182533333336, 1.2133333333333334, 154.6, 254.64
676, 483.42990559539726, 118.40050533333333, 0.9466666666666667, 151.81333333333333, 254.41333333333333
677, 483.16348608241157, 116.80277600000007, 1.44, 148.76, 254.82666666666665
678, 482.8970665694259, 114.6439466666667, 0.8, 145.41333333333333, 254.8
679, 482.6306470564401, 112.59502400000005, 0.8266666666666667, 141.90666666666667, 254.81333333333333
680, 482.3642275434545, 110.53938266666661, 0.5733333333333334, 138.54666666666665, 254.74666666666667
681, 482.09780803046874, 108.07922133333331, 0.4533333333333333, 134.44, 254.62666666666667
682, 481.8313885174831, 106.30294133333331, 0.72, 131.30666666666667, 254.48
683, 481.56496900449736, 104.95453866666664, 1.28, 128.69333333333333, 254.64
684, 481.29854949151166, 102.74594, 1.0, 125.12, 254.4
685, 481.032129978526, 100.70371733333336, 1.0933333333333333, 121.64, 254.16
686, 480.7657104655403, 99.36716533333338, 1.1466666666666667, 119.33333333333333, 254.17333333333335
687, 480.4992909525546, 97.38496266666667, 1.1733333333333333, 115.90666666666667, 254.36
688, 480.2328714395689, 95.57620133333334, 1.1866666666666668, 112.81333333333333, 254.38666666666666
689, 479.9664519265832, 94.00246399999997, 1.4933333333333334, 109.89333333333333, 254.81333333333333
690, 479.70003241359746, 91.74466666666663, 1.2, 106.25333333333333, 254.52
691, 479.4336129006118, 89.74665333333336, 1.4666666666666666, 102.77333333333333, 254.21333333333334
692, 479.16719338762607, 86.9612013333333, 1.0533333333333332, 98.28, 254.0
693, 478.90077387464044, 82.83115333333335, 1.0, 91.42666666666666, 253.2
694, 478.6343543616547, 79.98501199999998, 0.68, 86.64, 253.72
695, 478.367934848669, 78.78338933333333, 1.9733333333333334, 83.88, 254.0
696, 478.1015153356833, 75.6840666666667, 1.3333333333333333, 78.94666666666667, 253.89333333333335
697, 477.8350958226976, 73.59631466666669, 1.3866666666666667, 75.28, 254.32
698, 477.5686763097119, 70.38667733333334, 0.6933333333333334, 70.16, 254.34666666666666
699, 477.3022567967262, 68.64753733333335, 1.16, 66.94666666666667, 254.41333333333333
700, 477.03583728374053, 66.14657866666663, 1.0133333333333334, 62.78666666666667, 254.28
701, 476.7694177707548, 63.68201999999995, 1.1333333333333333, 58.49333333333333, 254.45333333333335
702, 476.50299825776915, 60.96504000000001, 1.2, 53.88, 254.2
703, 476.2365787447834, 57.634024000000004, 1.0933333333333333, 48.29333333333334, 254.02666666666667
704, 475.97015923179777, 54.957489333333335, 1.3733333333333333, 43.56, 254.18666666666667
705, 475.703739718812, 51.39475199999999, 1.8133333333333332, 37.17333333333333, 254.66666666666666
706, 475.4373202058263, 47.06258133333328, 1.2533333333333334, 30.2, 254.04
707, 475.17090069284063, 42.95270399999998, 0.8266666666666667, 23.586666666666666, 253.16
708, 474.90448117985494, 38.79971733333332, 0.29333333333333333, 16.76, 253.28
709, 474.63806166686925, 35.50068533333334, 1.0133333333333334, 10.68, 253.76
710, 474.3716421538835, 31.637504000000007, 0.6933333333333334, 4.453333333333333, 252.77333333333334
711, 474.10522264089786, 30.741120000000002, 1.3333333333333333, 2.6133333333333333, 252.70666666666668
712, 473.8388031279121, 30.413287999999987, 1.6533333333333333, 1.9333333333333333, 252.49333333333334
713, 473.5723836149265, 30.383003999999996, 2.2266666666666666, 1.4266666666666667, 253.33333333333334
714, 473.30596410194073, 30.53557199999998, 2.546666666666667, 1.4666666666666666, 253.62666666666667
715, 473.0395445889551, 30.741159999999983, 2.533333333333333, 1.8133333333333332, 253.68
716, 472.77312507596935, 30.534174666666665, 2.12, 1.7333333333333334, 253.36
717, 472.50670556298365, 30.14244799999999, 1.52, 1.4, 253.21333333333334
718, 472.24028604999796, 29.952947999999985, 1.32, 1.28, 252.69333333333333
719, 471.97386653701227, 30.78740133333332, 2.52, 1.9066666666666667, 253.64
720, 471.7074470240266, 30.54347866666666, 2.28, 1.6133333333333333, 253.64
721, 471.44102751104083, 30.185179999999995, 2.066666666666667, 1.1866666666666668, 253.25333333333333
722, 471.1746079980552, 30.479449333333317, 2.1733333333333333, 1.6, 253.42666666666668
723, 470.90818848506945, 30.372194666666648, 1.92, 1.5333333333333334, 253.49333333333334
724, 470.6417689720838, 30.22058799999998, 1.5866666666666667, 1.4266666666666667, 253.58666666666667
725, 470.37534945909806, 30.329363999999998, 1.96, 1.44, 253.49333333333334
726, 470.10892994611237, 30.58579599999999, 2.3066666666666666, 1.6666666666666667, 253.66666666666666
727, 469.8425104331267, 30.42188666666667, 2.066666666666667, 1.52, 253.61333333333334
728, 469.576090920141, 30.64261733333331, 2.36, 1.7466666666666666, 253.61333333333334
729, 469.3096714071553, 30.884710666666653, 2.6266666666666665, 2.0, 253.73333333333332
730, 469.0432518941696, 30.33774399999999, 2.026666666666667, 1.3866666666666667, 253.66666666666666
731, 468.7768323811839, 30.32391999999999, 2.0, 1.4, 253.54666666666665
732, 468.51041286819816, 30.17757733333332, 1.8266666666666667, 1.2933333333333332, 253.26666666666668
733, 468.2439933552125, 30.69606666666666, 2.4, 1.7733333333333334, 253.84
734, 467.9775738422268, 30.51607333333332, 2.2, 1.5866666666666667, 253.74666666666667
735, 467.71115432924114, 30.780126666666657, 2.466666666666667, 1.88, 253.85333333333332
736, 467.4447348162554, 30.37071466666665, 2.0533333333333332, 1.4266666666666667, 253.68
737, 467.1783153032697, 30.538033333333328, 2.2, 1.6266666666666667, 253.73333333333332
738, 466.911895790284, 30.24984799999999, 1.92, 1.4, 253.10666666666665
739, 466.6454762772983, 30.435136000000007, 2.1066666666666665, 1.5066666666666666, 253.69333333333333
740, 466.3790567643126, 30.547258666666664, 2.2133333333333334, 1.6666666666666667, 253.57333333333332
741, 466.11263725132693, 31.081075999999975, 2.84, 2.2, 253.86666666666667
742, 465.84621773834124, 30.199212, 1.88, 1.36, 252.97333333333333
743, 465.5797982253555, 30.21149333333333, 1.8666666666666667, 1.3333333333333333, 253.25333333333333
744, 465.31337871236985, 30.701782666666652, 2.44, 1.8533333333333333, 253.37333333333333
745, 465.0469591993841, 30.48918266666666, 2.1733333333333333, 1.5466666666666666, 253.78666666666666
746, 464.78053968639847, 30.19174933333332, 1.84, 1.2666666666666666, 253.49333333333334
747, 464.5141201734127, 31.20470133333333, 2.986666666666667, 2.3333333333333335, 253.88
748, 464.24770066042703, 30.275831999999983, 1.9466666666666668, 1.3866666666666667, 253.33333333333334
749, 463.98128114744134, 30.293928, 1.92, 1.4, 253.49333333333334
750, 463.71486163445564, 30.373406666666657, 2.066666666666667, 1.44, 253.6
751, 463.44844212146995, 30.717142666666664, 2.44, 1.7733333333333334, 253.92
752, 463.18202260848426, 30.092587999999996, 1.72, 1.12, 253.69333333333333
753, 462.91560309549857, 30.518909333333315, 2.24, 1.5866666666666667, 253.66666666666666
754, 462.6491835825128, 30.578875999999987, 2.3066666666666666, 1.7066666666666668, 253.4
755, 462.3827640695272, 30.333039999999993, 2.0, 1.4, 253.62666666666667
756, 462.11634455654143, 30.919837333333312, 2.6933333333333334, 2.0, 253.86666666666667
757, 461.8499250435558, 30.465929333333328, 2.1733333333333333, 1.52, 253.72
758, 461.58350553057005, 30.237129333333325, 1.9066666666666667, 1.3333333333333333, 253.37333333333333
759, 461.31708601758436, 30.995042666666663, 2.7733333333333334, 2.066666666666667, 253.97333333333333
760, 461.05066650459867, 30.358289333333325, 2.04, 1.4666666666666666, 253.4
761, 460.784246991613, 30.484954666666653, 2.1866666666666665, 1.6, 253.44
762, 460.5178274786273, 30.24871466666666, 1.92, 1.3333333333333333, 253.44
763, 460.25140796564153, 30.66137199999998, 2.4133333333333336, 1.7333333333333334, 253.70666666666668
764, 459.9849884526559, 30.405885333333334, 2.08, 1.5066666666666666, 253.50666666666666
765, 459.71856893967015, 30.52429199999999, 2.1466666666666665, 1.6666666666666667, 253.54666666666665
766, 459.4521494266845, 30.546351999999995, 2.2133333333333334, 1.6133333333333333, 253.84
767, 459.18572991369876, 30.750649333333318, 2.44, 1.8666666666666667, 253.73333333333332
768, 458.9193104007131, 30.15329466666666, 1.72, 1.2933333333333332, 253.33333333333334
769, 458.6528908877274, 30.390169333333336, 1.9066666666666667, 1.5733333333333333, 253.48
770, 458.3864713747417, 30.328417333333327, 1.8266666666666667, 1.4933333333333334, 253.56
771, 458.120051861756, 30.58003999999998, 2.1333333333333333, 1.6933333333333334, 253.93333333333334
772, 457.8536323487703, 30.329506666666656, 1.8666666666666667, 1.48, 253.53333333333333
773, 457.5872128357846, 30.443907999999993, 2.12, 1.52, 253.66666666666666
774, 457.32079332279886, 30.04002266666666, 1.64, 1.1333333333333333, 253.37333333333333
775, 457.0543738098132, 30.694999999999993, 2.4, 1.8, 253.69333333333333
776, 456.7879542968275, 30.766098666666668, 2.48, 1.8933333333333333, 253.62666666666667
777, 456.52153478384184, 30.154754666666662, 1.7866666666666666, 1.28, 253.24
778, 456.2551152708561, 30.276671999999987, 1.9466666666666668, 1.3466666666666667, 253.54666666666665
779, 455.9886957578704, 30.47607733333333, 2.16, 1.5466666666666666, 253.70666666666668
780, 455.7222762448847, 30.154445333333328, 1.8133333333333332, 1.24, 253.37333333333333
781, 455.455856731899, 30.82135599999999, 2.5733333333333333, 1.8933333333333333, 253.86666666666667
782, 455.1894372189133, 29.91535333333332, 1.5333333333333334, 1.04, 253.04
783, 454.92301770592763, 30.545921333333318, 2.2533333333333334, 1.6, 253.8
784, 454.65659819294194, 30.666506666666653, 2.4, 1.7333333333333334, 253.78666666666666
785, 454.3901786799562, 30.761311999999986, 2.48, 1.88, 253.65333333333334
786, 454.12375916697056, 30.529018666666666, 2.2133333333333334, 1.6666666666666667, 253.41333333333333
787, 453.8573396539848, 30.84861733333332, 2.6266666666666665, 1.9333333333333333, 253.76
788, 453.5909201409992, 30.422158666666654, 2.1466666666666665, 1.56, 253.2
789, 453.3245006280134, 30.306375999999993, 1.9733333333333334, 1.3733333333333333, 253.6
790, 453.05808111502773, 30.64462933333333, 2.3733333333333335, 1.72, 253.73333333333332
791, 452.79166160204204, 30.68070133333332, 2.453333333333333, 1.72, 253.84
792, 452.52524208905635, 29.943416, 1.5733333333333333, 1.0933333333333333, 252.90666666666667
793, 452.25882257607066, 30.75504399999999, 2.493333333333333, 1.8133333333333332, 253.90666666666667
794, 451.99240306308496, 30.51726799999998, 2.2533333333333334, 1.6133333333333333, 253.48
795, 451.7259835500993, 30.78436133333334, 2.52, 1.9066666666666667, 253.61333333333334
796, 451.4595640371135, 30.584585333333333, 2.28, 1.7066666666666668, 253.52
797, 451.1931445241279, 30.50798133333333, 2.1866666666666665, 1.6133333333333333, 253.57333333333332
798, 450.92672501114214, 30.21187999999999, 1.8666666666666667, 1.2666666666666666, 253.6
799, 450.6603054981565, 30.104239999999997, 1.7333333333333334, 1.2133333333333334, 253.28
800, 450.39388598517075, 30.50124399999999, 2.2266666666666666, 1.5866666666666667, 253.54666666666665
801, 450.12746647218506, 30.983107999999987, 2.6533333333333333, 2.1333333333333333, 253.84
802, 449.86104695919937, 30.194916, 1.7733333333333334, 1.3733333333333333, 253.14666666666668
803, 449.5946274462137, 30.108942666666657, 1.64, 1.2533333333333334, 253.36
804, 449.328207933228, 30.23400533333333, 1.8133333333333332, 1.36, 253.45333333333335
805, 449.06178842024224, 30.870491999999988, 2.4133333333333336, 2.0533333333333332, 253.89333333333335
806, 448.7953689072566, 30.167631999999994, 1.68, 1.32, 253.42666666666668
807, 448.52894939427085, 30.306971999999988, 1.88, 1.44, 253.50666666666666
808, 448.2625298812852, 30.179239999999997, 1.7333333333333334, 1.3333333333333333, 253.32
809, 447.99611036829947, 30.535983999999996, 2.2933333333333334, 1.6533333333333333, 253.33333333333334
810, 447.72969085531383, 30.082369333333336, 1.7733333333333334, 1.28, 252.64
811, 447.4632713423281, 30.319759999999995, 2.1333333333333333, 1.4933333333333334, 252.68
812, 447.1968518293424, 29.98093866666665, 1.8133333333333332, 1.2266666666666666, 251.92
813, 446.9304323163567, 29.996802666666657, 1.84, 1.3333333333333333, 251.44
814, 446.664012803371, 29.81334533333331, 1.7466666666666666, 1.2133333333333334, 250.69333333333333
815, 446.3975932903853, 29.81789733333333, 1.96, 1.3066666666666666, 249.69333333333333
816, 446.13117377739957, 29.301387999999996, 1.4533333333333334, 0.9333333333333333, 248.41333333333333
817, 445.86475426441393, 29.703103999999993, 2.16, 1.32, 248.09333333333333
818, 445.5983347514282, 29.809086666666676, 2.3333333333333335, 1.4666666666666666, 247.81333333333333
819, 445.33191523844255, 29.190464, 1.6266666666666667, 1.1066666666666667, 246.09333333333333
820, 445.0654957254568, 29.080774666666663, 1.5866666666666667, 1.08, 245.37333333333333
821, 444.7990762124711, 28.982254666666673, 1.8533333333333333, 1.1466666666666667, 243.46666666666667
822, 444.5326566994854, 28.993929333333337, 1.9066666666666667, 1.2533333333333334, 242.88
823, 444.2662371864997, 29.076038666666676, 2.013333333333333, 1.3466666666666667, 242.84
824, 443.99981767351403, 28.556489333333346, 1.5066666666666666, 0.9733333333333334, 241.53333333333333
825, 443.73339816052834, 28.75187733333334, 1.76, 1.3066666666666666, 240.86666666666667
826, 443.46697864754265, 28.74419466666667, 1.7866666666666666, 1.28, 240.86666666666667
827, 443.2005591345569, 28.38856533333333, 1.4133333333333333, 1.32, 238.52
828, 442.93413962157126, 28.234766666666662, 1.2666666666666666, 1.2, 238.17333333333335
829, 442.6677201085855, 28.21288000000001, 1.3333333333333333, 1.3333333333333333, 237.12
830, 442.4013005955999, 28.252656, 1.44, 1.44, 236.64
831, 442.13488108261413, 27.700841333333337, 1.1866666666666668, 0.9733333333333334, 234.86666666666667
832, 441.86846156962844, 27.934246666666663, 1.5333333333333334, 1.1866666666666668, 234.90666666666667
833, 441.60204205664274, 28.38141066666667, 2.4266666666666667, 1.68, 233.94666666666666
834, 441.33562254365705, 27.573073333333323, 1.6666666666666667, 0.9333333333333333, 232.69333333333333
835, 441.06920303067136, 28.06424666666667, 2.2, 1.4933333333333334, 232.72
836, 440.80278351768567, 27.895966666666656, 2.066666666666667, 1.36, 232.28
837, 440.5363640047, 27.593331999999997, 2.1466666666666665, 1.1066666666666667, 230.72
838, 440.2699444917142, 27.45038399999999, 2.026666666666667, 1.0666666666666667, 229.98666666666668
839, 440.0035249787286, 27.569870666666667, 2.2266666666666666, 1.36, 229.0
840, 439.73710546574284, 27.297890666666667, 1.8933333333333333, 1.1466666666666667, 228.58666666666667
841, 439.4706859527572, 27.26980266666667, 1.9733333333333334, 1.3066666666666666, 227.30666666666667
842, 439.20426643977146, 27.551212000000007, 2.28, 1.56, 227.66666666666666
843, 438.93784692678577, 27.403937333333335, 2.2266666666666666, 1.6133333333333333, 226.24
844, 438.6714274138001, 26.827891999999995, 1.6133333333333333, 1.1333333333333333, 225.26666666666668
845, 438.4050079008144, 26.938526666666668, 2.066666666666667, 1.28, 224.29333333333332
846, 438.1385883878287, 26.697506666666655, 1.8666666666666667, 1.08, 223.73333333333332
847, 437.872168874843, 26.91726, 2.2, 1.44, 222.93333333333334
848, 437.6057493618573, 26.137864000000004, 1.4933333333333334, 0.6533333333333333, 222.0
849, 437.33932984887156, 26.703781333333342, 2.32, 1.3466666666666667, 221.22666666666666
850, 437.0729103358859, 26.25893866666667, 1.8133333333333332, 0.9866666666666667, 220.50666666666666
851, 436.8064908229002, 26.35791866666667, 2.013333333333333, 1.1466666666666667, 220.02666666666667
852, 436.54007130991454, 26.16807066666666, 1.8266666666666667, 1.04, 219.4
853, 436.2736517969288, 26.303537333333338, 2.0933333333333333, 1.28, 218.65333333333334
854, 436.0072322839431, 25.75976533333333, 1.4133333333333333, 0.92, 217.52
855, 435.7408127709574, 26.191637333333322, 2.026666666666667, 1.4133333333333333, 217.16
856, 435.4743932579717, 25.924693333333337, 1.7333333333333334, 1.24, 216.48
857, 435.207973744986, 26.052061333333338, 1.92, 1.4266666666666667, 216.14666666666668
858, 434.94155423200027, 26.011756, 1.9066666666666667, 1.3466666666666667, 216.24
859, 434.67513471901464, 26.028384000000003, 2.026666666666667, 1.4666666666666666, 215.45333333333335
860, 434.4087152060289, 25.308378666666663, 1.28, 0.8533333333333334, 214.25333333333333
861, 434.14229569304325, 25.182113333333323, 1.2666666666666666, 0.8133333333333334, 213.38666666666666
862, 433.8758761800575, 25.562026666666675, 1.7333333333333334, 1.1866666666666668, 213.57333333333332
863, 433.60945666707187, 25.432545333333337, 1.7466666666666666, 1.2933333333333332, 211.85333333333332
864, 433.3430371540861, 25.275313333333326, 1.5333333333333334, 1.16, 211.72
865, 433.0766176411004, 25.671174666666666, 2.12, 1.6133333333333333, 211.32
866, 432.81019812811473, 25.26769866666668, 1.68, 1.1733333333333333, 211.2
867, 432.54377861512904, 25.441974666666667, 2.12, 1.4533333333333334, 210.13333333333333
868, 432.27735910214335, 24.837927999999998, 1.52, 0.88, 209.36
869, 432.0109395891576, 24.858445333333332, 1.9466666666666668, 0.9333333333333333, 208.14666666666668
870, 431.74452007617197, 24.970998666666684, 2.013333333333333, 1.1066666666666667, 208.06666666666666
871, 431.4781005631862, 24.87757733333334, 2.0933333333333333, 1.0, 207.58666666666667
872, 431.2116810502006, 25.13701066666667, 2.4266666666666667, 1.28, 207.54666666666665
873, 430.94526153721483, 25.077881333333334, 2.52, 1.3466666666666667, 206.44
874, 430.67884202422914, 24.515493333333332, 1.8666666666666667, 0.8533333333333334, 205.76
875, 430.41242251124345, 24.868135999999996, 2.3733333333333335, 1.3333333333333333, 205.05333333333334
876, 430.14600299825776, 24.663231999999997, 2.2133333333333334, 1.2133333333333334, 204.29333333333332
877, 429.87958348527206, 24.434693333333332, 2.0, 1.2666666666666666, 202.57333333333332
878, 429.6131639722864, 24.825020000000002, 2.466666666666667, 1.6266666666666667, 202.92
879, 429.3467444593007, 24.204228, 1.9866666666666666, 1.2666666666666666, 200.58666666666667
880, 429.08032494631493, 24.039583999999998, 1.76, 1.2, 200.08
881, 428.8139054333293, 24.267469333333324, 2.24, 1.4266666666666667, 199.65333333333334
882, 428.54748592034355, 23.506765333333327, 1.4133333333333333, 0.72, 198.78666666666666
883, 428.2810664073579, 24.13787066666666, 2.2266666666666666, 1.28, 199.30666666666667
884, 428.01464689437216, 23.418976000000004, 1.44, 0.72, 197.94666666666666
885, 427.74822738138647, 23.994829333333332, 2.1066666666666665, 1.4133333333333333, 197.68
886, 427.4818078684008, 23.708965333333328, 1.8133333333333332, 1.2, 197.04
887, 427.2153883554151, 23.857964, 2.2266666666666666, 1.2666666666666666, 196.92
888, 426.9489688424294, 23.506159999999998, 2.0, 0.92, 196.21333333333334
889, 426.6825493294437, 23.242042666666663, 1.84, 0.8933333333333333, 194.45333333333335
890, 426.416129816458, 23.174890666666666, 1.76, 0.8533333333333334, 194.28
891, 426.14971030347226, 23.555722666666657, 2.24, 1.4933333333333334, 193.06666666666666
892, 425.8832907904866, 23.063571999999997, 1.7466666666666666, 1.0666666666666667, 192.24
893, 425.6168712775009, 23.247193333333335, 2.066666666666667, 1.4133333333333333, 191.22666666666666
894, 425.35045176451524, 22.68402666666667, 1.4666666666666666, 0.92, 190.4
895, 425.0840322515295, 22.651560000000007, 1.4666666666666666, 1.0666666666666667, 189.36
896, 424.8176127385438, 23.083358666666662, 2.013333333333333, 1.3866666666666667, 190.06666666666666
897, 424.5511932255581, 22.581669333333334, 1.5733333333333333, 1.16, 187.98666666666668
898, 424.2847737125724, 22.397244000000004, 1.4266666666666667, 1.0266666666666666, 187.44
899, 424.0183541995867, 22.725622666666663, 2.04, 1.3333333333333333, 187.13333333333333
900, 423.751934686601, 22.54640533333333, 1.9466666666666668, 1.3733333333333333, 185.6
901, 423.48551517361534, 22.296744000000004, 2.026666666666667, 1.1066666666666667, 184.57333333333332
902, 423.2190956606296, 21.507421333333333, 1.2533333333333334, 0.64, 182.08
903, 422.95267614764396, 21.846876, 1.7733333333333334, 1.0933333333333333, 181.36
904, 422.6862566346582, 21.475785333333334, 1.3466666666666667, 0.8933333333333333, 180.25333333333333
905, 422.4198371216726, 21.650529333333335, 1.64, 1.1866666666666668, 179.50666666666666
906, 422.1534176086868, 21.63780133333334, 1.72, 1.2666666666666666, 178.77333333333334
907, 421.88699809570113, 21.58228533333334, 1.68, 1.3866666666666667, 177.77333333333334
908, 421.62057858271544, 20.755736000000006, 0.9066666666666666, 0.7866666666666666, 175.64
909, 421.35415906972975, 21.033173333333327, 1.3333333333333333, 1.2, 174.82666666666665
910, 421.08773955674405, 20.996980000000004, 1.2666666666666666, 1.2266666666666666, 174.54666666666665
911, 420.8213200437583, 21.30228266666667, 2.3733333333333335, 1.4266666666666667, 173.29333333333332
912, 420.55490053077267, 21.118249333333345, 2.1733333333333333, 1.36, 172.54666666666665
913, 420.2884810177869, 21.16624800000001, 2.5866666666666664, 1.3866666666666667, 171.74666666666667
914, 420.0220615048013, 21.148030666666674, 2.6266666666666665, 1.4, 171.41333333333333
915, 419.75564199181554, 20.68764133333333, 2.2533333333333334, 1.0, 170.41333333333333
916, 419.48922247882984, 20.203034666666667, 1.6533333333333333, 0.7466666666666667, 169.04
917, 419.22280296584415, 20.479361333333333, 2.12, 1.1066666666666667, 168.38666666666666
918, 418.95638345285846, 20.137173333333347, 1.7333333333333334, 0.92, 167.36
919, 418.68996393987277, 19.883536, 1.5733333333333333, 0.9733333333333334, 165.28
920, 418.4235444268871, 20.135596000000003, 1.9066666666666667, 1.2666666666666666, 165.10666666666665
921, 418.1571249139014, 20.381748000000005, 2.2533333333333334, 1.6933333333333334, 164.16
922, 417.89070540091564, 19.86957866666668, 1.8133333333333332, 1.3866666666666667, 162.4
923, 417.62428588793, 19.566407999999996, 1.92, 1.08, 161.04
924, 417.35786637494425, 19.051265333333333, 1.48, 0.8666666666666667, 158.77333333333334
925, 417.0914468619586, 19.758772000000004, 2.546666666666667, 1.4666666666666666, 159.09333333333333
926, 416.82502734897287, 19.21981733333333, 2.0933333333333333, 1.16, 157.13333333333333
927, 416.5586078359872, 19.15134533333334, 2.013333333333333, 1.4, 155.50666666666666
928, 416.2921883230015, 18.595814666666666, 1.5866666666666667, 1.08, 153.4
929, 416.0257688100158, 18.826044000000003, 2.0933333333333333, 1.3333333333333333, 152.78666666666666
930, 415.7593492970301, 18.169913333333337, 1.4, 0.9466666666666667, 150.84
931, 415.4929297840444, 18.87443866666667, 2.28, 1.6133333333333333, 151.28
932, 415.2265102710587, 18.213559999999994, 1.6, 1.16, 149.6
933, 414.96009075807297, 17.924032000000004, 1.8133333333333332, 0.8533333333333334, 148.08
