Extraction [ img/s4/seq3/1.jpg ] effectuee 2026-05-28 17:14:03.079767
Calibration: -0.2664195129856975*x + 663.5294963737288 [largueur 2619 + 934]

pixel, longueur d'onde, intensite, r, g, b
0, 663.5294963737288, 84.3830247311828, 171.58064516129033, 43.526881720430104, 66.20430107526882
1, 663.263076860743, 84.85372795698925, 172.8279569892473, 43.516129032258064, 67.11827956989248
2, 662.9966573477574, 85.24436559139788, 173.2258064516129, 43.924731182795696, 67.39784946236558
3, 662.7302378347716, 85.82778709677416, 174.1720430107527, 44.30107526881721, 68.09677419354838
4, 662.463818321786, 86.32580752688173, 174.72043010752688, 44.774193548387096, 68.59139784946237
5, 662.1973988088002, 86.67643870967743, 176.36559139784947, 44.333333333333336, 69.6236559139785
6, 661.9309792958146, 86.6400924731183, 176.38709677419354, 44.26881720430107, 69.58064516129032
7, 661.6645597828289, 87.41891612903225, 178.04301075268816, 44.526881720430104, 70.74193548387096
8, 661.3981402698432, 87.07060752688172, 177.68817204301075, 44.193548387096776, 70.33333333333333
9, 661.1317207568575, 87.48802795698926, 178.752688172043, 44.11827956989247, 71.59139784946237
10, 660.8653012438718, 86.70637419354836, 177.9784946236559, 43.333333333333336, 70.80645161290323
11, 660.5988817308861, 87.46538494623655, 180.1290322580645, 43.24731182795699, 72.26881720430107
12, 660.3324622179003, 87.82650000000001, 180.48387096774192, 43.61290322580645, 72.6236559139785
13, 660.0660427049147, 88.46576666666667, 182.44086021505376, 43.41935483870968, 74.09677419354838
14, 659.799623191929, 88.56988602150533, 182.53763440860214, 43.516129032258064, 74.25806451612904
15, 659.5332036789433, 89.2057376344086, 184.4516129032258, 43.30107526881721, 75.9247311827957
16, 659.2667841659576, 89.62287956989243, 184.86021505376345, 43.70967741935484, 76.40860215053763
17, 659.0003646529719, 89.6904677419355, 185.6451612903226, 43.25806451612903, 77.26881720430107
18, 658.7339451399862, 89.97549247311825, 185.93548387096774, 43.526881720430104, 77.6236559139785
19, 658.4675256270006, 90.86824193548388, 187.68817204301075, 43.88172043010753, 79.03225806451613
20, 658.2011061140148, 90.07265591397855, 187.09677419354838, 42.956989247311824, 78.36559139784946
21, 657.9346866010292, 90.96401397849466, 189.6451612903226, 42.795698924731184, 80.33333333333333
22, 657.6682670880434, 91.25142473118281, 190.05376344086022, 43.0, 80.73118279569893
23, 657.4018475750577, 91.13330322580643, 190.30107526881721, 42.59139784946237, 81.15053763440861
24, 657.135428062072, 91.4451, 190.61290322580646, 42.903225806451616, 81.46236559139786
25, 656.8690085490863, 92.19416989247313, 192.70967741935485, 42.81720430107527, 82.97849462365592
26, 656.6025890361007, 92.27239569892471, 192.81720430107526, 42.86021505376344, 83.16129032258064
27, 656.3361695231149, 92.17247741935483, 193.3978494623656, 42.204301075268816, 84.13978494623656
28, 656.0697500101293, 92.36827526881721, 193.59139784946237, 42.38709677419355, 84.40860215053763
29, 655.8033304971435, 93.21677741935487, 195.55913978494624, 42.55913978494624, 85.80645161290323
30, 655.5369109841579, 93.73512365591398, 196.0752688172043, 43.064516129032256, 86.39784946236558
31, 655.2704914711721, 93.62835053763443, 196.70967741935485, 42.43010752688172, 87.06451612903226
32, 655.0040719581864, 93.05419139784946, 196.1505376344086, 41.8494623655914, 86.48387096774194
33, 654.7376524452008, 93.46407956989248, 197.2688172043011, 41.82795698924731, 87.25806451612904
34, 654.471232932215, 93.4439849462366, 197.247311827957, 41.81720430107527, 87.19354838709677
35, 654.2048134192294, 93.69543010752687, 197.8494623655914, 41.83870967741935, 87.70967741935483
36, 653.9383939062436, 93.65305268817201, 197.86021505376345, 41.75268817204301, 87.75268817204301
37, 653.671974393258, 94.38189139784949, 199.25806451612902, 42.02150537634409, 89.09677419354838
38, 653.4055548802722, 94.0113666666666, 198.91397849462365, 41.634408602150536, 88.74193548387096
39, 653.1391353672866, 94.19123010752689, 199.63440860215053, 41.494623655913976, 89.15053763440861
40, 652.8727158543008, 94.29167204301072, 199.7311827956989, 41.59139784946237, 89.27956989247312
41, 652.6062963413152, 94.53914086021504, 200.74193548387098, 41.333333333333336, 90.12903225806451
42, 652.3398768283295, 94.63590537634408, 200.83870967741936, 41.43010752688172, 90.2258064516129
43, 652.0734573153437, 94.54016881720435, 201.86021505376345, 40.623655913978496, 90.86021505376344
44, 651.8070378023581, 95.03474301075268, 202.3548387096774, 41.11827956989247, 91.35483870967742
45, 651.5406182893723, 95.33284086021501, 203.8494623655914, 40.666666666666664, 92.3763440860215
46, 651.2741987763867, 94.72934193548389, 203.247311827957, 40.053763440860216, 91.81720430107526
47, 651.007779263401, 95.5244483870968, 204.8709677419355, 40.32258064516129, 93.15053763440861
48, 650.7413597504153, 95.39542903225805, 204.74193548387098, 40.193548387096776, 93.02150537634408
49, 650.4749402374296, 96.01331075268817, 206.46236559139786, 40.16129032258065, 94.09677419354838
50, 650.2085207244439, 96.07782043010755, 206.5268817204301, 40.225806451612904, 94.16129032258064
51, 649.9421012114582, 96.10242150537638, 206.96774193548387, 39.97849462365591, 94.49462365591398
52, 649.6756816984725, 96.14418602150536, 207.1720430107527, 39.924731182795696, 94.60215053763442
53, 649.4092621854868, 95.97642150537634, 208.68817204301075, 38.73118279569893, 95.3010752688172
54, 649.142842672501, 95.31167741935487, 208.1720430107527, 37.97849462365591, 94.6989247311828
55, 648.8764231595154, 95.29968602150534, 208.51612903225808, 37.784946236559136, 94.68817204301075
56, 648.6100036465297, 95.41427634408603, 208.63440860215053, 37.903225806451616, 94.7741935483871
57, 648.343584133544, 95.58812903225802, 209.56989247311827, 37.666666666666664, 95.06451612903226
58, 648.0771646205583, 95.3004698924731, 209.27956989247312, 37.38709677419355, 94.74193548387096
59, 647.8107451075726, 95.6559301075269, 210.59139784946237, 37.32258064516129, 94.75268817204301
60, 647.5443255945869, 95.58066881720428, 210.51612903225808, 37.24731182795699, 94.6774193548387
61, 647.2779060816013, 95.77962365591397, 211.61290322580646, 37.02150537634409, 94.70967741935483
62, 647.0114865686155, 95.31730430107524, 211.1505376344086, 36.55913978494624, 94.24731182795699
63, 646.7450670556299, 95.62079462365593, 212.48387096774192, 36.376344086021504, 94.35483870967742
64, 646.4786475426441, 94.68540430107522, 211.5483870967742, 35.44086021505376, 93.41935483870968
65, 646.2122280296584, 95.1289623655914, 212.8494623655914, 35.483870967741936, 93.6774193548387
66, 645.9458085166727, 95.69389462365595, 213.41935483870967, 36.053763440860216, 94.20430107526882
67, 645.679389003687, 95.52534946236557, 213.6021505376344, 35.68817204301075, 94.12903225806451
68, 645.4129694907014, 95.6327677419355, 213.72043010752688, 35.81720430107527, 94.09677419354838
69, 645.1465499777156, 95.69001612903224, 214.56989247311827, 35.56989247311828, 93.64516129032258
70, 644.88013046473, 95.2801311827957, 214.1720430107527, 35.18279569892473, 93.08602150537635
71, 644.6137109517442, 95.82541827956992, 215.06451612903226, 35.55913978494624, 93.59139784946237
72, 644.3472914387586, 95.4575946236559, 214.69892473118279, 35.204301075268816, 93.15053763440861
73, 644.0808719257728, 96.49325376344089, 216.6021505376344, 35.83870967741935, 93.97849462365592
74, 643.8144524127872, 96.12986989247317, 216.247311827957, 35.483870967741936, 93.54838709677419
75, 643.5480328998015, 96.81632688172043, 217.59139784946237, 35.935483870967744, 93.72043010752688
76, 643.2816133868157, 96.80330645161291, 217.58064516129033, 35.935483870967744, 93.63440860215054
77, 643.0151938738301, 97.09028172043006, 218.90322580645162, 35.763440860215056, 93.56989247311827
78, 642.7487743608443, 96.70463225806452, 218.51612903225808, 35.38709677419355, 93.13978494623656
79, 642.4823548478587, 97.34871075268813, 220.20430107526883, 35.516129032258064, 93.6989247311828
80, 642.2159353348729, 97.10283225806455, 219.95698924731184, 35.27956989247312, 93.40860215053763
81, 641.9495158218873, 96.97165268817206, 220.78494623655914, 34.70967741935484, 93.02150537634408
82, 641.6830963089016, 96.76492043010755, 220.58064516129033, 34.505376344086024, 92.79569892473118
83, 641.4166767959159, 96.65808494623656, 220.76344086021504, 34.236559139784944, 92.76344086021506
84, 641.1502572829302, 96.6771376344086, 220.88172043010752, 34.215053763440864, 92.73118279569893
85, 640.8838377699444, 97.25722903225805, 222.9784946236559, 34.13978494623656, 92.70967741935483
86, 640.6174182569588, 96.65934838709678, 222.53763440860214, 33.473118279569896, 92.05376344086021
87, 640.350998743973, 97.43242688172043, 223.79569892473117, 34.043010752688176, 92.60215053763442
88, 640.0845792309874, 97.27115268817205, 223.63440860215053, 33.88172043010753, 92.44086021505376
89, 639.8181597180017, 96.99162150537637, 224.32258064516128, 33.17204301075269, 91.83870967741936
90, 639.551740205016, 97.08838602150537, 224.41935483870967, 33.26881720430107, 91.93548387096774
91, 639.2853206920303, 97.4420096774194, 225.70967741935485, 33.25806451612903, 91.70967741935483
92, 639.0189011790446, 97.26753225806455, 225.53763440860214, 33.086021505376344, 91.51612903225806
93, 638.7524816660589, 97.25616344086018, 226.53763440860214, 32.645161290322584, 91.06451612903226
94, 638.4860621530732, 96.90399462365589, 226.18279569892474, 32.30107526881721, 90.6774193548387
95, 638.2196426400875, 97.77048064516124, 227.88172043010752, 32.8494623655914, 91.0
96, 637.9532231271018, 96.79548064516129, 226.91397849462365, 31.881720430107528, 89.96774193548387
97, 637.6868036141161, 97.87279139784944, 228.86021505376345, 32.623655913978496, 90.49462365591398
98, 637.4203841011304, 97.58834623655909, 228.58064516129033, 32.344086021505376, 90.17204301075269
99, 637.1539645881447, 98.67671505376342, 230.05376344086022, 33.25806451612903, 91.15053763440861
100, 636.887545075159, 98.3676870967742, 229.79569892473117, 32.956989247311824, 90.66666666666667
101, 636.6211255621733, 98.70055376344084, 230.80645161290323, 33.10752688172043, 90.16129032258064
102, 636.3547060491876, 98.49506559139783, 230.63440860215053, 32.913978494623656, 89.80645161290323
103, 636.088286536202, 99.8228215053763, 232.21505376344086, 34.193548387096776, 90.72043010752688
104, 635.8218670232162, 99.72869139784947, 232.11827956989248, 34.10752688172043, 90.59139784946237
105, 635.5554475102306, 100.04644516129031, 232.96774193548387, 34.25806451612903, 90.3763440860215
106, 635.2890279972448, 99.83603548387093, 232.76344086021504, 34.053763440860216, 90.11827956989248
107, 635.0226084842591, 100.70517419354839, 234.49462365591398, 34.623655913978496, 90.26881720430107
108, 634.7561889712734, 100.35640215053763, 234.1505376344086, 34.29032258064516, 89.82795698924731
109, 634.4897694582877, 101.25859354838711, 235.89247311827958, 34.956989247311824, 89.74193548387096
110, 634.2233499453021, 101.45493978494622, 236.08602150537635, 35.17204301075269, 89.84946236559139
111, 633.9569304323163, 101.53909677419355, 237.20430107526883, 34.88172043010753, 89.15053763440861
112, 633.6905109193307, 101.35282473118282, 237.0215053763441, 34.70967741935484, 88.88172043010752
113, 633.4240914063449, 101.78583225806459, 237.91397849462365, 35.043010752688176, 88.6236559139785
114, 633.1576718933593, 101.39188279569892, 237.51612903225808, 34.655913978494624, 88.20430107526882
115, 632.8912523803735, 102.50488817204302, 238.96774193548387, 35.666666666666664, 88.95698924731182
116, 632.6248328673878, 101.75072150537633, 238.3763440860215, 34.87096774193548, 87.98924731182795
117, 632.3584133544022, 102.14662903225808, 240.48387096774192, 34.516129032258064, 87.76344086021506
118, 632.0919938414164, 102.30331720430107, 240.69892473118279, 34.68817204301075, 87.68817204301075
119, 631.8255743284308, 103.37939999999998, 242.0215053763441, 35.795698924731184, 87.95698924731182
120, 631.559154815445, 102.73052795698926, 241.38709677419354, 35.17204301075269, 87.13978494623656
121, 631.2927353024594, 103.2024397849462, 242.59139784946237, 35.483870967741936, 86.51612903225806
122, 631.0263157894736, 103.47303978494628, 242.8279569892473, 35.8494623655914, 86.38709677419355
123, 630.759896276488, 104.01396989247303, 244.27956989247312, 36.16129032258065, 85.72043010752688
124, 630.4934767635023, 104.35966666666663, 244.6236559139785, 36.60215053763441, 85.58064516129032
125, 630.2270572505166, 104.82089892473118, 246.27956989247312, 36.70967741935484, 84.73118279569893
126, 629.9606377375309, 104.42531397849459, 245.89247311827958, 36.39784946236559, 83.88172043010752
127, 629.6942182245452, 105.13986344086027, 247.70967741935485, 36.81720430107527, 83.2258064516129
128, 629.4277987115595, 105.23890215053761, 247.86021505376345, 36.96774193548387, 82.9247311827957
129, 629.1613791985737, 105.90744408602148, 249.53763440860214, 37.354838709677416, 82.39784946236558
130, 628.8949596855881, 106.02768709677417, 249.68817204301075, 37.526881720430104, 82.17204301075269
131, 628.6285401726024, 106.97783225806441, 251.03225806451613, 38.41935483870968, 82.38709677419355
132, 628.3621206596167, 107.17191935483872, 251.23655913978496, 38.81720430107527, 81.50537634408602
133, 628.095701146631, 107.75480645161291, 252.58064516129033, 39.16129032258065, 81.3225806451613
134, 627.8292816336453, 108.32634086021508, 253.1505376344086, 39.903225806451616, 81.02150537634408
135, 627.5628621206596, 108.83162043010749, 253.4731182795699, 40.59139784946237, 81.06451612903226
136, 627.296442607674, 108.69706989247311, 253.38709677419354, 40.46236559139785, 80.7741935483871
137, 627.0300230946882, 109.58593333333333, 253.89247311827958, 41.75268817204301, 80.60215053763442
138, 626.7636035817025, 109.49068172043012, 253.93548387096774, 41.666666666666664, 80.09677419354838
139, 626.4971840687168, 109.72000430107519, 254.04301075268816, 42.16129032258065, 79.27956989247312
140, 626.2307645557311, 109.96625161290322, 254.1505376344086, 42.56989247311828, 79.05376344086021
141, 625.9643450427454, 110.59836881720429, 254.3763440860215, 43.623655913978496, 78.58064516129032
142, 625.6979255297597, 110.39648064516135, 254.44086021505376, 43.376344086021504, 77.91397849462365
143, 625.431506016774, 111.0797032258065, 254.68817204301075, 44.46236559139785, 77.66666666666667
144, 625.1650865037883, 111.15493333333336, 254.752688172043, 44.58064516129032, 77.54838709677419
145, 624.8986669908027, 111.6637451612903, 254.80645161290323, 45.516129032258064, 77.05376344086021
146, 624.6322474778169, 112.00769569892468, 254.8709677419355, 46.01075268817204, 77.35483870967742
147, 624.3658279648313, 112.18592043010743, 254.88172043010752, 46.354838709677416, 77.11827956989248
148, 624.0994084518455, 112.69124623655912, 254.95698924731184, 47.13978494623656, 77.31182795698925
149, 623.8329889388598, 113.51806451612906, 254.94623655913978, 48.59139784946237, 77.11827956989248
150, 623.5665694258741, 113.78024623655911, 254.95698924731184, 49.043010752688176, 77.06451612903226
151, 623.3001499128884, 114.02122365591401, 254.96774193548387, 49.473118279569896, 76.93548387096774
152, 623.0337303999028, 114.09365268817206, 254.8709677419355, 49.666666666666664, 76.82795698924731
153, 622.767310886917, 114.642288172043, 254.96774193548387, 50.60215053763441, 76.56989247311827
154, 622.5008913739314, 114.37491397849463, 254.94623655913978, 50.32258064516129, 75.72043010752688
155, 622.2344718609456, 115.36678064516119, 254.98924731182797, 51.956989247311824, 75.89247311827957
156, 621.96805234796, 115.35154516129019, 254.9784946236559, 52.043010752688176, 75.34408602150538
157, 621.7016328349742, 116.08221397849458, 254.8494623655914, 53.45161290322581, 74.83870967741936
158, 621.4352133219886, 116.08617741935483, 254.89247311827958, 53.505376344086024, 74.48387096774194
159, 621.1687938090029, 116.88849354838707, 254.95698924731184, 54.86021505376344, 74.3763440860215
160, 620.9023742960171, 116.62038817204298, 254.93548387096774, 54.53763440860215, 73.74193548387096
161, 620.6359547830315, 117.35756129032254, 254.9247311827957, 55.763440860215056, 73.9247311827957
162, 620.3695352700457, 117.42086236559138, 254.9247311827957, 55.88172043010753, 73.87096774193549
163, 620.1031157570601, 117.89771290322578, 254.91397849462365, 56.72043010752688, 73.76344086021506
164, 619.8366962440743, 118.09922795698924, 254.9247311827957, 57.064516129032256, 73.73118279569893
165, 619.5702767310887, 118.21609569892473, 254.95698924731184, 57.38709677419355, 73.01075268817205
166, 619.303857218103, 118.38414838709681, 254.96774193548387, 57.70967741935484, 72.79569892473118
167, 619.0374377051173, 118.85147741935495, 254.90322580645162, 58.645161290322584, 72.24731182795699
168, 618.7710181921316, 119.1177516129033, 254.95698924731184, 59.086021505376344, 72.17204301075269
169, 618.5045986791458, 119.47090645161283, 254.91397849462365, 59.8494623655914, 71.45161290322581
170, 618.2381791661602, 119.80445806451611, 254.98924731182797, 60.40860215053763, 71.3010752688172
171, 617.9717596531744, 120.37817956989242, 254.9784946236559, 61.53763440860215, 70.54838709677419
172, 617.7053401401888, 120.41605483870964, 254.93548387096774, 61.70967741935484, 70.10752688172043
173, 617.4389206272031, 121.10235913978487, 254.90322580645162, 62.98924731182796, 69.6236559139785
174, 617.1725011142174, 121.40055806451608, 254.95698924731184, 63.505376344086024, 69.44086021505376
175, 616.9060816012317, 121.92810860215049, 254.93548387096774, 64.55913978494624, 68.6989247311828
176, 616.639662088246, 122.33238279569886, 254.98924731182797, 65.25806451612904, 68.50537634408602
177, 616.3732425752603, 122.3190774193548, 254.9247311827957, 65.53763440860214, 67.11827956989248
178, 616.1068230622747, 122.22111075268815, 254.91397849462365, 65.51612903225806, 66.39784946236558
179, 615.8404035492889, 122.49300537634409, 254.89247311827958, 66.09677419354838, 65.84946236559139
180, 615.5739840363033, 122.68172258064516, 254.81720430107526, 66.6236559139785, 64.98924731182795
181, 615.3075645233175, 123.6948967741935, 254.90322580645162, 68.3225806451613, 64.90322580645162
182, 615.0411450103318, 123.72080537634412, 254.95698924731184, 68.61290322580645, 63.494623655913976
183, 614.7747254973461, 124.19414838709673, 254.96774193548387, 69.51612903225806, 62.96774193548387
184, 614.5083059843604, 124.4636946236559, 254.98924731182797, 70.13978494623656, 62.064516129032256
185, 614.2418864713748, 125.12799677419353, 254.9784946236559, 71.33333333333333, 61.774193548387096
186, 613.975466958389, 125.11576559139783, 254.9247311827957, 71.55913978494624, 60.645161290322584
187, 613.7090474454034, 125.7096838709678, 254.88172043010752, 72.78494623655914, 59.655913978494624
188, 613.4426279324176, 126.28501935483877, 254.96774193548387, 73.6774193548387, 59.88172043010753
189, 613.176208419432, 127.29246021505386, 254.96774193548387, 75.39784946236558, 59.86021505376344
190, 612.9097889064462, 127.42827634408613, 254.9784946236559, 75.6989247311828, 59.473118279569896
191, 612.6433693934605, 128.033659139785, 254.91397849462365, 76.96774193548387, 58.41935483870968
192, 612.3769498804749, 128.24996559139794, 254.96774193548387, 77.56989247311827, 57.075268817204304
193, 612.1105303674891, 129.24862043010756, 254.9784946236559, 79.16129032258064, 57.61290322580645
194, 611.8441108545035, 129.43634838709676, 254.90322580645162, 79.7741935483871, 56.30107526881721
195, 611.5776913415177, 130.07553763440856, 254.94623655913978, 80.9247311827957, 55.87096774193548
196, 611.3112718285321, 130.42511397849455, 254.98924731182797, 81.6236559139785, 55.225806451612904
197, 611.0448523155463, 130.85942688172037, 254.9784946236559, 82.48387096774194, 54.634408602150536
198, 610.7784328025607, 131.23504301075266, 254.94623655913978, 83.2258064516129, 54.193548387096776
199, 610.512013289575, 131.86790645161295, 254.91397849462365, 84.46236559139786, 53.46236559139785
200, 610.2455937765892, 132.20184086021507, 254.9247311827957, 85.09677419354838, 53.096774193548384
201, 609.9791742636036, 132.8612580645161, 254.94623655913978, 86.3010752688172, 52.623655913978496
202, 609.7127547506178, 133.51341827956992, 254.95698924731184, 87.48387096774194, 52.225806451612904
203, 609.4463352376322, 134.1100505376344, 254.8709677419355, 88.68817204301075, 51.483870967741936
204, 609.1799157246464, 134.1588967741936, 254.90322580645162, 88.90322580645162, 50.72043010752688
205, 608.9134962116608, 135.31056559139785, 254.98924731182797, 90.81720430107526, 50.74193548387097
206, 608.647076698675, 135.4523677419355, 254.9247311827957, 91.27956989247312, 49.774193548387096
207, 608.3806571856894, 136.46111935483873, 254.93548387096774, 93.03225806451613, 49.56989247311828
208, 608.1142376727037, 137.05829677419362, 254.98924731182797, 94.11827956989248, 49.075268817204304
209, 607.847818159718, 137.83152258064524, 254.98924731182797, 95.47311827956989, 48.88172043010753
210, 607.5813986467323, 138.414764516129, 254.93548387096774, 96.54838709677419, 48.60215053763441
211, 607.3149791337466, 139.30256666666665, 254.9784946236559, 98.11827956989248, 48.193548387096776
212, 607.0485596207609, 139.45394838709686, 254.9247311827957, 98.66666666666667, 46.83870967741935
213, 606.7821401077751, 140.6146118279571, 254.95698924731184, 100.61290322580645, 46.913978494623656
214, 606.5157205947895, 141.12720322580643, 254.95698924731184, 101.63440860215054, 46.1505376344086
215, 606.2493010818038, 141.71526881720428, 254.94623655913978, 102.74193548387096, 45.634408602150536
216, 605.9828815688181, 142.05991935483868, 255.0, 103.3225806451613, 45.526881720430104
217, 605.7164620558324, 143.32360860215056, 254.98924731182797, 105.45161290322581, 45.67741935483871
218, 605.4500425428467, 143.227152688172, 254.9247311827957, 105.52688172043011, 44.61290322580645
219, 605.183623029861, 144.308664516129, 254.96774193548387, 107.38709677419355, 44.40860215053763
220, 604.9172035168754, 145.05508279569892, 254.9784946236559, 108.63440860215054, 44.505376344086024
221, 604.6507840038896, 145.78755806451596, 254.95698924731184, 109.98924731182795, 44.01075268817204
222, 604.3843644909039, 146.24231182795702, 254.83870967741936, 110.91397849462365, 43.54838709677419
223, 604.1179449779182, 147.50437956989245, 254.91397849462365, 113.02150537634408, 43.56989247311828
224, 603.8515254649325, 148.1675548387097, 254.98924731182797, 114.15053763440861, 43.376344086021504
225, 603.5851059519468, 148.66564946236554, 254.90322580645162, 115.18279569892474, 42.655913978494624
226, 603.3186864389611, 149.25129032258056, 254.94623655913978, 116.13978494623656, 42.75268817204301
227, 603.0522669259755, 150.18906989247316, 255.0, 117.72043010752688, 42.69892473118279
228, 602.7858474129897, 150.318840860215, 254.9247311827957, 118.09677419354838, 42.096774193548384
229, 602.5194279000041, 151.5726215053763, 254.96774193548387, 120.13978494623656, 42.46236559139785
230, 602.2530083870183, 151.6212666666667, 254.96774193548387, 120.33333333333333, 41.89247311827957
231, 601.9865888740327, 152.2994978494623, 254.91397849462365, 121.51612903225806, 41.89247311827957
232, 601.7201693610469, 152.91117956989245, 254.9784946236559, 122.47311827956989, 42.16129032258065
233, 601.4537498480612, 153.93795268817212, 254.98924731182797, 124.20430107526882, 42.225806451612904
234, 601.1873303350756, 154.65462150537635, 254.96774193548387, 125.49462365591398, 41.924731182795696
235, 600.9209108220898, 155.52359892473115, 254.9784946236559, 126.95698924731182, 41.98924731182796
236, 600.6544913091042, 156.04094623655914, 254.94623655913978, 128.03225806451613, 41.075268817204304
237, 600.3880717961184, 157.1854064516129, 254.96774193548387, 129.93548387096774, 41.25806451612903
238, 600.1216522831328, 157.74088817204287, 254.98924731182797, 131.01075268817203, 40.53763440860215
239, 599.855232770147, 158.63447096774192, 254.96774193548387, 132.61290322580646, 40.18279569892473
240, 599.5888132571614, 159.07163225806445, 254.96774193548387, 133.4516129032258, 39.69892473118279
241, 599.3223937441757, 160.04579247311833, 254.8709677419355, 135.20430107526883, 39.473118279569896
242, 599.05597423119, 160.8391580645161, 254.9784946236559, 136.43010752688173, 39.83870967741935
243, 598.7895547182043, 161.61003010752697, 254.96774193548387, 137.76344086021504, 39.763440860215056
244, 598.5231352052185, 162.38807849462373, 254.91397849462365, 139.19354838709677, 39.365591397849464
245, 598.2567156922329, 163.12811505376345, 254.9784946236559, 140.63440860215053, 38.26881720430107
246, 597.9902961792471, 163.88532473118278, 254.9247311827957, 142.06451612903226, 37.68817204301075
247, 597.7238766662615, 165.06391182795687, 254.96774193548387, 144.01075268817203, 37.89247311827957
248, 597.4574571532758, 166.35244731182792, 254.98924731182797, 146.09677419354838, 38.39784946236559
249, 597.1910376402901, 167.47500752688177, 254.9784946236559, 148.0, 38.473118279569896
250, 596.9246181273044, 168.1194032258064, 255.0, 149.25806451612902, 37.59139784946237
251, 596.6581986143187, 168.99275806451627, 255.0, 150.80645161290323, 37.27956989247312
252, 596.391779101333, 169.83362150537639, 254.96774193548387, 152.23655913978496, 37.376344086021504
253, 596.1253595883472, 170.8899838709676, 255.0, 154.03225806451613, 37.31182795698925
254, 595.8589400753616, 171.13623440860198, 254.96774193548387, 154.59139784946237, 36.67741935483871
255, 595.5925205623759, 171.94098817204292, 254.95698924731184, 156.04301075268816, 36.29032258064516
256, 595.3261010493902, 172.14999677419357, 254.9784946236559, 156.49462365591398, 35.74193548387097
257, 595.0596815364045, 172.97371720430098, 254.9784946236559, 157.93548387096774, 35.54838709677419
258, 594.7932620234188, 173.09121290322574, 254.96774193548387, 158.25806451612902, 34.946236559139784
259, 594.5268425104331, 173.7635344086021, 254.9784946236559, 159.4731182795699, 34.55913978494624
260, 594.2604229974474, 173.97832365591393, 254.93548387096774, 159.95698924731184, 34.064516129032256
261, 593.9940034844617, 174.42535806451608, 254.91397849462365, 160.81720430107526, 33.61290322580645
262, 593.7275839714761, 174.77726559139782, 254.9784946236559, 161.41935483870967, 33.43010752688172
263, 593.4611644584903, 175.5391559139785, 255.0, 162.66666666666666, 33.634408602150536
264, 593.1947449455047, 175.99560860215058, 254.98924731182797, 163.38709677419354, 33.956989247311824
265, 592.9283254325189, 176.69986774193552, 254.9784946236559, 164.6236559139785, 33.795698924731184
266, 592.6619059195332, 176.97929569892472, 255.0, 165.10752688172042, 33.69892473118279
267, 592.3954864065475, 177.85021182795694, 254.9784946236559, 166.6021505376344, 33.69892473118279
268, 592.1290668935618, 178.11159892473117, 254.8709677419355, 167.13978494623655, 33.505376344086024
269, 591.8626473805762, 179.20798064516129, 254.9247311827957, 168.89247311827958, 33.956989247311824
270, 591.5962278675904, 179.44513440860212, 255.0, 169.33333333333334, 33.56989247311828
271, 591.3298083546048, 180.11602903225813, 254.9784946236559, 170.5268817204301, 33.365591397849464
272, 591.063388841619, 180.50463010752688, 254.98924731182797, 171.20430107526883, 33.25806451612903
273, 590.7969693286334, 181.12276129032261, 254.96774193548387, 172.32258064516128, 32.97849462365591
274, 590.5305498156476, 181.3468397849462, 254.93548387096774, 172.7311827956989, 32.924731182795696
275, 590.2641303026619, 181.90665376344083, 254.96774193548387, 173.65591397849462, 32.98924731182796
276, 589.9977107896763, 182.20097419354838, 254.98924731182797, 174.1505376344086, 32.96774193548387
277, 589.7312912766905, 182.8672946236559, 254.90322580645162, 175.34408602150538, 32.89247311827957
278, 589.4648717637049, 182.9963666666667, 254.93548387096774, 175.59139784946237, 32.666666666666664
279, 589.1984522507191, 183.79631075268816, 254.95698924731184, 176.91397849462365, 32.81720430107527
280, 588.9320327377335, 184.34752150537628, 255.0, 177.72043010752688, 33.38709677419355
281, 588.6656132247477, 185.25928602150532, 254.98924731182797, 179.19354838709677, 33.82795698924731
282, 588.3991937117621, 185.45051290322573, 254.9784946236559, 179.5268817204301, 33.81720430107527
283, 588.1327741987764, 186.5378548387095, 255.0, 181.38709677419354, 33.72043010752688
284, 587.8663546857906, 186.7330268817204, 255.0, 181.76344086021504, 33.494623655913976
285, 587.599935172805, 187.95743655913992, 254.98924731182797, 183.81720430107526, 33.68817204301075
286, 587.3335156598193, 187.61066129032258, 255.0, 183.41935483870967, 32.666666666666664
287, 587.0670961468336, 188.48985913978495, 254.95698924731184, 184.91397849462365, 32.795698924731184
288, 586.8006766338478, 188.6207182795699, 254.96774193548387, 185.13978494623655, 32.75268817204301
289, 586.5342571208622, 189.63184516129027, 254.98924731182797, 186.69892473118279, 33.53763440860215
290, 586.2678376078765, 189.61456774193547, 254.96774193548387, 186.70967741935485, 33.38709677419355
291, 586.0014180948908, 189.96945161290319, 254.94623655913978, 187.2688172043011, 33.67741935483871
292, 585.7349985819051, 189.94536774193548, 254.9247311827957, 187.31182795698925, 33.30107526881721
293, 585.4685790689194, 190.7078634408602, 254.91397849462365, 188.44086021505376, 34.204301075268816
294, 585.2021595559337, 190.8215795698924, 254.95698924731184, 188.67741935483872, 33.87096774193548
295, 584.935740042948, 191.3957365591398, 254.89247311827958, 189.6236559139785, 34.204301075268816
296, 584.6693205299623, 191.4144591397849, 254.9784946236559, 189.6451612903226, 34.03225806451613
297, 584.4029010169766, 191.37826881720423, 254.94623655913978, 189.74193548387098, 33.30107526881721
298, 584.1364815039909, 191.42997634408584, 254.96774193548387, 189.88172043010752, 32.97849462365591
299, 583.8700619910052, 192.04279462365596, 254.95698924731184, 191.0752688172043, 32.236559139784944
300, 583.6036424780195, 192.19166666666663, 254.94623655913978, 191.44086021505376, 31.688172043010752
301, 583.3372229650338, 192.92102580645144, 254.90322580645162, 192.7741935483871, 31.333333333333332
302, 583.0708034520482, 192.9447408602149, 254.95698924731184, 192.93548387096774, 30.56989247311828
303, 582.8043839390624, 193.5400634408602, 254.95698924731184, 194.06451612903226, 29.978494623655912
304, 582.5379644260768, 193.5412806451613, 254.93548387096774, 194.2258064516129, 29.21505376344086
305, 582.271544913091, 194.141670967742, 254.90322580645162, 195.3548387096774, 28.752688172043012
306, 582.0051254001053, 194.277652688172, 254.9784946236559, 195.61290322580646, 28.419354838709676
307, 581.7387058871196, 194.83750215053763, 254.9784946236559, 196.6021505376344, 28.236559139784948
308, 581.4722863741339, 194.8527021505377, 254.91397849462365, 196.8279569892473, 27.376344086021504
309, 581.2058668611483, 195.27182903225818, 254.93548387096774, 197.74193548387098, 26.29032258064516
310, 580.9394473481625, 195.3408548387097, 255.0, 198.0, 25.397849462365592
311, 580.6730278351769, 195.7343279569892, 255.0, 198.72043010752688, 25.13978494623656
312, 580.4066083221911, 195.62901075268817, 254.94623655913978, 198.80645161290323, 23.913978494623656
313, 580.1401888092055, 196.24442795698923, 254.96774193548387, 199.94623655913978, 23.387096774193548
314, 579.8737692962197, 196.57579032258062, 254.89247311827958, 200.86021505376345, 21.78494623655914
315, 579.6073497832341, 197.11097741935484, 254.95698924731184, 201.86021505376345, 21.161290322580644
316, 579.3409302702484, 197.62404623655914, 254.91397849462365, 203.16129032258064, 19.0752688172043
317, 579.0745107572627, 198.14180860215055, 254.9247311827957, 204.2258064516129, 18.107526881720432
318, 578.808091244277, 198.2904032258065, 254.67741935483872, 205.1290322580645, 15.408602150537634
319, 578.5416717312912, 198.4486731182796, 254.34408602150538, 205.80645161290323, 14.182795698924732
320, 578.2752522183056, 198.44666129032268, 253.1720430107527, 207.04301075268816, 10.870967741935484
321, 578.0088327053198, 198.64943655913976, 251.76344086021504, 208.33333333333334, 9.698924731182796
322, 577.7424131923342, 197.37474086021516, 248.18279569892474, 208.70967741935485, 5.967741935483871
323, 577.4759936793484, 196.6663010752689, 245.2688172043011, 209.25806451612902, 4.56989247311828
324, 577.2095741663628, 196.18608172043014, 241.9784946236559, 210.4516129032258, 2.838709677419355
325, 576.9431546533771, 195.7840612903225, 238.8494623655914, 211.46236559139786, 2.3118279569892475
326, 576.6767351403914, 195.87502150537634, 237.20430107526883, 212.56989247311827, 1.7204301075268817
327, 576.4103156274057, 195.9434666666665, 236.40860215053763, 213.06451612903226, 1.8602150537634408
328, 576.1438961144199, 195.5980956989247, 234.8494623655914, 213.31182795698925, 1.6451612903225807
329, 575.8774766014343, 195.87416774193545, 234.1290322580645, 214.09677419354838, 1.913978494623656
330, 575.6110570884485, 195.62661720430103, 231.78494623655914, 214.93548387096774, 1.5698924731182795
331, 575.3446375754629, 195.56436989247314, 231.13978494623655, 215.11827956989248, 1.7741935483870968
332, 575.0782180624772, 194.89745698924736, 228.76344086021504, 215.29032258064515, 1.2688172043010753
333, 574.8117985494915, 195.2923569892474, 228.04301075268816, 216.21505376344086, 1.8602150537634408
334, 574.5453790365058, 194.12602473118272, 224.3763440860215, 216.25806451612902, 1.021505376344086
335, 574.2789595235201, 194.39034516129018, 223.10752688172042, 217.2688172043011, 1.4623655913978495
336, 574.0125400105344, 193.40367526881724, 219.2688172043011, 217.70967741935485, 0.6021505376344086
337, 573.7461204975486, 194.17164623655916, 218.16129032258064, 219.40860215053763, 1.4946236559139785
338, 573.479700984563, 194.2355903225806, 215.38709677419354, 220.96774193548387, 1.3010752688172043
339, 573.2132814715774, 194.7364387096774, 215.29032258064515, 221.7741935483871, 1.7956989247311828
340, 572.9468619585916, 194.15667526881714, 212.1720430107527, 222.4516129032258, 1.3978494623655915
341, 572.6804424456059, 194.07753978494614, 210.40860215053763, 223.20430107526883, 1.4516129032258065
342, 572.4140229326202, 193.33646989247313, 207.4516129032258, 223.5268817204301, 1.043010752688172
343, 572.1476034196345, 193.91329462365582, 207.59139784946237, 224.3548387096774, 1.4731182795698925
344, 571.8811839066489, 193.91029462365583, 205.11827956989248, 225.6236559139785, 1.3978494623655915
345, 571.6147643936631, 194.0500150537634, 204.68817204301075, 226.11827956989248, 1.2043010752688172
346, 571.3483448806775, 193.65105806451604, 202.10752688172042, 226.752688172043, 1.2043010752688172
347, 571.0819253676917, 194.15766666666656, 201.72043010752688, 227.66666666666666, 1.956989247311828
348, 570.8155058547061, 193.48220215053763, 198.7311827956989, 228.16129032258064, 1.3225806451612903
349, 570.5490863417203, 193.58868172043012, 198.23655913978496, 228.48387096774192, 1.89247311827957
350, 570.2826668287346, 193.18394086021507, 195.0, 229.49462365591398, 1.6236559139784945
351, 570.016247315749, 192.98328064516122, 192.46236559139786, 230.36559139784947, 2.032258064516129
352, 569.7498278027632, 191.9140387096774, 188.10752688172042, 230.91397849462365, 1.2473118279569892
353, 569.4834082897776, 192.4194215053763, 185.67741935483872, 232.8494623655914, 2.086021505376344
354, 569.2169887767918, 191.28672903225802, 181.09677419354838, 233.41935483870967, 1.2258064516129032
355, 568.9505692638062, 191.23485806451612, 179.16129032258064, 234.25806451612902, 1.5268817204301075
356, 568.6841497508204, 190.07235806451612, 174.59139784946237, 234.68817204301075, 1.096774193548387
357, 568.4177302378348, 189.5327870967742, 170.6236559139785, 235.72043010752688, 1.4516129032258065
358, 568.151310724849, 188.64108387096775, 166.36559139784947, 236.43010752688173, 1.1397849462365592
359, 567.8848912118633, 187.42935483870977, 161.8279569892473, 236.56989247311827, 1.6881720430107527
360, 567.6184716988777, 186.72781827956993, 157.19354838709677, 237.8494623655914, 1.096774193548387
361, 567.3520521858919, 185.2992677419355, 152.2688172043011, 237.88172043010752, 1.3118279569892473
362, 567.0856326729063, 183.8729569892473, 146.66666666666666, 238.41935483870967, 0.7204301075268817
363, 566.8192131599205, 182.48189569892475, 141.90322580645162, 238.3978494623656, 1.118279569892473
364, 566.5527936469349, 181.94330860215058, 138.20430107526883, 239.3763440860215, 1.053763440860215
365, 566.2863741339492, 181.6924440860216, 135.34408602150538, 240.2258064516129, 1.978494623655914
366, 566.0199546209635, 180.29859784946237, 131.01075268817203, 240.19354838709677, 1.2795698924731183
367, 565.7535351079778, 179.24403548387096, 126.84946236559139, 240.36559139784947, 2.053763440860215
368, 565.4871155949921, 177.81665483870967, 122.05376344086021, 240.50537634408602, 1.3870967741935485
369, 565.2206960820064, 176.27797204301078, 117.05376344086021, 240.43010752688173, 1.3870967741935485
370, 564.9542765690207, 175.8609989247312, 113.34408602150538, 241.61290322580646, 1.3655913978494623
371, 564.687857056035, 175.17172258064517, 110.19354838709677, 241.96774193548387, 1.7526881720430108
372, 564.4214375430493, 173.27284408602148, 105.3225806451613, 241.36559139784947, 0.967741935483871
373, 564.1550180300636, 172.22631827956985, 101.11827956989248, 241.61290322580646, 1.5376344086021505
374, 563.8885985170779, 170.7159107526882, 97.02150537634408, 241.23655913978496, 0.967741935483871
375, 563.6221790040922, 169.91428064516123, 94.50537634408602, 240.98924731182797, 1.8064516129032258
376, 563.3557594911065, 168.5293322580645, 90.2258064516129, 240.96774193548387, 0.989247311827957
377, 563.0893399781208, 168.0018333333333, 86.82795698924731, 241.55913978494624, 2.225806451612903
378, 562.8229204651351, 165.91002150537636, 81.61290322580645, 240.8494623655914, 1.2043010752688172
379, 562.5565009521495, 163.62279462365584, 76.6774193548387, 239.3763440860215, 1.6666666666666667
380, 562.2900814391637, 161.43347419354836, 71.81720430107526, 238.30107526881721, 0.7419354838709677
381, 562.023661926178, 161.01874086021508, 69.58064516129032, 238.59139784946237, 1.4731182795698925
382, 561.7572424131923, 159.44008064516126, 65.53763440860214, 238.08602150537635, 0.8279569892473119
383, 561.4908229002066, 158.67948709677415, 63.516129032258064, 237.61290322580646, 1.89247311827957
384, 561.224403387221, 157.20849139784943, 59.27956989247312, 237.3978494623656, 1.2043010752688172
385, 560.9579838742352, 156.26538817204303, 57.086021505376344, 236.78494623655914, 1.8387096774193548
386, 560.6915643612496, 154.94935913978497, 53.39784946236559, 236.5483870967742, 1.1827956989247312
387, 560.4251448482638, 154.04492903225812, 51.56989247311828, 235.89247311827958, 1.4193548387096775
388, 560.1587253352782, 152.7709451612903, 48.075268817204304, 235.59139784946237, 0.956989247311828
389, 559.8923058222924, 152.53008494623654, 47.0, 235.56989247311827, 1.7741935483870968
390, 559.6258863093067, 151.28952365591397, 44.333333333333336, 234.93548387096774, 1.1505376344086022
391, 559.359466796321, 151.45512365591395, 43.494623655913976, 235.48387096774192, 1.978494623655914
392, 559.0930472833353, 150.45888924731182, 41.43010752688172, 234.95698924731184, 1.3655913978494623
393, 558.8266277703497, 149.34156236559136, 39.43010752688172, 234.03225806451613, 1.5698924731182795
394, 558.5602082573639, 148.26439677419356, 36.89247311827957, 233.6021505376344, 0.989247311827957
395, 558.2937887443783, 147.59048387096766, 35.26881720430107, 233.10752688172042, 1.881720430107527
396, 558.0273692313925, 147.25130645161292, 33.494623655913976, 233.46236559139786, 1.7311827956989247
397, 557.7609497184069, 146.76155591397855, 32.29032258064516, 233.18279569892474, 2.032258064516129
398, 557.4945302054211, 145.1359204301075, 29.29032258064516, 232.05376344086022, 1.4516129032258065
399, 557.2281106924355, 144.6519860215054, 27.989247311827956, 231.8709677419355, 1.5591397849462365
400, 556.9616911794498, 144.846976344086, 26.903225806451612, 232.65591397849462, 2.075268817204301
401, 556.6952716664641, 143.39391935483866, 24.462365591397848, 231.55913978494624, 1.3763440860215055
402, 556.4288521534784, 142.2898182795699, 22.462365591397848, 230.76344086021504, 1.032258064516129
403, 556.1624326404926, 142.2390473118279, 21.677419354838708, 230.9784946236559, 1.5376344086021505
404, 555.896013127507, 141.36154408602155, 19.72043010752688, 230.56989247311827, 1.075268817204301
405, 555.6295936145212, 140.84599462365583, 18.225806451612904, 230.34408602150538, 1.6344086021505377
406, 555.3631741015356, 139.75102258064513, 16.225806451612904, 229.58064516129033, 1.2043010752688172
407, 555.0967545885499, 139.75738387096771, 15.086021505376344, 230.0215053763441, 1.978494623655914
408, 554.8303350755642, 138.89833870967738, 13.494623655913978, 229.46236559139786, 1.4946236559139785
409, 554.5639155625785, 137.80147204301073, 11.516129032258064, 228.56989247311827, 1.6559139784946237
410, 554.2974960495928, 137.35965053763437, 10.053763440860216, 228.58064516129033, 1.5591397849462365
411, 554.0310765366071, 136.63626129032258, 8.56989247311828, 228.05376344086022, 1.8172043010752688
412, 553.7646570236213, 135.60040107526888, 6.634408602150538, 227.3978494623656, 1.1827956989247312
413, 553.4982375106357, 135.3832182795699, 5.451612903225806, 227.55913978494624, 1.5483870967741935
414, 553.23181799765, 134.96454516129032, 4.440860215053763, 227.40860215053763, 1.3010752688172043
415, 552.9653984846643, 134.89024838709685, 3.752688172043011, 227.49462365591398, 2.010752688172043
416, 552.6989789716786, 134.1055924731182, 2.78494623655914, 226.76344086021504, 1.4301075268817205
417, 552.4325594586929, 134.01671182795698, 2.236559139784946, 226.63440860215053, 2.752688172043011
418, 552.1661399457072, 133.7478376344086, 2.053763440860215, 226.29032258064515, 2.6451612903225805
419, 551.8997204327216, 134.13853118279573, 2.3225806451612905, 226.59139784946237, 3.817204301075269
420, 551.6333009197358, 133.4287376344086, 1.6559139784946237, 225.76344086021504, 3.6021505376344085
421, 551.36688140675, 133.75030322580648, 1.4838709677419355, 226.0, 5.655913978494624
422, 551.1004618937644, 134.14982795698924, 1.8279569892473118, 226.29032258064515, 6.763440860215054
423, 550.8340423807788, 134.04972150537637, 1.924731182795699, 225.83870967741936, 7.956989247311828
424, 550.567622867793, 133.53231075268815, 1.4086021505376345, 225.1720430107527, 8.204301075268818
425, 550.3012033548073, 133.7360193548387, 1.6344086021505377, 224.89247311827958, 10.838709677419354
426, 550.0347838418216, 133.43655268817204, 1.4623655913978495, 224.29032258064515, 11.763440860215054
427, 549.7683643288359, 133.2909440860215, 1.2043010752688172, 223.79569892473117, 13.709677419354838
428, 549.5019448158503, 134.3600193548387, 1.8494623655913978, 224.72043010752688, 16.634408602150536
429, 549.2355253028645, 135.45999892473117, 2.161290322580645, 225.752688172043, 20.150537634408604
430, 548.9691057898789, 135.21249139784942, 1.8602150537634408, 225.13978494623655, 21.9247311827957
431, 548.7026862768931, 135.22746774193544, 1.5591397849462365, 224.752688172043, 24.838709677419356
432, 548.4362667639075, 135.296476344086, 1.4731182795698925, 224.48387096774192, 27.053763440860216
433, 548.1698472509217, 135.53801612903226, 1.3440860215053763, 224.3763440860215, 30.06451612903226
434, 547.903427737936, 135.56480537634405, 1.4086021505376345, 224.09677419354838, 31.56989247311828
435, 547.6370082249504, 135.76639569892478, 1.5268817204301075, 223.9247311827957, 33.913978494623656
436, 547.3705887119646, 135.44888279569884, 1.1720430107526882, 223.31182795698925, 35.215053763440864
437, 547.104169198979, 135.80112795698923, 1.3010752688172043, 223.3763440860215, 37.634408602150536
438, 546.8377496859932, 135.5806838709678, 1.118279569892473, 222.9247311827957, 38.505376344086024
439, 546.5713301730076, 136.0453043010753, 1.3655913978494623, 223.19354838709677, 40.54838709677419
440, 546.3049106600218, 135.9974698924731, 1.3225806451612903, 223.01075268817203, 41.18279569892473
441, 546.0384911470362, 136.6147591397849, 1.5483870967741935, 223.40860215053763, 43.956989247311824
442, 545.7720716340505, 136.605888172043, 1.5483870967741935, 223.247311827957, 44.70967741935484
443, 545.5056521210647, 137.20354838709673, 1.935483870967742, 223.5483870967742, 47.38709677419355
444, 545.2392326080791, 136.5090139784946, 1.3655913978494623, 222.70967741935485, 47.10752688172043
445, 544.9728130950933, 136.68040860215046, 1.3978494623655915, 222.63440860215053, 48.913978494623656
446, 544.7063935821077, 136.91455483870965, 1.6559139784946237, 222.78494623655914, 49.516129032258064
447, 544.439974069122, 137.20259569892468, 1.89247311827957, 222.80645161290323, 51.31182795698925
448, 544.1735545561363, 137.63939892473124, 2.247311827956989, 223.2258064516129, 52.053763440860216
449, 543.9071350431506, 137.2063655913978, 1.5053763440860215, 222.6236559139785, 53.30107526881721
450, 543.6407155301649, 136.98762043010754, 1.3225806451612903, 222.34408602150538, 53.30107526881721
451, 543.3742960171792, 138.0334956989247, 2.032258064516129, 223.36559139784947, 55.354838709677416
452, 543.1078765041935, 138.1823344086021, 1.924731182795699, 223.48387096774192, 56.333333333333336
453, 542.8414569912078, 138.06139677419355, 1.5161290322580645, 223.19354838709677, 57.83870967741935
454, 542.5750374782222, 137.8208139784946, 1.3225806451612903, 222.8279569892473, 58.11827956989247
455, 542.3086179652364, 138.58934946236562, 1.7741935483870968, 223.53763440860214, 60.02150537634409
456, 542.0421984522507, 138.7194612903226, 1.946236559139785, 223.6236559139785, 60.26881720430107
457, 541.775778939265, 138.25084516129027, 1.3333333333333333, 222.91397849462365, 61.41935483870968
458, 541.5093594262793, 138.42992795698922, 1.5806451612903225, 223.04301075268816, 61.67741935483871
459, 541.2429399132936, 139.11509569892476, 1.7311827956989247, 223.70967741935485, 63.86021505376344
460, 540.9765204003079, 139.07438817204303, 1.6021505376344085, 223.65591397849462, 64.11827956989248
461, 540.7101008873223, 138.9608913978495, 1.3010752688172043, 223.3548387096774, 65.46236559139786
462, 540.4436813743365, 139.19382688172047, 1.3010752688172043, 223.6451612903226, 66.01075268817205
463, 540.1772618613509, 139.91810752688173, 1.7204301075268817, 224.19354838709677, 68.44086021505376
464, 539.9108423483651, 139.6284924731183, 1.5268817204301075, 223.8279569892473, 68.29032258064517
465, 539.6444228353794, 140.04326129032256, 1.4731182795698925, 224.1505376344086, 70.40860215053763
466, 539.3780033223937, 139.1762924731184, 0.8387096774193549, 223.1720430107527, 69.50537634408602
467, 539.111583809408, 139.82621397849462, 1.3010752688172043, 223.70967741935485, 71.2258064516129
468, 538.8451642964224, 140.2367688172044, 1.4516129032258065, 224.08602150537635, 72.49462365591398
469, 538.5787447834366, 140.31666666666666, 1.2903225806451613, 223.9784946236559, 74.17204301075269
470, 538.312325270451, 140.62825698924735, 1.5161290322580645, 224.20430107526883, 75.15053763440861
471, 538.0459057574652, 140.74760430107528, 1.3763440860215055, 224.23655913978496, 76.39784946236558
472, 537.7794862444796, 140.65327419354838, 1.3440860215053763, 224.08602150537635, 76.43010752688173
473, 537.5130667314938, 140.96346129032258, 1.3010752688172043, 224.2688172043011, 78.3225806451613
474, 537.2466472185081, 141.39484946236556, 1.7204301075268817, 224.67741935483872, 78.90322580645162
475, 536.9802277055225, 141.41275591397854, 1.4731182795698925, 224.5268817204301, 80.48387096774194
476, 536.7138081925368, 141.41793978494633, 1.4623655913978495, 224.51612903225808, 80.61290322580645
477, 536.4473886795511, 141.62067956989242, 1.4838709677419355, 224.5268817204301, 82.27956989247312
478, 536.1809691665653, 141.49589892473122, 1.3333333333333333, 224.3763440860215, 82.35483870967742
479, 535.9145496535797, 142.04555591397852, 1.6451612903225807, 224.76344086021504, 84.36559139784946
480, 535.6481301405939, 141.65721827956983, 1.2580645161290323, 224.30107526881721, 84.35483870967742
481, 535.3817106276083, 142.04288602150538, 1.3548387096774193, 224.59139784946237, 85.98924731182795
482, 535.1152911146226, 141.99336666666665, 1.2795698924731183, 224.51612903225808, 86.13978494623656
483, 534.8488716016368, 142.47741397849464, 1.5591397849462365, 225.0, 87.16129032258064
484, 534.5824520886512, 142.68064623655914, 1.7096774193548387, 225.1505376344086, 87.7741935483871
485, 534.3160325756655, 143.21469569892474, 1.8602150537634408, 225.58064516129033, 89.84946236559139
486, 534.0496130626798, 142.36133978494624, 1.2258064516129032, 224.53763440860214, 89.39784946236558
487, 533.783193549694, 143.4307731182796, 1.946236559139785, 225.6021505376344, 91.40860215053763
488, 533.5167740367084, 143.54086774193547, 1.8602150537634408, 225.7311827956989, 91.93548387096774
489, 533.2503545237226, 142.74825161290326, 1.032258064516129, 224.74193548387098, 92.24731182795699
490, 532.983935010737, 143.20329354838702, 1.2580645161290323, 225.25806451612902, 92.98924731182795
491, 532.7175154977513, 144.68876129032265, 2.6021505376344085, 226.63440860215053, 95.40860215053763
492, 532.4510959847656, 144.35317419354834, 2.236559139784946, 226.30107526881721, 95.13978494623656
493, 532.1846764717799, 143.79726451612896, 1.7634408602150538, 225.56989247311827, 95.26881720430107
494, 531.9182569587942, 143.16601935483868, 1.3118279569892473, 224.86021505376345, 94.56989247311827
495, 531.6518374458085, 143.06886344086018, 1.3655913978494623, 224.4731182795699, 95.56989247311827
496, 531.3854179328227, 142.8209913978495, 1.053763440860215, 224.1720430107527, 95.76344086021506
497, 531.1189984198371, 143.55423548387094, 1.4086021505376345, 224.79569892473117, 98.05376344086021
498, 530.8525789068515, 143.7302333333332, 1.6451612903225807, 224.86021505376345, 98.64516129032258
499, 530.5861593938657, 144.3724344086022, 2.10752688172043, 225.3763440860215, 100.40860215053763
500, 530.31973988088, 143.4480387096774, 1.4408602150537635, 224.18279569892474, 100.19354838709677
501, 530.0533203678943, 143.71190430107524, 1.4946236559139785, 224.19354838709677, 102.31182795698925
502, 529.7869008549086, 144.3617268817204, 1.8709677419354838, 224.79569892473117, 103.9247311827957
503, 529.520481341923, 145.3015387096774, 2.4623655913978495, 225.6236559139785, 106.35483870967742
504, 529.2540618289372, 145.24854838709675, 2.150537634408602, 225.53763440860214, 107.15053763440861
505, 528.9876423159515, 145.82060967741944, 2.182795698924731, 225.95698924731184, 109.9247311827957
506, 528.7212228029658, 144.9590494623656, 1.3333333333333333, 224.96774193548387, 109.68817204301075
507, 528.4548032899802, 145.30483763440864, 1.6236559139784945, 224.98924731182797, 111.84946236559139
508, 528.1883837769944, 145.59139892473127, 1.8172043010752688, 225.247311827957, 112.52688172043011
509, 527.9219642640087, 145.86699784946236, 1.956989247311828, 225.30107526881721, 114.3010752688172
510, 527.6555447510231, 145.25975376344084, 1.7096774193548387, 224.43010752688173, 114.10752688172043
511, 527.3891252380373, 145.06092473118272, 1.6129032258064515, 223.88172043010752, 115.44086021505376
512, 527.1227057250517, 145.3053387096774, 1.6666666666666667, 224.11827956989248, 116.2258064516129
513, 526.8562862120659, 145.0112311827956, 1.2365591397849462, 223.53763440860214, 117.76344086021506
514, 526.5898666990803, 145.27694838709667, 1.3763440860215055, 223.7311827956989, 118.73118279569893
515, 526.3234471860945, 146.64519784946233, 2.4301075268817205, 224.90322580645162, 121.93548387096774
516, 526.0570276731089, 146.21413333333336, 1.89247311827957, 224.43010752688173, 122.0
517, 525.7906081601232, 146.21961397849464, 1.8172043010752688, 224.1290322580645, 123.79569892473118
518, 525.5241886471374, 145.89664731182796, 1.5913978494623655, 223.66666666666666, 123.93548387096774
519, 525.2577691341518, 146.17300860215065, 1.7419354838709677, 223.72043010752688, 125.68817204301075
520, 524.991349621166, 145.64158924731188, 1.3118279569892473, 223.09677419354838, 125.36559139784946
521, 524.7249301081804, 146.0274365591398, 1.5483870967741935, 223.247311827957, 127.35483870967742
522, 524.4585105951946, 146.00159462365582, 1.7956989247311828, 223.0752688172043, 127.36559139784946
523, 524.192091082209, 146.38730537634413, 1.7849462365591398, 223.31182795698925, 129.55913978494624
524, 523.9256715692233, 145.88814086021506, 1.3870967741935485, 222.72043010752688, 129.2688172043011
525, 523.6592520562376, 145.98606236559135, 1.4193548387096775, 222.50537634408602, 131.1505376344086
526, 523.3928325432519, 146.0554397849462, 1.5161290322580645, 222.50537634408602, 131.50537634408602
527, 523.1264130302661, 145.90352688172038, 1.5053763440860215, 221.9784946236559, 132.91397849462365
528, 522.8599935172805, 145.24091720430104, 0.9354838709677419, 221.21505376344086, 132.5268817204301
529, 522.5935740042949, 146.34202903225804, 1.6451612903225807, 222.09677419354838, 135.78494623655914
530, 522.3271544913091, 146.1885376344086, 1.5053763440860215, 221.8709677419355, 135.96774193548387
531, 522.0607349783234, 146.7426193548387, 2.086021505376344, 222.11827956989248, 138.03225806451613
532, 521.7943154653377, 146.47219784946233, 1.89247311827957, 221.65591397849462, 138.5483870967742
533, 521.527895952352, 146.07660430107526, 1.6989247311827957, 220.752688172043, 140.23655913978496
534, 521.2614764393663, 145.69601505376343, 1.4623655913978495, 220.11827956989248, 140.78494623655914
535, 520.9950569263806, 145.49646881720423, 1.4408602150537635, 219.43010752688173, 142.63440860215053
536, 520.7286374133948, 145.46243010752693, 1.3978494623655915, 219.19354838709677, 143.66666666666666
537, 520.4622179004092, 145.69678172043015, 1.4301075268817205, 219.0, 146.63440860215053
538, 520.1957983874236, 145.99233010752684, 1.7526881720430108, 219.03225806451613, 148.21505376344086
539, 519.9293788744378, 146.19207741935483, 1.6989247311827957, 218.89247311827958, 150.8279569892473
540, 519.6629593614521, 145.89726881720426, 1.5053763440860215, 218.36559139784947, 151.46236559139786
541, 519.3965398484664, 146.03297096774187, 1.4731182795698925, 218.11827956989248, 154.01075268817203
542, 519.1301203354807, 145.6362451612904, 1.2043010752688172, 217.46236559139786, 154.61290322580646
543, 518.863700822495, 145.70344623655913, 1.3440860215053763, 217.01075268817203, 157.16129032258064
544, 518.5972813095093, 145.23170430107527, 1.021505376344086, 216.20430107526883, 158.0215053763441
545, 518.3308617965237, 146.26707634408604, 1.7096774193548387, 216.91397849462365, 161.6451612903226
546, 518.0644422835379, 146.21012580645163, 1.6451612903225807, 216.6451612903226, 162.69892473118279
547, 517.7980227705523, 146.0901903225806, 1.6451612903225807, 215.93548387096774, 165.30107526881721
548, 517.5316032575665, 145.9384139784946, 1.4516129032258065, 215.6021505376344, 166.19354838709677
549, 517.2651837445808, 145.66509892473118, 1.6989247311827957, 214.6451612903226, 168.0752688172043
550, 516.9987642315951, 145.11819784946238, 1.2473118279569892, 213.8494623655914, 168.55913978494624
551, 516.7323447186095, 144.99833548387096, 1.3763440860215055, 213.18279569892474, 170.6021505376344
552, 516.4659252056238, 144.8914440860216, 1.3655913978494623, 212.9247311827957, 171.0215053763441
553, 516.199505692638, 144.86610537634405, 1.3118279569892473, 212.4516129032258, 173.3763440860215
554, 515.9330861796524, 144.66400537634408, 1.2365591397849462, 212.05376344086022, 173.8494623655914
555, 515.6666666666666, 144.7325602150537, 1.2795698924731183, 211.58064516129033, 176.7741935483871
556, 515.400247153681, 145.00020537634407, 1.6021505376344085, 211.7741935483871, 177.27956989247312
557, 515.1338276406952, 144.51250860215058, 1.5806451612903225, 210.72043010752688, 178.48387096774192
558, 514.8674081277095, 144.35552580645174, 1.7311827956989247, 210.3763440860215, 178.48387096774192
559, 514.6009886147239, 144.24183978494622, 1.7096774193548387, 209.76344086021504, 180.69892473118279
560, 514.3345691017382, 144.2477634408603, 1.7204301075268817, 209.63440860215053, 181.38709677419354
561, 514.0681495887525, 144.0134870967742, 1.5806451612903225, 208.83870967741936, 183.79569892473117
562, 513.8017300757667, 143.9476129032258, 1.5053763440860215, 208.66666666666666, 184.30107526881721
563, 513.5353105627811, 143.97159892473115, 1.6451612903225807, 208.2688172043011, 186.19354838709677
564, 513.2688910497953, 143.49292473118282, 1.1827956989247312, 207.70967741935485, 186.08602150537635
565, 513.0024715368097, 143.5555279569892, 1.924731182795699, 207.0, 188.34408602150538
566, 512.736052023824, 142.83652688172043, 1.3978494623655915, 206.1290322580645, 187.90322580645162
567, 512.4696325108383, 142.9960483870968, 1.5591397849462365, 206.04301075268816, 189.32258064516128
568, 512.2032129978526, 142.32020430107528, 0.967741935483871, 205.31182795698925, 188.70967741935485
569, 511.9367934848669, 142.5143795698925, 1.2580645161290323, 205.13978494623655, 190.53763440860214
570, 511.6703739718812, 142.18538602150545, 0.978494623655914, 204.76344086021504, 190.32258064516128
571, 511.4039544588955, 142.42750430107526, 1.5161290322580645, 204.50537634408602, 192.36559139784947
572, 511.1375349459098, 141.85397526881715, 1.10752688172043, 203.83870967741936, 191.83870967741936
573, 510.87111543292406, 142.07929784946228, 1.6451612903225807, 203.6021505376344, 193.6236559139785
574, 510.6046959199384, 141.9629344086021, 1.6236559139784945, 203.40860215053763, 193.65591397849462
575, 510.3382764069527, 141.76716989247313, 1.7419354838709677, 202.72043010752688, 195.1720430107527
576, 510.07185689396704, 141.57479892473117, 1.4731182795698925, 202.5483870967742, 195.0752688172043
577, 509.8054373809813, 142.2119731182795, 2.096774193548387, 202.81720430107526, 197.6451612903226
578, 509.5390178679956, 141.732176344086, 1.6774193548387097, 202.30107526881721, 197.19354838709677
579, 509.2725983550099, 141.26458172043007, 1.4946236559139785, 201.51612903225808, 197.61290322580646
580, 509.0061788420242, 141.09093010752687, 1.4516129032258065, 201.21505376344086, 197.752688172043
581, 508.7397593290385, 140.93792365591386, 1.3010752688172043, 200.7741935483871, 199.0752688172043
582, 508.4733398160528, 140.7609430107526, 1.3225806451612903, 200.44086021505376, 199.18279569892474
583, 508.20692030306714, 141.14156666666656, 1.967741935483871, 200.5268817204301, 200.38709677419354
584, 507.9405007900814, 140.83830215053757, 1.7096774193548387, 200.20430107526883, 200.06451612903226
585, 507.67408127709575, 140.2129623655914, 1.6666666666666667, 199.0752688172043, 200.50537634408602
586, 507.40766176411, 139.6056720430108, 1.2365591397849462, 198.38709677419354, 199.8494623655914
587, 507.14124225112437, 139.57088602150537, 1.3548387096774193, 198.01075268817203, 201.1720430107527
588, 506.8748227381386, 139.52922150537637, 1.3333333333333333, 197.95698924731184, 201.13978494623655
589, 506.6084032251529, 140.23337634408603, 2.150537634408602, 198.25806451612902, 203.6236559139785
590, 506.34198371216723, 139.24013763440863, 1.3118279569892473, 197.19354838709677, 202.59139784946237
591, 506.07556419918154, 139.32303978494627, 1.5376344086021505, 196.94623655913978, 204.0
592, 505.80914468619585, 139.38029247311826, 1.5913978494623655, 196.98924731182797, 204.13978494623655
593, 505.54272517321016, 139.35935698924732, 1.8064516129032258, 196.59139784946237, 205.44086021505376
594, 505.27630566022447, 138.56175161290324, 1.1935483870967742, 195.70967741935485, 204.59139784946237
595, 505.0098861472387, 138.7929129032258, 1.6236559139784945, 195.68817204301075, 205.6021505376344
596, 504.7434666342531, 137.85338172043015, 1.1290322580645162, 194.4731182795699, 204.91397849462365
597, 504.47704712126733, 137.41294193548384, 1.4408602150537635, 193.1505376344086, 207.04301075268816
598, 504.2106276082817, 137.1497473118279, 1.3440860215053763, 192.70967741935485, 207.25806451612902
599, 503.94420809529595, 136.78133763440863, 1.6774193548387097, 191.78494623655914, 207.91397849462365
600, 503.67778858231026, 135.61593978494622, 0.7096774193548387, 190.50537634408602, 206.81720430107526
601, 503.41136906932456, 135.8905720430107, 1.3763440860215055, 190.10752688172042, 209.5268817204301
602, 503.1449495563389, 135.46112043010754, 1.1612903225806452, 189.53763440860214, 209.25806451612902
603, 502.8785300433532, 135.05862150537632, 1.3118279569892473, 188.4516129032258, 210.9247311827957
604, 502.6121105303675, 134.79948602150532, 1.053763440860215, 188.1290322580645, 210.98924731182797
605, 502.3456910173818, 135.2911612903227, 1.935483870967742, 188.06451612903226, 213.32258064516128
606, 502.07927150439605, 134.49527741935484, 1.4193548387096775, 187.09677419354838, 212.67741935483872
607, 501.8128519914104, 134.19500967741928, 1.8387096774193548, 186.0, 214.59139784946237
608, 501.54643247842466, 133.31234838709676, 1.032258064516129, 185.03225806451613, 213.94623655913978
609, 501.280012965439, 132.75195806451615, 0.956989247311828, 183.89247311827958, 215.09677419354838
610, 501.0135934524533, 133.11620215053765, 1.3118279569892473, 184.2258064516129, 215.6451612903226
611, 500.7471739394676, 133.19718494623655, 1.6989247311827957, 183.91397849462365, 216.94623655913978
612, 500.4807544264819, 132.97784086021503, 1.3763440860215055, 183.67741935483872, 217.08602150537635
613, 500.2143349134962, 132.64654516129033, 1.8602150537634408, 182.50537634408602, 218.94623655913978
614, 499.9479154005105, 131.50200645161289, 1.118279569892473, 181.1505376344086, 217.8279569892473
615, 499.68149588752476, 131.55795591397847, 1.5161290322580645, 180.76344086021504, 219.2688172043011
616, 499.4150763745391, 130.96819032258063, 0.8924731182795699, 180.18279569892474, 218.72043010752688
617, 499.1486568615534, 130.62865053763431, 1.5591397849462365, 178.98924731182797, 220.13978494623655
618, 498.88223734856774, 129.41627311827952, 0.8172043010752689, 177.53763440860214, 218.9247311827957
619, 498.615817835582, 129.360540860215, 1.3655913978494623, 176.7311827956989, 221.1505376344086
620, 498.34939832259636, 129.318740860215, 1.1935483870967742, 176.72043010752688, 221.29032258064515
621, 498.0829788096106, 129.0441645161291, 1.903225806451613, 175.41935483870967, 223.72043010752688
622, 497.8165592966249, 128.5455322580645, 1.6666666666666667, 174.76344086021504, 223.34408602150538
623, 497.5501397836392, 127.69749677419355, 1.8064516129032258, 172.96774193548387, 224.78494623655914
624, 497.28372027065353, 126.2876817204301, 0.9247311827956989, 171.30107526881721, 223.31182795698925
625, 497.01730075766784, 126.19792365591395, 1.3010752688172043, 170.58064516129033, 225.247311827957
626, 496.7508812446821, 125.73267204301077, 0.9139784946236559, 170.06451612903226, 224.83870967741936
627, 496.48446173169646, 126.18659032258059, 1.6236559139784945, 170.01075268817203, 227.23655913978496
628, 496.2180422187107, 125.46649784946239, 1.1505376344086022, 169.13978494623655, 226.6451612903226
629, 495.9516227057251, 124.42090967741922, 1.2258064516129032, 167.09677419354838, 227.79569892473117
630, 495.6852031927393, 123.55624516129029, 0.989247311827957, 165.89247311827958, 227.03225806451613
631, 495.41878367975363, 123.74826774193541, 1.7311827956989247, 165.44086021505376, 229.09677419354838
632, 495.15236416676794, 123.6379666666666, 1.7311827956989247, 165.2258064516129, 229.23655913978496
633, 494.88594465378225, 122.75076881720425, 1.5591397849462365, 163.58064516129033, 230.3763440860215
634, 494.61952514079655, 121.95044731182799, 1.2258064516129032, 162.5268817204301, 229.65591397849462
635, 494.35310562781086, 121.65987204301074, 1.8172043010752688, 161.3548387096774, 231.59139784946237
636, 494.08668611482517, 120.68511935483872, 1.064516129032258, 160.2258064516129, 230.8279569892473
637, 493.8202666018394, 120.05935913978492, 1.3548387096774193, 158.76344086021504, 232.10752688172042
638, 493.5538470888538, 118.89880107526889, 0.6989247311827957, 157.33333333333334, 231.01075268817203
639, 493.28742757586804, 118.44356236559152, 1.3655913978494623, 155.96774193548387, 232.30107526881721
640, 493.0210080628824, 118.14546451612914, 1.1612903225806452, 155.58064516129033, 232.21505376344086
641, 492.75458854989665, 117.84107634408602, 1.3870967741935485, 154.68817204301075, 233.5483870967742
642, 492.48816903691096, 117.35765376344088, 1.2043010752688172, 154.05376344086022, 233.05376344086022
643, 492.22174952392527, 117.2725430107527, 1.7741935483870968, 153.3763440860215, 234.30107526881721
644, 491.9553300109396, 116.67043655913986, 1.3333333333333333, 152.67741935483872, 233.7741935483871
645, 491.6889104979539, 115.89085698924734, 1.6451612903225807, 150.94623655913978, 235.03225806451613
646, 491.4224909849682, 115.18794408602149, 1.2043010752688172, 150.08602150537635, 234.4516129032258
647, 491.1560714719825, 114.86601827956994, 1.6451612903225807, 149.13978494623655, 235.34408602150538
648, 490.88965195899675, 113.70769784946242, 0.978494623655914, 147.74193548387098, 234.1290322580645
649, 490.6232324460111, 113.50444408602146, 1.4731182795698925, 146.7741935483871, 236.03225806451613
650, 490.35681293302537, 113.00375913978492, 1.4408602150537635, 146.01075268817203, 235.65591397849462
651, 490.09039342003973, 111.82131720430105, 1.5591397849462365, 143.74193548387098, 236.65591397849462
652, 489.823973907054, 110.67616344086018, 0.8387096774193549, 142.33333333333334, 235.752688172043
653, 489.5575543940683, 109.9486688172043, 1.4838709677419355, 140.4731182795699, 237.25806451612902
654, 489.2911348810826, 108.95155161290319, 1.043010752688172, 139.10752688172042, 236.69892473118279
655, 489.0247153680969, 108.96207096774197, 1.978494623655914, 138.20430107526883, 238.98924731182797
656, 488.7582958551112, 107.5008311827957, 1.2580645161290323, 136.30107526881721, 237.86021505376345
657, 488.4918763421255, 107.03670322580645, 1.4623655913978495, 135.04301075268816, 239.7311827956989
658, 488.22545682913983, 107.16625161290322, 1.89247311827957, 134.95698924731184, 240.18279569892474
659, 487.9590373161541, 106.49708602150537, 1.935483870967742, 133.55913978494624, 241.3978494623656
660, 487.69261780316845, 104.44005376344087, 0.967741935483871, 130.88172043010752, 239.67741935483872
661, 487.4261982901827, 103.09456344086018, 0.9247311827956989, 128.41935483870967, 240.66666666666666
662, 487.15977877719706, 102.13581505376341, 0.7741935483870968, 126.94623655913979, 240.23655913978496
663, 486.8933592642113, 102.20615806451615, 1.6451612903225807, 126.2258064516129, 242.27956989247312
664, 486.6269397512256, 101.49003870967744, 1.3333333333333333, 125.20430107526882, 242.0752688172043
665, 486.3605202382399, 99.9610387096774, 1.4408602150537635, 122.27956989247312, 243.44086021505376
666, 486.09410072525424, 98.5109301075269, 0.8064516129032258, 120.31182795698925, 242.51612903225808
667, 485.82768121226854, 97.67320537634414, 1.3870967741935485, 118.36559139784946, 243.66666666666666
668, 485.5612616992828, 96.48739784946238, 0.967741935483871, 116.6989247311828, 242.94623655913978
669, 485.29484218629716, 95.72900752688179, 1.5376344086021505, 114.84946236559139, 244.32258064516128
670, 485.0284226733114, 95.07922150537638, 1.3333333333333333, 113.89247311827957, 244.08602150537635
671, 484.7620031603258, 93.78749139784945, 1.5376344086021505, 111.39784946236558, 245.06451612903226
672, 484.49558364734, 92.29351397849469, 1.096774193548387, 109.21505376344086, 244.3548387096774
673, 484.22916413435433, 90.89801075268821, 1.5053763440860215, 106.39784946236558, 245.5483870967742
674, 483.96274462136864, 89.51082043010751, 0.9354838709677419, 104.47311827956989, 244.78494623655914
675, 483.69632510838295, 88.06628602150535, 1.010752688172043, 101.89247311827957, 245.20430107526883
676, 483.42990559539726, 87.06530322580642, 0.946236559139785, 100.17204301075269, 245.4516129032258
677, 483.16348608241157, 85.58889032258064, 1.2043010752688172, 97.33333333333333, 246.44086021505376
678, 482.8970665694259, 83.51013655913977, 0.6774193548387096, 94.27956989247312, 245.31182795698925
679, 482.6306470564401, 83.04775698924728, 1.7849462365591398, 92.60215053763442, 246.98924731182797
680, 482.3642275434545, 81.10723978494626, 1.2580645161290323, 89.89247311827957, 245.30107526881721
681, 482.09780803046874, 79.61869892473118, 1.1827956989247312, 87.2258064516129, 246.1720430107527
682, 481.8313885174831, 77.31860430107525, 0.7311827956989247, 83.81720430107526, 244.7311827956989
683, 481.56496900449736, 76.32400430107528, 1.1397849462365592, 81.58064516129032, 246.4516129032258
684, 481.29854949151166, 75.00724086021506, 1.2473118279569892, 79.38709677419355, 245.91397849462365
685, 481.032129978526, 73.23784946236559, 1.075268817204301, 76.3225806451613, 246.6236559139785
686, 480.7657104655403, 72.02473763440855, 1.3333333333333333, 74.11827956989248, 246.65591397849462
687, 480.4992909525546, 70.19546559139785, 1.2580645161290323, 71.02150537634408, 246.752688172043
688, 480.2328714395689, 68.29007741935482, 1.1612903225806452, 67.93548387096774, 246.18279569892474
689, 479.9664519265832, 66.07831720430107, 1.2365591397849462, 64.06451612903226, 246.51612903225808
690, 479.70003241359746, 63.95455376344086, 0.9139784946236559, 60.82795698924731, 245.3978494623656
691, 479.4336129006118, 62.248936559139786, 1.1720430107526882, 57.774193548387096, 245.48387096774192
692, 479.16719338762607, 60.48709892473117, 1.1612903225806452, 54.913978494623656, 244.78494623655914
693, 478.90077387464044, 58.89148064516128, 1.5376344086021505, 51.924731182795696, 245.19354838709677
694, 478.6343543616547, 56.31679569892476, 0.7526881720430108, 48.24731182795699, 243.6021505376344
695, 478.367934848669, 55.14622043010754, 1.3440860215053763, 45.784946236559136, 244.46236559139786
696, 478.1015153356833, 53.546450537634406, 1.086021505376344, 43.32258064516129, 243.78494623655914
697, 477.8350958226976, 51.18168494623658, 1.0, 39.344086021505376, 243.752688172043
698, 477.5686763097119, 49.7641612903226, 1.2903225806451613, 36.806451612903224, 243.6236559139785
699, 477.3022567967262, 47.92649032258068, 1.5483870967741935, 33.483870967741936, 243.93548387096774
700, 477.03583728374053, 46.08729892473121, 1.3118279569892473, 30.548387096774192, 243.53763440860214
701, 476.7694177707548, 44.14227634408603, 1.4301075268817205, 27.118279569892472, 243.8279569892473
702, 476.50299825776915, 41.7215548387097, 1.2258064516129032, 23.225806451612904, 243.1720430107527
703, 476.2365787447834, 39.338301075268824, 1.2903225806451613, 19.118279569892472, 243.247311827957
704, 475.97015923179777, 36.27846881720429, 0.7956989247311828, 14.46236559139785, 241.67741935483872
705, 475.703739718812, 34.69532258064517, 1.1827956989247312, 11.440860215053764, 242.33333333333334
706, 475.4373202058263, 33.734289247311835, 1.6236559139784945, 9.602150537634408, 242.21505376344086
707, 475.17090069284063, 32.14082365591398, 1.5483870967741935, 6.89247311827957, 242.38709677419354
708, 474.90448117985494, 30.35452043010752, 1.2473118279569892, 4.236559139784946, 241.18279569892474
709, 474.63806166686925, 29.633673118279578, 1.978494623655914, 2.4086021505376345, 242.3548387096774
710, 474.3716421538835, 29.116992473118277, 1.7956989247311828, 1.5483870967741935, 242.7311827956989
711, 474.10522264089786, 28.968426881720426, 1.6451612903225807, 1.4408602150537635, 242.3763440860215
712, 473.8388031279121, 28.67879784946235, 1.3763440860215055, 1.1720430107526882, 241.9247311827957
713, 473.5723836149265, 29.19999462365591, 2.096774193548387, 1.5698924731182795, 242.55913978494624
714, 473.30596410194073, 28.560897849462357, 1.4516129032258065, 0.989247311827957, 241.63440860215053
715, 473.0395445889551, 28.942838709677417, 1.8279569892473118, 1.4086021505376345, 241.83870967741936
716, 472.77312507596935, 28.83020537634409, 1.7096774193548387, 1.3333333333333333, 241.5483870967742
717, 472.50670556298365, 28.552909677419343, 1.7634408602150538, 1.021505376344086, 240.58064516129033
718, 472.24028604999796, 28.695944086021505, 1.956989247311828, 1.1290322580645162, 240.7741935483871
719, 471.97386653701227, 28.77782258064516, 2.204301075268817, 1.2365591397849462, 240.29032258064515
720, 471.7074470240266, 28.674433333333344, 2.010752688172043, 1.2258064516129032, 239.94623655913978
721, 471.44102751104083, 28.16091505376346, 1.4946236559139785, 0.8602150537634409, 238.67741935483872
722, 471.1746079980552, 28.36991720430108, 1.7956989247311828, 1.010752688172043, 238.94623655913978
723, 470.90818848506945, 28.52373978494623, 2.064516129032258, 1.1505376344086022, 238.8709677419355
724, 470.6417689720838, 28.153240860215064, 1.5698924731182795, 1.032258064516129, 237.5268817204301
725, 470.37534945909806, 28.641346236559148, 2.3440860215053765, 1.4946236559139785, 237.3978494623656
726, 470.10892994611237, 28.159668817204313, 1.913978494623656, 1.1290322580645162, 236.18279569892474
727, 469.8425104331267, 28.01045698924732, 1.7741935483870968, 1.010752688172043, 235.8494623655914
728, 469.576090920141, 28.252676344086026, 2.053763440860215, 1.2580645161290323, 235.96774193548387
729, 469.3096714071553, 28.440294623655923, 2.21505376344086, 1.5268817204301075, 235.80645161290323
730, 469.0432518941696, 28.175944086021513, 1.956989247311828, 1.2580645161290323, 235.5483870967742
731, 468.7768323811839, 28.3040053763441, 2.096774193548387, 1.4301075268817205, 235.41935483870967
732, 468.51041286819816, 27.9741559139785, 1.7741935483870968, 1.1827956989247312, 234.6451612903226
733, 468.2439933552125, 27.69972795698924, 1.5376344086021505, 1.096774193548387, 233.30107526881721
734, 467.9775738422268, 27.959950537634413, 1.7849462365591398, 1.3118279569892473, 233.8279569892473
735, 467.71115432924114, 28.13300215053765, 2.021505376344086, 1.4193548387096775, 234.1720430107527
736, 467.4447348162554, 27.541503225806455, 1.4193548387096775, 0.9354838709677419, 233.05376344086022
737, 467.1783153032697, 28.062795698924734, 1.935483870967742, 1.3978494623655915, 233.89247311827958
738, 466.911895790284, 27.80689677419355, 1.6774193548387097, 1.1935483870967742, 233.3763440860215
739, 466.6454762772983, 27.99739569892473, 1.956989247311828, 1.3548387096774193, 233.48387096774192
740, 466.3790567643126, 27.810361290322582, 1.7634408602150538, 1.1827956989247312, 233.23655913978496
741, 466.11263725132693, 27.788816129032266, 1.946236559139785, 1.1720430107526882, 232.6236559139785
742, 465.84621773834124, 27.80417741935484, 1.989247311827957, 1.2473118279569892, 232.25806451612902
743, 465.5797982253555, 27.899887096774197, 2.204301075268817, 1.3655913978494623, 231.9247311827957
744, 465.31337871236985, 27.78155698924732, 2.064516129032258, 1.3333333333333333, 231.41935483870967
745, 465.0469591993841, 27.612706451612905, 1.967741935483871, 1.3225806451612903, 230.247311827957
746, 464.78053968639847, 27.559630107526882, 1.8709677419354838, 1.3440860215053763, 229.9247311827957
747, 464.5141201734127, 27.418017204301062, 1.978494623655914, 1.2903225806451613, 228.67741935483872
748, 464.24770066042703, 27.240245161290318, 1.7419354838709677, 1.1935483870967742, 228.23655913978496
749, 463.98128114744134, 27.73487096774193, 2.4731182795698925, 1.5698924731182795, 228.72043010752688
750, 463.71486163445564, 27.164125806451604, 1.8602150537634408, 1.053763440860215, 227.9784946236559
751, 463.44844212146995, 27.10805268817203, 2.053763440860215, 0.9139784946236559, 227.69892473118279
752, 463.18202260848426, 26.87357634408602, 1.7634408602150538, 0.8064516129032258, 226.95698924731184
753, 462.91560309549857, 27.008833333333328, 1.989247311827957, 1.043010752688172, 226.33333333333334
754, 462.6491835825128, 27.166991397849458, 2.129032258064516, 1.1827956989247312, 226.63440860215053
755, 462.3827640695272, 27.021030107526855, 2.064516129032258, 1.086021505376344, 226.0215053763441
756, 462.11634455654143, 27.137112903225805, 2.096774193548387, 1.2903225806451613, 225.90322580645162
757, 461.8499250435558, 27.052813978494626, 2.182795698924731, 1.2365591397849462, 225.21505376344086
758, 461.58350553057005, 27.27748817204301, 2.4301075268817205, 1.4516129032258065, 225.43010752688173
759, 461.31708601758436, 27.108893548387083, 2.139784946236559, 1.3978494623655915, 224.98924731182797
760, 461.05066650459867, 26.767556989247314, 1.8494623655913978, 0.989247311827957, 224.86021505376345
761, 460.784246991613, 26.66997311827955, 1.7741935483870968, 1.043010752688172, 223.9247311827957
762, 460.5178274786273, 26.90930860215054, 2.075268817204301, 1.2473118279569892, 224.18279569892474
763, 460.25140796564153, 26.85270752688172, 2.064516129032258, 1.2795698924731183, 223.5483870967742
764, 459.9849884526559, 26.87932795698925, 2.096774193548387, 1.2688172043010753, 223.752688172043
765, 459.71856893967015, 27.01524408602151, 2.2903225806451615, 1.4623655913978495, 223.44086021505376
766, 459.4521494266845, 26.80993763440861, 2.021505376344086, 1.3225806451612903, 223.06451612903226
767, 459.18572991369876, 26.581225806451627, 1.8279569892473118, 1.1505376344086022, 222.4516129032258
768, 458.9193104007131, 27.07023333333336, 2.3978494623655915, 1.5806451612903225, 223.03225806451613
769, 458.6528908877274, 26.25837096774195, 1.5591397849462365, 0.946236559139785, 221.3763440860215
770, 458.3864713747417, 26.595660215053773, 1.89247311827957, 1.2258064516129032, 222.0215053763441
771, 458.120051861756, 26.74411075268818, 2.118279569892473, 1.3010752688172043, 222.34408602150538
772, 457.8536323487703, 26.266292473118288, 1.5913978494623655, 0.989247311827957, 221.13978494623655
773, 457.5872128357846, 26.36833225806453, 1.8387096774193548, 1.1290322580645162, 220.66666666666666
774, 457.32079332279886, 26.58207204301075, 2.075268817204301, 1.3225806451612903, 220.9247311827957
775, 457.0543738098132, 26.548792473118283, 2.075268817204301, 1.3118279569892473, 220.68817204301075
776, 456.7879542968275, 25.878384946236565, 1.3118279569892473, 0.7526881720430108, 219.68817204301075
777, 456.52153478384184, 26.698062365591404, 2.172043010752688, 1.6129032258064515, 220.19354838709677
778, 456.2551152708561, 26.154504301075274, 1.6236559139784945, 1.1290322580645162, 219.3548387096774
779, 455.9886957578704, 25.902452688172048, 1.3870967741935485, 0.989247311827957, 218.48387096774192
780, 455.7222762448847, 26.294860215053752, 1.8279569892473118, 1.3225806451612903, 219.05376344086022
781, 455.455856731899, 26.292793548387106, 1.956989247311828, 1.3118279569892473, 218.752688172043
782, 455.1894372189133, 26.13349032258064, 1.8709677419354838, 1.096774193548387, 218.68817204301075
783, 454.92301770592763, 26.26755698924731, 2.064516129032258, 1.3978494623655915, 217.80645161290323
784, 454.65659819294194, 25.96833548387097, 1.8064516129032258, 1.096774193548387, 217.40860215053763
785, 454.3901786799562, 26.165217204301086, 2.021505376344086, 1.3978494623655915, 217.0215053763441
786, 454.12375916697056, 25.95490537634409, 1.8064516129032258, 1.1720430107526882, 216.90322580645162
787, 453.8573396539848, 26.273630107526905, 2.193548387096774, 1.5053763440860215, 216.96774193548387
788, 453.5909201409992, 25.943000000000005, 1.8279569892473118, 1.2473118279569892, 216.3548387096774
789, 453.3245006280134, 26.02024408602151, 1.8602150537634408, 1.2580645161290323, 216.89247311827958
790, 453.05808111502773, 26.224904301075277, 2.139784946236559, 1.3870967741935485, 217.29032258064515
791, 452.79166160204204, 25.78808602150538, 1.6129032258064515, 1.10752688172043, 216.27956989247312
792, 452.52524208905635, 25.684813978494617, 1.5376344086021505, 1.043010752688172, 215.90322580645162
793, 452.25882257607066, 25.775877419354842, 1.6559139784946237, 1.075268817204301, 216.2258064516129
794, 451.99240306308496, 25.625458064516128, 1.5483870967741935, 0.967741935483871, 215.74193548387098
795, 451.7259835500993, 25.820632258064506, 1.7419354838709677, 1.2580645161290323, 215.4516129032258
796, 451.4595640371135, 26.013448387096776, 1.967741935483871, 1.4193548387096775, 215.72043010752688
797, 451.1931445241279, 25.799158064516117, 1.8602150537634408, 1.3763440860215055, 214.34408602150538
798, 450.92672501114214, 25.399013978494622, 1.5806451612903225, 0.9247311827956989, 213.89247311827958
799, 450.6603054981565, 26.10968279569892, 2.4193548387096775, 1.5913978494623655, 214.49462365591398
800, 450.39388598517075, 25.562362365591387, 1.8602150537634408, 1.075268817204301, 213.81720430107526
801, 450.12746647218506, 26.00591612903225, 2.3440860215053765, 1.5698924731182795, 213.89247311827958
802, 449.86104695919937, 25.746552688172027, 2.0, 1.3763440860215055, 213.51612903225808
803, 449.5946274462137, 25.68221397849463, 2.053763440860215, 1.3333333333333333, 213.03225806451613
804, 449.328207933228, 25.374002150537642, 1.8064516129032258, 1.10752688172043, 212.13978494623655
805, 449.06178842024224, 25.684824731182793, 2.2903225806451615, 1.3655913978494623, 212.2688172043011
806, 448.7953689072566, 25.644275268817193, 2.3010752688172045, 1.3870967741935485, 211.7741935483871
807, 448.52894939427085, 25.152339784946218, 1.7634408602150538, 1.010752688172043, 210.80645161290323
808, 448.2625298812852, 24.873876344086014, 1.4516129032258065, 0.7849462365591398, 210.34408602150538
809, 447.99611036829947, 25.42201397849462, 2.118279569892473, 1.3333333333333333, 210.58064516129033
810, 447.72969085531383, 25.047084946236556, 1.7311827956989247, 1.010752688172043, 209.96774193548387
811, 447.4632713423281, 25.398632258064517, 2.2795698924731185, 1.3763440860215055, 209.7311827956989
812, 447.1968518293424, 24.689346236559132, 1.4838709677419355, 0.8279569892473119, 208.41935483870967
813, 446.9304323163567, 25.218948387096766, 2.4516129032258065, 1.1935483870967742, 208.6451612903226
814, 446.664012803371, 25.22637096774194, 2.5268817204301075, 1.1720430107526882, 208.6236559139785
815, 446.3975932903853, 25.362305376344086, 2.752688172043011, 1.3763440860215055, 208.1720430107527
816, 446.13117377739957, 25.113743010752682, 2.4623655913978495, 1.1612903225806452, 207.86021505376345
817, 445.86475426441393, 25.052140860215047, 2.4623655913978495, 1.2150537634408602, 207.04301075268816
818, 445.5983347514282, 24.694212903225807, 2.064516129032258, 1.0, 206.05376344086022
819, 445.33191523844255, 25.089821505376353, 2.5376344086021505, 1.3870967741935485, 206.29032258064515
820, 445.0654957254568, 24.860944086021505, 2.2795698924731185, 1.2580645161290323, 205.6236559139785
821, 444.7990762124711, 24.789201075268803, 2.2903225806451615, 1.2473118279569892, 205.0215053763441
822, 444.5326566994854, 24.913335483870974, 2.4516129032258065, 1.3870967741935485, 204.96774193548387
823, 444.2662371864997, 24.505825806451607, 1.956989247311828, 1.1827956989247312, 203.74193548387098
824, 443.99981767351403, 24.57840322580645, 1.989247311827957, 1.2795698924731183, 203.79569892473117
825, 443.73339816052834, 24.747649462365594, 2.3225806451612905, 1.4086021505376345, 203.74193548387098
826, 443.46697864754265, 24.477913978494627, 2.043010752688172, 1.1290322580645162, 203.5483870967742
827, 443.2005591345569, 24.4145559139785, 2.075268817204301, 1.1612903225806452, 202.74193548387098
828, 442.93413962157126, 24.228496774193548, 1.8064516129032258, 1.0, 202.6451612903226
829, 442.6677201085855, 24.530001075268814, 2.4623655913978495, 1.2903225806451613, 202.0752688172043
830, 442.4013005955999, 24.21779247311828, 1.967741935483871, 1.1397849462365592, 201.40860215053763
831, 442.13488108261413, 24.123569892473125, 1.935483870967742, 1.1397849462365592, 200.66666666666666
832, 441.86846156962844, 24.365338709677413, 2.204301075268817, 1.3333333333333333, 201.08602150537635
833, 441.60204205664274, 24.055986021505365, 1.967741935483871, 1.1397849462365592, 199.98924731182797
834, 441.33562254365705, 24.21109999999999, 2.118279569892473, 1.3440860215053763, 199.90322580645162
835, 441.06920303067136, 24.035561290322562, 1.913978494623656, 1.1720430107526882, 199.78494623655914
836, 440.80278351768567, 24.070023655913964, 2.021505376344086, 1.2365591397849462, 199.4731182795699
837, 440.5363640047, 24.241762365591395, 2.3763440860215055, 1.4946236559139785, 198.72043010752688
838, 440.2699444917142, 23.629352688172037, 1.7419354838709677, 0.9247311827956989, 197.94623655913978
839, 440.0035249787286, 24.07489569892474, 2.3333333333333335, 1.3763440860215055, 197.9784946236559
840, 439.73710546574284, 23.575386021505388, 1.7311827956989247, 0.967741935483871, 197.27956989247312
841, 439.4706859527572, 23.954370967741944, 2.4193548387096775, 1.3548387096774193, 196.80645161290323
842, 439.20426643977146, 23.751382795698905, 2.193548387096774, 1.1720430107526882, 196.55913978494624
843, 438.93784692678577, 23.94187741935484, 2.4086021505376345, 1.6021505376344085, 195.4516129032258
844, 438.6714274138001, 23.471704301075285, 1.989247311827957, 1.075268817204301, 195.13978494623655
845, 438.4050079008144, 23.420591397849474, 2.043010752688172, 1.1612903225806452, 194.10752688172042
846, 438.1385883878287, 23.00151505376345, 1.6236559139784945, 0.8279569892473119, 193.247311827957
847, 437.872168874843, 23.34299247311828, 2.118279569892473, 1.2580645161290323, 192.7311827956989
848, 437.6057493618573, 22.979211827956984, 1.7526881720430108, 0.9247311827956989, 192.21505376344086
849, 437.33932984887156, 23.0344376344086, 1.8602150537634408, 1.1290322580645162, 191.36559139784947
850, 437.0729103358859, 23.0027129032258, 1.7956989247311828, 1.118279569892473, 191.31182795698925
851, 436.8064908229002, 23.276527956989245, 2.139784946236559, 1.4408602150537635, 191.1505376344086
852, 436.54007130991454, 23.246747311827953, 2.096774193548387, 1.5268817204301075, 190.55913978494624
853, 436.2736517969288, 22.593623655913976, 1.5053763440860215, 0.978494623655914, 189.20430107526883
854, 436.0072322839431, 22.49459569892473, 1.4623655913978495, 0.956989247311828, 188.55913978494624
855, 435.7408127709574, 22.90260107526882, 1.946236559139785, 1.4516129032258065, 188.32258064516128
856, 435.4743932579717, 22.205341935483872, 1.2043010752688172, 0.8817204301075269, 187.08602150537635
857, 435.207973744986, 22.60319139784945, 1.956989247311828, 1.1720430107526882, 187.10752688172042
858, 434.94155423200027, 22.29726559139785, 1.6451612903225807, 0.989247311827957, 186.18279569892474
859, 434.67513471901464, 22.12564731182796, 1.5913978494623655, 0.9247311827956989, 185.1505376344086
860, 434.4087152060289, 22.211896774193555, 1.6774193548387097, 1.096774193548387, 184.79569892473117
861, 434.14229569304325, 22.117021505376343, 1.8279569892473118, 1.1612903225806452, 183.23655913978496
862, 433.8758761800575, 22.026836559139788, 1.7419354838709677, 1.118279569892473, 182.89247311827958
863, 433.60945666707187, 22.06663978494624, 1.881720430107527, 1.2903225806451613, 181.98924731182797
864, 433.3430371540861, 21.660931182795693, 1.4408602150537635, 0.967741935483871, 181.247311827957
865, 433.0766176411004, 21.897660215053776, 1.7849462365591398, 1.3440860215053763, 180.48387096774192
866, 432.81019812811473, 21.70270967741936, 1.6129032258064515, 1.1935483870967742, 180.0
867, 432.54377861512904, 21.508526881720435, 1.5053763440860215, 1.10752688172043, 179.0215053763441
868, 432.27735910214335, 21.36750430107527, 1.4086021505376345, 1.075268817204301, 178.20430107526883
869, 432.0109395891576, 21.453260215053767, 1.5913978494623655, 1.2473118279569892, 177.59139784946237
870, 431.74452007617197, 21.42101505376344, 1.5698924731182795, 1.3870967741935485, 176.6451612903226
871, 431.4781005631862, 21.16916666666666, 1.5591397849462365, 1.1827956989247312, 175.51612903225808
872, 431.2116810502006, 21.092221505376344, 1.5483870967741935, 1.1720430107526882, 174.9247311827957
873, 430.94526153721483, 20.991921505376343, 1.7526881720430108, 1.053763440860215, 174.11827956989248
874, 430.67884202422914, 20.616795698924733, 1.2903225806451613, 0.8172043010752689, 173.25806451612902
875, 430.41242251124345, 21.490190322580645, 2.5053763440860215, 1.6989247311827957, 173.19354838709677
876, 430.14600299825776, 20.687421505376342, 1.6989247311827957, 1.032258064516129, 171.69892473118279
877, 429.87958348527206, 20.64426666666666, 1.8494623655913978, 1.1827956989247312, 170.1505376344086
878, 429.6131639722864, 20.853852688172054, 2.118279569892473, 1.4301075268817205, 170.01075268817203
879, 429.3467444593007, 20.232380645161296, 1.7849462365591398, 0.946236559139785, 167.9247311827957
880, 429.08032494631493, 20.308489247311826, 1.881720430107527, 1.053763440860215, 167.78494623655914
881, 428.8139054333293, 20.095260215053766, 1.8064516129032258, 1.010752688172043, 166.33333333333334
882, 428.54748592034355, 20.116763440860222, 1.8279569892473118, 1.032258064516129, 166.3548387096774
883, 428.2810664073579, 20.40504086021505, 2.3870967741935485, 1.2365591397849462, 166.36559139784947
884, 428.01464689437216, 19.977570967741933, 1.924731182795699, 1.021505376344086, 164.93548387096774
885, 427.74822738138647, 20.304713978494622, 2.5376344086021505, 1.2688172043010753, 164.9247311827957
886, 427.4818078684008, 19.715291397849462, 1.8172043010752688, 0.967741935483871, 163.19354838709677
887, 427.2153883554151, 19.854239784946238, 2.118279569892473, 1.10752688172043, 162.90322580645162
888, 426.9489688424294, 19.655580645161294, 1.935483870967742, 1.0, 162.19354838709677
889, 426.6825493294437, 19.829608602150532, 2.086021505376344, 1.4516129032258065, 161.0
890, 426.416129816458, 19.34314408602151, 1.6774193548387097, 1.075268817204301, 159.74193548387098
891, 426.14971030347226, 19.152211827956993, 1.6451612903225807, 1.010752688172043, 158.48387096774192
892, 425.8832907904866, 19.324822580645165, 1.881720430107527, 1.2365591397849462, 158.21505376344086
893, 425.6168712775009, 19.61264193548387, 2.5053763440860215, 1.5053763440860215, 157.72043010752688
894, 425.35045176451524, 18.61030860215054, 1.4301075268817205, 0.8924731182795699, 154.90322580645162
895, 425.0840322515295, 18.715251612903224, 1.7849462365591398, 1.043010752688172, 154.11827956989248
896, 424.8176127385438, 18.45766559139784, 1.6236559139784945, 1.1290322580645162, 151.83870967741936
897, 424.5511932255581, 18.661923655913977, 2.161290322580645, 1.3118279569892473, 151.27956989247312
898, 424.2847737125724, 18.56407849462366, 2.225806451612903, 1.3440860215053763, 150.08602150537635
899, 424.0183541995867, 18.20799139784946, 1.8064516129032258, 1.1827956989247312, 148.89247311827958
900, 423.751934686601, 17.920365591397854, 1.6129032258064515, 1.1505376344086022, 147.04301075268816
901, 423.48551517361534, 17.975348387096773, 2.3225806451612905, 1.064516129032258, 146.10752688172042
902, 423.2190956606296, 17.53316881720431, 1.8602150537634408, 0.8494623655913979, 144.5483870967742
903, 422.95267614764396, 17.825096774193547, 2.3655913978494625, 1.2043010752688172, 143.95698924731184
904, 422.6862566346582, 17.696050537634424, 2.182795698924731, 1.2258064516129032, 143.19354838709677
905, 422.4198371216726, 17.216054838709674, 1.8172043010752688, 0.978494623655914, 141.21505376344086
906, 422.1534176086868, 17.32519032258065, 1.967741935483871, 1.2903225806451613, 140.1720430107527
907, 421.88699809570113, 17.011501075268814, 1.7634408602150538, 1.1397849462365592, 138.7311827956989
908, 421.62057858271544, 16.8738935483871, 1.7096774193548387, 1.1290322580645162, 137.72043010752688
909, 421.35415906972975, 16.983033333333335, 2.247311827956989, 1.2688172043010753, 136.5483870967742
910, 421.08773955674405, 16.905324731182795, 2.129032258064516, 1.3010752688172043, 136.01075268817203
911, 420.8213200437583, 16.75188279569893, 2.3548387096774195, 1.1397849462365592, 134.90322580645162
912, 420.55490053077267, 16.7786064516129, 2.4301075268817205, 1.1720430107526882, 134.7741935483871
913, 420.2884810177869, 16.193880645161286, 1.946236559139785, 0.8817204301075269, 132.40860215053763
914, 420.0220615048013, 16.286325806451607, 2.010752688172043, 1.075268817204301, 132.05376344086022
915, 419.75564199181554, 16.575813978494633, 2.3978494623655915, 1.4193548387096775, 131.80645161290323
916, 419.48922247882984, 15.920767741935487, 1.6774193548387097, 0.9354838709677419, 130.44086021505376
917, 419.22280296584415, 16.09879139784947, 1.978494623655914, 1.3548387096774193, 129.05376344086022
918, 418.95638345285846, 15.548329032258064, 1.4408602150537635, 0.9247311827956989, 127.84946236559139
919, 418.68996393987277, 15.836872043010754, 1.8172043010752688, 1.2580645161290323, 127.6774193548387
920, 418.4235444268871, 15.707661290322573, 1.6666666666666667, 1.2795698924731183, 126.82795698924731
921, 418.1571249139014, 15.326219354838708, 1.5698924731182795, 1.021505376344086, 125.06451612903226
922, 417.89070540091564, 15.224018279569886, 1.5376344086021505, 1.1290322580645162, 123.6989247311828
923, 417.62428588793, 15.057541935483874, 1.6774193548387097, 1.064516129032258, 122.20430107526882
924, 417.35786637494425, 15.105755913978506, 1.7956989247311828, 1.1720430107526882, 121.76344086021506
925, 417.0914468619586, 14.693233333333337, 1.4301075268817205, 1.0, 119.98924731182795
926, 416.82502734897287, 14.584021505376343, 1.5053763440860215, 0.967741935483871, 119.0
927, 416.5586078359872, 14.648010752688164, 1.6129032258064515, 1.1827956989247312, 118.17204301075269
928, 416.2921883230015, 14.566898924731177, 1.6559139784946237, 1.2795698924731183, 116.84946236559139
929, 416.0257688100158, 14.341356989247307, 1.913978494623656, 0.9247311827956989, 116.02150537634408
930, 415.7593492970301, 14.304048387096774, 1.881720430107527, 1.1720430107526882, 114.50537634408602
931, 415.4929297840444, 14.401682795698923, 1.989247311827957, 1.4193548387096775, 113.80645161290323
932, 415.2265102710587, 14.01839247311828, 1.6666666666666667, 1.1290322580645162, 112.78494623655914
933, 414.96009075807297, 13.774948387096773, 1.8064516129032258, 0.9354838709677419, 111.27956989247312
