Extraction [ img/s4/seq3/1.jpg ] effectuee 2026-05-28 17:13:52.745694
Calibration: -0.2664195129856975*x + 663.5294963737288 [largueur 2619 + 934]

pixel, longueur d'onde, intensite, r, g, b
0, 663.5294963737288, 89.37543733333331, 178.42666666666668, 46.13333333333333, 78.62666666666667
1, 663.263076860743, 89.938952, 180.08, 45.92, 80.33333333333333
2, 662.9966573477574, 90.69887599999998, 180.84, 46.68, 81.09333333333333
3, 662.7302378347716, 92.07092000000002, 182.53333333333333, 47.81333333333333, 82.85333333333334
4, 662.463818321786, 92.12893066666668, 182.69333333333333, 47.78666666666667, 83.08
5, 662.1973988088002, 91.83082799999997, 183.98666666666668, 46.22666666666667, 85.10666666666667
6, 661.9309792958146, 91.383804, 183.69333333333333, 45.653333333333336, 84.90666666666667
7, 661.6645597828289, 93.02205733333331, 186.22666666666666, 46.693333333333335, 87.28
8, 661.3981402698432, 92.85728666666665, 186.06666666666666, 46.52, 87.14666666666666
9, 661.1317207568575, 93.54002666666668, 187.86666666666667, 46.36, 89.24
10, 660.8653012438718, 93.35989066666669, 187.76, 46.13333333333333, 89.10666666666667
11, 660.5988817308861, 94.24530533333333, 190.01333333333332, 46.08, 91.24
12, 660.3324622179003, 93.91329999999998, 189.8, 45.68, 90.94666666666667
13, 660.0660427049147, 94.69067866666666, 192.14666666666668, 45.32, 93.46666666666667
14, 659.799623191929, 95.14910266666669, 192.70666666666668, 45.72, 93.96
15, 659.5332036789433, 94.30371599999998, 193.10666666666665, 43.946666666666665, 94.62666666666667
16, 659.2667841659576, 94.50384000000003, 193.33333333333334, 44.13333333333333, 94.82666666666667
17, 659.0003646529719, 94.61583999999998, 194.93333333333334, 43.333333333333336, 95.73333333333333
18, 658.7339451399862, 93.50942799999999, 193.85333333333332, 42.21333333333333, 94.62666666666667
19, 658.4675256270006, 93.46511466666666, 194.32, 41.77333333333333, 95.28
20, 658.2011061140148, 93.77339333333335, 194.73333333333332, 42.0, 95.73333333333333
21, 657.9346866010292, 94.5682373333333, 197.49333333333334, 41.48, 98.14666666666666
22, 657.6682670880434, 94.84993466666666, 197.85333333333332, 41.70666666666666, 98.50666666666666
23, 657.4018475750577, 96.00581066666666, 199.49333333333334, 42.50666666666667, 100.22666666666667
24, 657.135428062072, 95.93378933333334, 199.44, 42.42666666666667, 100.14666666666666
25, 656.8690085490863, 96.12475066666667, 200.89333333333335, 41.78666666666667, 101.30666666666667
26, 656.6025890361007, 96.11844533333331, 201.01333333333332, 41.72, 101.28
27, 656.3361695231149, 96.88083066666667, 203.02666666666667, 41.6, 103.30666666666667
28, 656.0697500101293, 96.93995200000006, 203.14666666666668, 41.626666666666665, 103.37333333333333
29, 655.8033304971435, 97.07916666666667, 204.6, 40.89333333333333, 104.56
30, 655.5369109841579, 96.656528, 204.18666666666667, 40.46666666666667, 104.13333333333334
31, 655.2704914711721, 96.67035600000001, 205.64, 39.6, 104.90666666666667
32, 655.0040719581864, 96.69702000000001, 205.66666666666666, 39.626666666666665, 104.93333333333334
33, 654.7376524452008, 96.98907200000004, 206.74666666666667, 39.42666666666667, 105.69333333333333
34, 654.471232932215, 97.17572000000007, 206.93333333333334, 39.61333333333334, 105.88
35, 654.2048134192294, 97.593448, 207.65333333333334, 39.81333333333333, 106.62666666666667
36, 653.9383939062436, 97.59915866666667, 207.74666666666667, 39.76, 106.70666666666666
37, 653.671974393258, 97.35279866666667, 209.08, 38.57333333333333, 107.16
38, 653.4055548802722, 97.32786000000003, 209.13333333333333, 38.49333333333333, 107.21333333333334
39, 653.1391353672866, 97.18523466666666, 209.25333333333333, 38.18666666666667, 107.22666666666667
40, 652.8727158543008, 97.86060666666668, 209.93333333333334, 38.86666666666667, 107.86666666666666
41, 652.6062963413152, 97.882508, 210.65333333333334, 38.49333333333333, 108.09333333333333
42, 652.3398768283295, 97.83244666666661, 210.6, 38.45333333333333, 108.0
43, 652.0734573153437, 98.293548, 211.85333333333332, 38.53333333333333, 108.34666666666666
44, 651.8070378023581, 98.05357200000002, 211.61333333333334, 38.29333333333334, 108.10666666666667
45, 651.5406182893723, 98.58552933333331, 213.50666666666666, 38.17333333333333, 108.42666666666666
46, 651.2741987763867, 98.13832133333335, 213.05333333333334, 37.72, 108.02666666666667
47, 651.007779263401, 98.54488133333332, 214.52, 37.54666666666667, 108.64
48, 650.7413597504153, 98.07123599999991, 214.04, 37.08, 108.14666666666666
49, 650.4749402374296, 98.00113066666668, 214.82666666666665, 36.56, 108.14666666666666
50, 650.2085207244439, 97.65624533333332, 214.48, 36.22666666666667, 107.74666666666667
51, 649.9421012114582, 98.29314533333336, 215.48, 36.70666666666666, 108.24
52, 649.6756816984725, 97.4860573333333, 214.76, 35.86666666666667, 107.37333333333333
53, 649.4092621854868, 98.36565599999999, 217.30666666666667, 35.946666666666665, 108.0
54, 649.142842672501, 98.31493866666663, 217.41333333333333, 35.82666666666667, 107.89333333333333
55, 648.8764231595154, 98.70481599999995, 218.24, 36.0, 108.25333333333333
56, 648.6100036465297, 98.50832933333331, 218.04, 35.82666666666667, 107.94666666666667
57, 648.343584133544, 98.73568533333331, 219.14666666666668, 35.733333333333334, 107.52
58, 648.0771646205583, 97.77718, 218.2, 34.8, 106.4
59, 647.8107451075726, 98.0064653333333, 219.34666666666666, 34.653333333333336, 106.16
60, 647.5443255945869, 97.69245599999998, 219.04, 34.36, 105.72
61, 647.2779060816013, 98.69728399999998, 221.29333333333332, 34.89333333333333, 105.88
62, 647.0114865686155, 98.07758399999994, 220.69333333333333, 34.29333333333334, 105.10666666666667
63, 646.7450670556299, 98.27040800000002, 222.05333333333334, 33.973333333333336, 104.88
64, 646.4786475426441, 98.10035866666671, 221.88, 33.81333333333333, 104.66666666666667
65, 646.2122280296584, 98.53605466666663, 222.92, 34.093333333333334, 104.32
66, 645.9458085166727, 98.33607466666665, 222.72, 33.89333333333333, 104.12
67, 645.679389003687, 98.89849066666665, 223.89333333333335, 34.18666666666667, 104.46666666666667
68, 645.4129694907014, 98.66309733333334, 223.69333333333333, 33.96, 104.09333333333333
69, 645.1465499777156, 99.00883733333335, 224.82666666666665, 34.013333333333335, 103.88
70, 644.88013046473, 98.46253466666666, 224.25333333333333, 33.50666666666667, 103.2
71, 644.6137109517442, 99.5178026666667, 225.84, 34.333333333333336, 104.04
72, 644.3472914387586, 98.66151466666669, 224.98666666666668, 33.48, 103.16
73, 644.0808719257728, 99.47100133333329, 226.65333333333334, 34.0, 103.21333333333334
74, 643.8144524127872, 99.28131333333334, 226.46666666666667, 33.81333333333333, 103.0
75, 643.5480328998015, 99.81191733333331, 227.89333333333335, 34.04, 102.74666666666667
76, 643.2816133868157, 99.92510666666666, 228.0, 34.17333333333333, 102.77333333333333
77, 643.0151938738301, 100.38989466666668, 229.72, 34.13333333333333, 102.54666666666667
78, 642.7487743608443, 100.30078266666663, 229.64, 34.053333333333335, 102.38666666666667
79, 642.4823548478587, 101.0771173333333, 231.36, 34.54666666666667, 102.14666666666666
80, 642.2159353348729, 101.11711333333331, 231.4, 34.586666666666666, 102.18666666666667
81, 641.9495158218873, 101.08023066666664, 231.96, 34.373333333333335, 101.49333333333334
82, 641.6830963089016, 101.52018666666666, 232.4, 34.81333333333333, 101.93333333333334
83, 641.4166767959159, 101.57074933333327, 233.30666666666667, 34.45333333333333, 101.85333333333334
84, 641.1502572829302, 101.52923466666668, 233.38666666666666, 34.36, 101.76
85, 640.8838377699444, 102.51460799999998, 235.78666666666666, 34.74666666666667, 102.12
86, 640.6174182569588, 101.92633733333334, 235.29333333333332, 34.12, 101.48
87, 640.350998743973, 102.07227866666663, 236.14666666666668, 33.96, 101.34666666666666
88, 640.0845792309874, 102.79880133333332, 236.92, 34.666666666666664, 102.05333333333333
89, 639.8181597180017, 102.98638533333332, 237.74666666666667, 34.653333333333336, 101.6
90, 639.551740205016, 102.63461866666667, 237.41333333333333, 34.306666666666665, 101.17333333333333
91, 639.2853206920303, 103.71364533333332, 239.68, 34.946666666666665, 101.4
92, 639.0189011790446, 103.5951173333333, 239.62666666666667, 34.81333333333333, 101.18666666666667
93, 638.7524816660589, 103.95600533333331, 241.54666666666665, 34.53333333333333, 100.76
94, 638.4860621530732, 104.24374399999998, 241.89333333333335, 34.81333333333333, 100.93333333333334
95, 638.2196426400875, 104.28186799999999, 243.05333333333334, 34.45333333333333, 100.08
96, 637.9532231271018, 103.73121066666667, 242.56, 33.89333333333333, 99.42666666666666
97, 637.6868036141161, 104.46697466666667, 244.25333333333333, 34.346666666666664, 99.10666666666667
98, 637.4203841011304, 104.49842533333333, 244.28, 34.38666666666666, 99.10666666666667
99, 637.1539645881447, 104.22684399999996, 244.49333333333334, 33.973333333333336, 98.29333333333334
100, 636.887545075159, 104.09484533333335, 244.34666666666666, 33.973333333333336, 97.52
101, 636.6211255621733, 104.49295466666665, 245.78666666666666, 34.04, 96.89333333333333
102, 636.3547060491876, 103.94766399999999, 245.22666666666666, 33.626666666666665, 95.70666666666666
103, 636.088286536202, 104.45813599999998, 246.50666666666666, 33.906666666666666, 95.38666666666667
104, 635.8218670232162, 104.04383866666663, 246.14666666666668, 33.48, 94.89333333333333
105, 635.5554475102306, 104.2446613333333, 248.05333333333334, 32.96, 94.33333333333333
106, 635.2890279972448, 104.403828, 248.25333333333333, 33.17333333333333, 94.10666666666667
107, 635.0226084842591, 106.1485506666667, 250.89333333333335, 34.666666666666664, 94.8
108, 634.7561889712734, 105.39196133333333, 250.25333333333333, 33.96, 93.48
109, 634.4897694582877, 105.88582133333325, 251.78666666666666, 34.17333333333333, 92.69333333333333
110, 634.2233499453021, 106.59336666666663, 252.33333333333334, 35.06666666666667, 92.86666666666666
111, 633.9569304323163, 106.88757066666668, 252.96, 35.45333333333333, 91.81333333333333
112, 633.6905109193307, 107.2638066666667, 253.26666666666668, 35.92, 91.90666666666667
113, 633.4240914063449, 108.20804800000009, 254.32, 37.0, 91.86666666666666
114, 633.1576718933593, 108.26928400000008, 254.22666666666666, 37.14666666666667, 91.89333333333333
115, 632.8912523803735, 108.45821600000002, 254.50666666666666, 37.346666666666664, 91.78666666666666
116, 632.6248328673878, 108.76746000000004, 254.73333333333332, 37.693333333333335, 92.12
117, 632.3584133544022, 109.22379066666669, 254.89333333333335, 38.38666666666666, 92.13333333333334
118, 632.0919938414164, 109.41582133333337, 254.98666666666668, 38.653333333333336, 92.2
119, 631.8255743284308, 109.9843706666667, 254.96, 39.57333333333333, 92.52
120, 631.559154815445, 109.89252799999997, 254.85333333333332, 39.53333333333333, 92.2
121, 631.2927353024594, 110.631828, 254.92, 40.72, 92.4
122, 631.0263157894736, 110.74185466666667, 254.92, 40.93333333333333, 92.26666666666667
123, 630.759896276488, 110.49488400000014, 254.89333333333335, 40.733333333333334, 91.2
124, 630.4934767635023, 111.12014933333349, 254.90666666666667, 41.693333333333335, 91.70666666666666
125, 630.2270572505166, 111.32172000000001, 254.93333333333334, 42.17333333333333, 90.93333333333334
126, 629.9606377375309, 111.30118, 254.86666666666667, 42.22666666666667, 90.65333333333334
127, 629.6942182245452, 111.75022399999999, 254.82666666666665, 43.14666666666667, 89.96
128, 629.4277987115595, 111.88356533333332, 254.88, 43.346666666666664, 89.96
129, 629.1613791985737, 112.17761333333333, 254.93333333333334, 43.88, 89.65333333333334
130, 628.8949596855881, 111.73094533333334, 254.81333333333333, 43.32, 88.93333333333334
131, 628.6285401726024, 112.0573653333334, 254.74666666666667, 43.93333333333333, 88.81333333333333
132, 628.3621206596167, 112.44519066666672, 254.89333333333335, 44.586666666666666, 88.46666666666667
133, 628.095701146631, 112.45818666666663, 254.93333333333334, 44.82666666666667, 87.24
134, 627.8292816336453, 112.54095866666658, 254.94666666666666, 45.08, 86.62666666666667
135, 627.5628621206596, 112.68042933333338, 254.90666666666667, 45.49333333333333, 85.82666666666667
136, 627.296442607674, 113.10958133333338, 254.98666666666668, 46.17333333333333, 85.88
137, 627.0300230946882, 113.11575600000003, 254.97333333333333, 46.413333333333334, 84.73333333333333
138, 626.7636035817025, 113.35733733333336, 254.89333333333335, 46.92, 84.45333333333333
139, 626.4971840687168, 113.87670133333336, 254.98666666666668, 47.93333333333333, 83.54666666666667
140, 626.2307645557311, 113.96853200000012, 254.94666666666666, 48.22666666666667, 82.94666666666667
141, 625.9643450427454, 114.66238, 254.86666666666667, 49.586666666666666, 82.24
142, 625.6979255297597, 114.77518800000013, 254.92, 49.92, 81.37333333333333
143, 625.431506016774, 115.72905733333336, 254.89333333333335, 51.6, 81.16
144, 625.1650865037883, 116.35802666666665, 254.93333333333334, 52.666666666666664, 81.08
145, 624.8986669908027, 117.08558133333337, 254.98666666666668, 53.93333333333333, 80.8
146, 624.6322474778169, 117.22716266666673, 254.90666666666667, 54.28, 80.46666666666667
147, 624.3658279648313, 117.90058800000008, 254.92, 55.48, 80.16
148, 624.0994084518455, 117.8523466666667, 254.93333333333334, 55.626666666666665, 78.94666666666667
149, 623.8329889388598, 118.99263599999999, 254.97333333333333, 57.53333333333333, 79.02666666666667
150, 623.5665694258741, 118.941188, 254.92, 57.68, 77.96
151, 623.3001499128884, 119.42220799999998, 254.98666666666668, 58.42666666666667, 78.16
152, 623.0337303999028, 119.66183333333336, 255.0, 58.78666666666667, 78.37333333333333
153, 622.767310886917, 119.92322533333325, 254.94666666666666, 59.45333333333333, 77.37333333333333
154, 622.5008913739314, 119.90621733333323, 254.89333333333335, 59.48, 77.22666666666667
155, 622.2344718609456, 120.63956399999998, 254.89333333333335, 60.77333333333333, 77.0
156, 621.96805234796, 120.54649066666663, 254.96, 60.653333333333336, 76.62666666666667
157, 621.7016328349742, 121.35699866666663, 254.94666666666666, 62.16, 76.01333333333334
158, 621.4352133219886, 121.51961199999995, 254.94666666666666, 62.42666666666667, 76.06666666666666
159, 621.1687938090029, 122.36253733333331, 254.89333333333335, 64.04, 75.29333333333334
160, 620.9023742960171, 123.07798133333333, 254.98666666666668, 65.05333333333333, 76.10666666666667
161, 620.6359547830315, 123.52361466666659, 254.92, 65.97333333333333, 75.45333333333333
162, 620.3695352700457, 124.30657999999998, 255.0, 67.08, 76.41333333333333
163, 620.1031157570601, 124.96494266666666, 254.97333333333333, 68.18666666666667, 76.56
164, 619.8366962440743, 124.97868933333334, 254.97333333333333, 68.28, 76.2
165, 619.5702767310887, 125.46189200000003, 254.94666666666666, 69.18666666666667, 75.84
166, 619.303857218103, 125.55367866666666, 254.94666666666666, 69.4, 75.54666666666667
167, 619.0374377051173, 125.87677200000006, 254.94666666666666, 69.98666666666666, 75.36
168, 618.7710181921316, 126.22833066666668, 254.96, 70.49333333333334, 75.8
169, 618.5045986791458, 126.79578133333338, 254.98666666666668, 71.57333333333334, 75.14666666666666
170, 618.2381791661602, 126.62411466666667, 254.98666666666668, 71.4, 74.53333333333333
171, 617.9717596531744, 127.15789733333344, 254.89333333333335, 72.52, 73.69333333333333
172, 617.7053401401888, 127.4176373333334, 254.96, 72.94666666666667, 73.6
173, 617.4389206272031, 128.7210760000001, 254.97333333333333, 75.17333333333333, 73.53333333333333
174, 617.1725011142174, 128.6949706666667, 254.96, 75.21333333333334, 73.13333333333334
175, 616.9060816012317, 129.66788799999986, 254.98666666666668, 76.98666666666666, 72.46666666666667
176, 616.639662088246, 130.27199466666661, 254.98666666666668, 77.92, 72.96
177, 616.3732425752603, 130.92782, 254.86666666666667, 79.26666666666667, 72.09333333333333
178, 616.1068230622747, 131.43026399999997, 254.96, 80.0, 72.48
179, 615.8404035492889, 131.91048799999993, 254.98666666666668, 80.86666666666666, 72.16
180, 615.5739840363033, 132.28233199999985, 254.94666666666666, 81.62666666666667, 71.61333333333333
181, 615.3075645233175, 133.40010266666658, 254.97333333333333, 83.42666666666666, 72.08
182, 615.0411450103318, 134.08768933333332, 254.97333333333333, 84.8, 71.04
183, 614.7747254973461, 134.93311866666664, 254.94666666666666, 86.36, 70.49333333333334
184, 614.5083059843604, 135.09261066666667, 254.96, 87.01333333333334, 68.49333333333334
185, 614.2418864713748, 135.88746, 255.0, 88.36, 68.42666666666666
186, 613.975466958389, 136.07086266666664, 254.97333333333333, 89.06666666666666, 66.46666666666667
187, 613.7090474454034, 136.8913906666667, 254.89333333333335, 90.54666666666667, 66.25333333333333
188, 613.4426279324176, 137.18497466666673, 254.92, 91.25333333333333, 65.12
189, 613.176208419432, 138.14858400000003, 254.96, 92.96, 64.68
190, 612.9097889064462, 138.55136400000006, 254.89333333333335, 93.77333333333333, 64.2
191, 612.6433693934605, 139.74274266666652, 254.97333333333333, 95.74666666666667, 64.28
192, 612.3769498804749, 140.21180799999993, 254.98666666666668, 96.90666666666667, 62.38666666666666
193, 612.1105303674891, 140.75055466666663, 254.98666666666668, 97.84, 62.306666666666665
194, 611.8441108545035, 141.27487599999998, 254.97333333333333, 99.05333333333333, 60.693333333333335
195, 611.5776913415177, 142.54131466666664, 254.98666666666668, 101.16, 60.92
196, 611.3112718285321, 142.64168000000004, 254.93333333333334, 101.65333333333334, 59.4
197, 611.0448523155463, 143.69776666666664, 255.0, 103.41333333333333, 59.42666666666667
198, 610.7784328025607, 144.33080933333324, 254.97333333333333, 104.64, 58.733333333333334
199, 610.512013289575, 145.36155333333326, 255.0, 106.50666666666666, 58.093333333333334
200, 610.2455937765892, 146.30609200000006, 254.94666666666666, 108.10666666666667, 58.28
201, 609.9791742636036, 147.1543133333335, 255.0, 109.58666666666667, 57.96
202, 609.7127547506178, 147.95095333333347, 255.0, 111.02666666666667, 57.53333333333333
203, 609.4463352376322, 148.94338133333332, 254.98666666666668, 112.77333333333333, 57.28
204, 609.1799157246464, 149.4093333333333, 254.93333333333334, 113.76, 56.42666666666667
205, 608.9134962116608, 150.40455333333335, 255.0, 115.42666666666666, 56.4
206, 608.647076698675, 151.25394000000009, 255.0, 116.84, 56.57333333333333
207, 608.3806571856894, 152.04602000000003, 255.0, 118.28, 56.10666666666667
208, 608.1142376727037, 152.50735066666658, 254.89333333333335, 119.30666666666667, 55.14666666666667
209, 607.847818159718, 153.49784399999996, 254.89333333333335, 120.97333333333333, 55.25333333333333
210, 607.5813986467323, 154.4967400000001, 255.0, 122.6, 55.36
211, 607.3149791337466, 155.63590133333327, 254.98666666666668, 124.57333333333334, 55.22666666666667
212, 607.0485596207609, 156.18072799999993, 254.98666666666668, 125.50666666666666, 55.2
213, 606.7821401077751, 156.7375213333334, 254.92, 126.70666666666666, 54.08
214, 606.5157205947895, 157.10605466666667, 254.92, 127.37333333333333, 53.88
215, 606.2493010818038, 158.18296799999996, 254.98666666666668, 129.10666666666665, 54.22666666666667
216, 605.9828815688181, 158.51959733333325, 254.96, 129.70666666666668, 54.16
217, 605.7164620558324, 159.80939466666658, 254.98666666666668, 131.88, 54.21333333333333
218, 605.4500425428467, 160.44750533333323, 254.94666666666666, 133.01333333333332, 54.08
219, 605.183623029861, 161.216316, 254.97333333333333, 134.49333333333334, 53.13333333333333
220, 604.9172035168754, 162.02026266666664, 254.97333333333333, 135.82666666666665, 53.32
221, 604.6507840038896, 162.83093600000004, 254.90666666666667, 137.38666666666666, 52.57333333333333
222, 604.3843644909039, 163.59531866666669, 254.94666666666666, 138.64, 52.72
223, 604.1179449779182, 164.68304266666667, 254.90666666666667, 140.56, 52.48
224, 603.8515254649325, 165.3879573333333, 254.96, 141.74666666666667, 52.413333333333334
225, 603.5851059519468, 166.55743599999997, 254.97333333333333, 143.69333333333333, 52.61333333333334
226, 603.3186864389611, 167.31152666666668, 255.0, 144.93333333333334, 52.77333333333333
227, 603.0522669259755, 168.46524666666662, 255.0, 146.81333333333333, 53.21333333333333
228, 602.7858474129897, 168.73522266666663, 254.97333333333333, 147.42666666666668, 52.49333333333333
229, 602.5194279000041, 170.326368, 254.98666666666668, 149.94666666666666, 53.44
230, 602.2530083870183, 170.67183600000007, 254.97333333333333, 150.65333333333334, 52.86666666666667
231, 601.9865888740327, 171.5665413333333, 254.98666666666668, 152.17333333333335, 52.85333333333333
232, 601.7201693610469, 172.25016933333322, 254.97333333333333, 153.28, 53.18666666666667
233, 601.4537498480612, 173.04228799999996, 254.98666666666668, 154.66666666666666, 52.96
234, 601.1873303350756, 173.47910533333334, 254.94666666666666, 155.49333333333334, 52.64
235, 600.9209108220898, 174.4971693333333, 254.97333333333333, 157.24, 52.50666666666667
236, 600.6544913091042, 174.58329066666664, 254.96, 157.53333333333333, 51.78666666666667
237, 600.3880717961184, 175.554024, 254.96, 159.2, 51.72
238, 600.1216522831328, 175.68854266666662, 254.97333333333333, 159.54666666666665, 51.08
239, 599.855232770147, 176.34615466666662, 254.98666666666668, 160.8, 50.36
240, 599.5888132571614, 176.766556, 254.97333333333333, 161.53333333333333, 50.306666666666665
241, 599.3223937441757, 177.4984266666667, 254.93333333333334, 162.90666666666667, 49.76
242, 599.05597423119, 178.21494266666667, 254.97333333333333, 164.02666666666667, 50.17333333333333
243, 598.7895547182043, 179.01745199999996, 254.94666666666666, 165.38666666666666, 50.28
244, 598.5231352052185, 179.375528, 254.98666666666668, 165.98666666666668, 50.22666666666667
245, 598.2567156922329, 180.08385733333333, 254.89333333333335, 167.36, 49.61333333333334
246, 597.9902961792471, 180.66399333333328, 255.0, 168.22666666666666, 49.96
247, 597.7238766662615, 181.17544666666672, 255.0, 169.25333333333333, 49.16
248, 597.4574571532758, 181.45480800000013, 254.98666666666668, 169.82666666666665, 48.693333333333335
249, 597.1910376402901, 182.33032799999995, 254.98666666666668, 171.34666666666666, 48.54666666666667
250, 596.9246181273044, 182.81766000000002, 255.0, 172.24, 48.18666666666667
251, 596.6581986143187, 183.2581813333332, 254.98666666666668, 173.17333333333335, 47.28
252, 596.391779101333, 183.79088666666658, 255.0, 174.05333333333334, 47.38666666666666
253, 596.1253595883472, 184.6755706666666, 254.96, 175.65333333333334, 47.013333333333335
254, 595.8589400753616, 184.98547600000003, 254.97333333333333, 176.21333333333334, 46.81333333333333
255, 595.5925205623759, 186.03439333333336, 255.0, 177.98666666666668, 46.81333333333333
256, 595.3261010493902, 186.139208, 254.98666666666668, 178.30666666666667, 46.12
257, 595.0596815364045, 187.31579466666662, 254.98666666666668, 180.28, 46.28
258, 594.7932620234188, 187.2112626666666, 254.97333333333333, 180.26666666666668, 45.46666666666667
259, 594.5268425104331, 187.91059466666655, 254.98666666666668, 181.56, 44.906666666666666
260, 594.2604229974474, 188.37126266666655, 254.97333333333333, 182.42666666666668, 44.52
261, 593.9940034844617, 188.65229333333343, 254.93333333333334, 183.12, 43.52
262, 593.7275839714761, 188.8722480000001, 254.98666666666668, 183.58666666666667, 42.906666666666666
263, 593.4611644584903, 189.27850000000004, 255.0, 184.36, 42.45333333333333
264, 593.1947449455047, 189.4481, 255.0, 184.68, 42.29333333333334
265, 592.9283254325189, 190.00994000000003, 255.0, 185.72, 41.86666666666667
266, 592.6619059195332, 190.13131466666673, 254.98666666666668, 186.12, 40.906666666666666
267, 592.3954864065475, 190.69757066666673, 254.96, 187.17333333333335, 40.52
268, 592.1290668935618, 190.9230906666667, 254.96, 187.65333333333334, 40.026666666666664
269, 591.8626473805762, 191.64898133333332, 254.98666666666668, 188.93333333333334, 39.733333333333334
270, 591.5962278675904, 191.77698266666667, 254.97333333333333, 189.18666666666667, 39.586666666666666
271, 591.3298083546048, 192.27012933333327, 254.97333333333333, 190.12, 39.10666666666667
272, 591.063388841619, 192.62734266666664, 254.97333333333333, 190.74666666666667, 39.013333333333335
273, 590.7969693286334, 192.79429466666673, 254.92, 191.13333333333333, 38.626666666666665
274, 590.5305498156476, 193.05649999999997, 255.0, 191.56, 38.52
275, 590.2641303026619, 193.3858773333334, 254.96, 192.14666666666668, 38.49333333333333
276, 589.9977107896763, 193.28029466666678, 254.92, 192.09333333333333, 37.946666666666665
277, 589.7312912766905, 194.045728, 254.98666666666668, 193.38666666666666, 37.82666666666667
278, 589.4648717637049, 193.97058933333335, 254.90666666666667, 193.41333333333333, 37.24
279, 589.1984522507191, 194.39690533333334, 254.94666666666666, 194.09333333333333, 37.373333333333335
280, 588.9320327377335, 194.5158479999999, 254.98666666666668, 194.30666666666667, 37.21333333333333
281, 588.6656132247477, 195.49191466666664, 254.98666666666668, 195.84, 37.88
282, 588.3991937117621, 195.6421026666666, 254.97333333333333, 196.14666666666668, 37.653333333333336
283, 588.1327741987764, 196.62644933333343, 254.97333333333333, 197.72, 38.18666666666667
284, 587.8663546857906, 196.75246133333337, 254.98666666666668, 198.01333333333332, 37.74666666666667
285, 587.599935172805, 197.59929999999994, 255.0, 199.4, 38.0
286, 587.3335156598193, 197.74687866666665, 254.94666666666666, 199.72, 37.78666666666667
287, 587.0670961468336, 198.54394933333325, 254.90666666666667, 201.17333333333335, 37.4
288, 586.8006766338478, 198.9827573333333, 254.96, 201.90666666666667, 37.333333333333336
289, 586.5342571208622, 199.5727426666666, 254.97333333333333, 203.02666666666667, 36.70666666666666
290, 586.2678376078765, 199.59203866666655, 254.94666666666666, 203.2, 36.053333333333335
291, 586.0014180948908, 200.2723453333333, 254.94666666666666, 204.41333333333333, 35.77333333333333
292, 585.7349985819051, 199.92628133333335, 254.92, 204.10666666666665, 34.38666666666666
293, 585.4685790689194, 200.9271720000001, 254.94666666666666, 205.82666666666665, 34.24
294, 585.2021595559337, 200.81781466666664, 254.92, 205.85333333333332, 33.21333333333333
295, 584.935740042948, 201.39452933333337, 254.97333333333333, 206.92, 32.64
296, 584.6693205299623, 201.4450493333333, 254.97333333333333, 207.12, 32.053333333333335
297, 584.4029010169766, 202.13519466666668, 254.98666666666668, 208.32, 31.893333333333334
298, 584.1364815039909, 202.20352933333336, 254.97333333333333, 208.64, 30.88
299, 583.8700619910052, 202.9142866666666, 255.0, 210.01333333333332, 29.973333333333333
300, 583.6036424780195, 202.71421466666658, 254.92, 209.93333333333334, 28.84
301, 583.3372229650338, 203.4653986666667, 254.94666666666666, 211.36, 28.013333333333332
302, 583.0708034520482, 203.13603866666668, 254.94666666666666, 211.12, 26.36
303, 582.8043839390624, 203.75324000000003, 254.93333333333334, 212.25333333333333, 25.973333333333333
304, 582.5379644260768, 203.52904266666673, 254.90666666666667, 212.32, 23.733333333333334
305, 582.271544913091, 204.47017199999985, 254.94666666666666, 213.86666666666667, 23.92
306, 582.0051254001053, 204.20626133333323, 254.98666666666668, 213.73333333333332, 22.186666666666667
307, 581.7387058871196, 204.67976933333327, 254.97333333333333, 214.64, 21.706666666666667
308, 581.4722863741339, 204.8514373333333, 254.96, 215.22666666666666, 20.226666666666667
309, 581.2058668611483, 204.9465186666667, 254.94666666666666, 215.6, 19.173333333333332
310, 580.9394473481625, 205.07287466666656, 254.98666666666668, 216.16, 17.293333333333333
311, 580.6730278351769, 205.8461399999999, 255.0, 217.6, 16.626666666666665
312, 580.4066083221911, 205.7313946666666, 254.98666666666668, 217.88, 14.213333333333333
313, 580.1401888092055, 205.66009333333338, 254.93333333333334, 218.2, 12.08
314, 579.8737692962197, 206.24099333333336, 255.0, 219.54666666666665, 10.066666666666666
315, 579.6073497832341, 206.62099600000005, 254.97333333333333, 220.37333333333333, 9.213333333333333
316, 579.3409302702484, 206.95730133333316, 254.98666666666668, 221.41333333333333, 6.773333333333333
317, 579.0745107572627, 207.45564933333333, 254.97333333333333, 222.44, 5.8933333333333335
318, 578.808091244277, 207.6492986666665, 254.88, 223.13333333333333, 4.266666666666667
319, 578.5416717312912, 208.4119146666667, 254.58666666666667, 224.6, 4.173333333333333
320, 578.2752522183056, 208.80471333333324, 254.06666666666666, 225.73333333333332, 3.1466666666666665
321, 578.0088327053198, 209.46353200000004, 253.74666666666667, 227.10666666666665, 2.6933333333333334
322, 577.7424131923342, 210.22620533333335, 253.14666666666668, 228.69333333333333, 2.7866666666666666
323, 577.4759936793484, 210.29817066666675, 252.56, 229.29333333333332, 1.8666666666666667
324, 577.2095741663628, 210.00604133333337, 249.98666666666668, 230.17333333333335, 1.52
325, 576.9431546533771, 209.67920399999994, 246.22666666666666, 231.54666666666665, 1.44
326, 576.6767351403914, 209.73439466666673, 242.72, 233.41333333333333, 1.5066666666666666
327, 576.4103156274057, 210.13815999999997, 240.26666666666668, 235.38666666666666, 1.32
328, 576.1438961144199, 210.83398799999992, 237.32, 238.0, 1.6933333333333334
329, 575.8774766014343, 211.72894, 234.6, 240.92, 1.64
330, 575.6110570884485, 212.39083333333338, 231.93333333333334, 243.32, 2.08
331, 575.3446375754629, 213.0457373333334, 230.49333333333334, 245.2, 1.92
332, 575.0782180624772, 213.2855933333333, 228.33333333333334, 246.68, 2.066666666666667
333, 574.8117985494915, 213.96880933333338, 227.50666666666666, 248.29333333333332, 1.92
334, 574.5453790365058, 214.31390266666665, 225.64, 249.73333333333332, 2.4266666666666667
335, 574.2789595235201, 214.281332, 223.74666666666667, 250.70666666666668, 2.0933333333333333
336, 574.0125400105344, 213.81434266666656, 220.84, 251.45333333333335, 1.7733333333333334
337, 573.7461204975486, 213.71226933333327, 218.24, 252.62666666666667, 1.6533333333333333
338, 573.479700984563, 213.23585200000002, 215.48, 253.28, 1.3466666666666667
339, 573.2132814715774, 213.1121973333333, 214.16, 253.74666666666667, 1.32
340, 572.9468619585916, 212.06455599999995, 210.97333333333333, 253.69333333333333, 0.76
341, 572.6804424456059, 211.87816933333337, 208.97333333333333, 254.2, 1.76
342, 572.4140229326202, 210.94225866666667, 205.41333333333333, 254.58666666666667, 0.8933333333333333
343, 572.1476034196345, 210.6872013333334, 203.98666666666668, 254.65333333333334, 2.0533333333333332
344, 571.8811839066489, 209.59506666666672, 200.4, 254.81333333333333, 1.0533333333333332
345, 571.6147643936631, 208.87677866666664, 198.08, 254.69333333333333, 1.4533333333333334
346, 571.3483448806775, 207.88994400000004, 194.96, 254.72, 0.84
347, 571.0819253676917, 207.5030053333333, 193.54666666666665, 254.57333333333332, 1.9066666666666667
348, 570.8155058547061, 206.29441600000018, 189.97333333333333, 254.53333333333333, 0.88
349, 570.5490863417203, 205.9713453333334, 188.54666666666665, 254.53333333333333, 1.7866666666666666
350, 570.2826668287346, 204.62891599999995, 184.30666666666667, 254.58666666666667, 0.8533333333333334
351, 570.016247315749, 203.80232133333345, 181.58666666666667, 254.41333333333333, 1.6266666666666667
352, 569.7498278027632, 202.82657333333333, 177.86666666666667, 254.73333333333332, 1.1733333333333333
353, 569.4834082897776, 201.55961600000003, 173.44, 254.64, 2.1466666666666665
354, 569.2169887767918, 200.30451466666662, 169.38666666666666, 254.76, 1.1466666666666667
355, 568.9505692638062, 198.80994400000003, 165.49333333333334, 254.25333333333333, 0.8533333333333334
356, 568.6841497508204, 197.02361733333328, 159.82666666666665, 254.17333333333335, 0.4533333333333333
357, 568.4177302378348, 195.16073866666665, 153.81333333333333, 253.98666666666668, 0.84
358, 568.151310724849, 193.74327066666672, 148.09333333333333, 254.54666666666665, 0.52
359, 567.8848912118633, 191.93717200000003, 142.41333333333333, 254.25333333333333, 1.08
360, 567.6184716988777, 189.96025066666675, 136.02666666666667, 254.28, 0.3466666666666667
361, 567.3520521858919, 188.25965600000006, 130.24, 254.2, 1.0133333333333334
362, 567.0856326729063, 186.803264, 124.96, 254.48, 0.64
363, 566.8192131599205, 185.30932800000008, 119.52, 254.56, 1.3866666666666667
364, 566.5527936469349, 183.41630400000003, 113.49333333333334, 254.53333333333333, 0.72
365, 566.2863741339492, 181.74254133333332, 107.92, 254.42666666666668, 1.2
366, 566.0199546209635, 179.79489466666664, 101.72, 254.41333333333333, 0.44
367, 565.7535351079778, 178.20677466666663, 96.38666666666667, 254.32, 0.9733333333333334
368, 565.4871155949921, 176.3613826666666, 90.17333333333333, 254.38666666666666, 0.7333333333333333
369, 565.2206960820064, 174.78546000000003, 84.73333333333333, 254.29333333333332, 1.6533333333333333
370, 564.9542765690207, 172.99052666666668, 78.46666666666667, 254.6, 0.76
371, 564.687857056035, 171.28868000000006, 72.93333333333334, 254.37333333333333, 1.5066666666666666
372, 564.4214375430493, 169.09985999999998, 66.2, 254.2, 0.8533333333333334
373, 564.1550180300636, 167.41023466666667, 60.18666666666667, 254.28, 1.3866666666666667
374, 563.8885985170779, 165.36017733333335, 53.42666666666667, 254.33333333333334, 0.8533333333333334
375, 563.6221790040922, 163.1207506666667, 46.36, 254.09333333333333, 0.9733333333333334
376, 563.3557594911065, 160.897268, 39.053333333333335, 254.09333333333333, 0.6266666666666667
377, 563.0893399781208, 158.07093333333327, 30.8, 253.42666666666668, 0.9066666666666666
378, 562.8229204651351, 156.3585293333333, 24.173333333333332, 253.92, 0.72
379, 562.5565009521495, 155.39929066666667, 19.493333333333332, 254.38666666666666, 2.1733333333333333
380, 562.2900814391637, 153.15143599999993, 12.973333333333333, 254.05333333333334, 1.2666666666666666
381, 562.023661926178, 151.09578133333332, 7.386666666666667, 253.53333333333333, 0.56
382, 561.7572424131923, 150.65093200000007, 4.28, 254.36, 0.5466666666666666
383, 561.4908229002066, 150.28090400000002, 2.56, 254.52, 0.9866666666666667
384, 561.224403387221, 149.91822133333332, 1.2533333333333334, 254.64, 0.6133333333333333
385, 560.9579838742352, 150.0850973333334, 1.4266666666666667, 254.61333333333334, 1.76
386, 560.6915643612496, 150.04286000000005, 1.1333333333333333, 254.69333333333333, 1.7466666666666666
387, 560.4251448482638, 150.28556933333337, 1.64, 254.78666666666666, 2.066666666666667
388, 560.1587253352782, 150.06960666666674, 1.1333333333333333, 254.74666666666667, 1.7066666666666668
389, 559.8923058222924, 150.19249200000004, 1.3466666666666667, 254.82666666666665, 1.8133333333333332
390, 559.6258863093067, 150.01319866666677, 0.9466666666666667, 254.8, 1.4266666666666667
391, 559.359466796321, 149.97712666666678, 0.8666666666666667, 254.8, 1.32
392, 559.0930472833353, 150.08499466666677, 1.12, 254.81333333333333, 1.5333333333333334
393, 558.8266277703497, 150.0307800000001, 0.8666666666666667, 254.82666666666665, 1.6533333333333333
394, 558.5602082573639, 149.98803200000017, 0.88, 254.76, 1.5866666666666667
395, 558.2937887443783, 150.08468266666685, 0.9066666666666666, 254.88, 1.7466666666666666
396, 558.0273692313925, 149.92601466666673, 0.7866666666666666, 254.72, 1.4933333333333334
397, 557.7609497184069, 150.12153600000005, 1.1733333333333333, 254.77333333333334, 1.92
398, 557.4945302054211, 149.8366146666668, 0.6533333333333333, 254.66666666666666, 1.3333333333333333
399, 557.2281106924355, 149.98803200000012, 0.88, 254.76, 1.5866666666666667
400, 556.9616911794498, 149.8968240000001, 0.6933333333333334, 254.73333333333332, 1.4133333333333333
401, 556.6952716664641, 150.16066933333337, 1.1733333333333333, 254.84, 1.92
402, 556.4288521534784, 149.9403533333334, 0.8666666666666667, 254.69333333333333, 1.5466666666666666
403, 556.1624326404926, 150.0806160000001, 1.04, 254.8, 1.7733333333333334
404, 555.896013127507, 149.97527466666676, 0.8533333333333334, 254.74666666666667, 1.6133333333333333
405, 555.6295936145212, 149.91449066666675, 0.8266666666666667, 254.68, 1.4933333333333334
406, 555.3631741015356, 150.02845866666675, 0.88, 254.81333333333333, 1.6666666666666667
407, 555.0967545885499, 150.18624400000007, 1.16, 254.88, 1.9733333333333334
408, 554.8303350755642, 150.1692146666667, 1.1866666666666668, 254.84, 1.96
409, 554.5639155625785, 149.98542266666675, 0.84, 254.77333333333334, 1.6
410, 554.2974960495928, 150.0244733333335, 0.8666666666666667, 254.81333333333333, 1.6666666666666667
411, 554.0310765366071, 150.0903120000001, 1.1466666666666667, 254.74666666666667, 1.8533333333333333
412, 553.7646570236213, 149.84645466666674, 0.7866666666666666, 254.6, 1.4133333333333333
413, 553.4982375106357, 150.01325866666681, 0.88, 254.81333333333333, 1.5333333333333334
414, 553.23181799765, 149.9241466666668, 0.8, 254.73333333333332, 1.3733333333333333
415, 552.9653984846643, 150.18445866666679, 1.1466666666666667, 254.92, 1.7866666666666666
416, 552.6989789716786, 149.97223600000007, 0.9733333333333334, 254.69333333333333, 1.5466666666666666
417, 552.4325594586929, 150.05058400000013, 0.8266666666666667, 254.90666666666667, 1.52
418, 552.1661399457072, 150.0110200000001, 0.8666666666666667, 254.82666666666665, 1.48
419, 551.8997204327216, 149.9892866666668, 0.8666666666666667, 254.8, 1.4266666666666667
420, 551.6333009197358, 149.92199066666677, 0.76, 254.77333333333334, 1.2533333333333334
421, 551.36688140675, 150.28530266666667, 1.5066666666666666, 254.88, 1.9333333333333333
422, 551.1004618937644, 150.02451999999997, 1.0666666666666667, 254.78666666666666, 1.28
423, 550.8340423807788, 150.14267866666663, 1.2133333333333334, 254.86666666666667, 1.52
424, 550.567622867793, 150.02033066666675, 1.0933333333333333, 254.78666666666666, 1.1733333333333333
425, 550.3012033548073, 150.06921866666667, 1.0133333333333334, 254.86666666666667, 1.4
426, 550.0347838418216, 149.9574853333334, 0.6133333333333333, 254.88, 1.4
427, 549.7683643288359, 150.2798106666667, 1.2266666666666666, 254.92, 2.4133333333333336
428, 549.5019448158503, 150.21293999999995, 1.1333333333333333, 254.77333333333334, 2.8266666666666667
429, 549.2355253028645, 150.4926733333333, 1.4, 254.82666666666665, 4.306666666666667
430, 548.9691057898789, 150.2470613333334, 0.8533333333333334, 254.64, 4.546666666666667
431, 548.7026862768931, 150.52622000000002, 1.1333333333333333, 254.69333333333333, 5.986666666666666
432, 548.4362667639075, 150.81058000000004, 1.4, 254.84, 7.026666666666666
433, 548.1698472509217, 150.8831226666666, 1.1733333333333333, 254.86666666666667, 8.12
434, 547.903427737936, 150.73796800000005, 0.9866666666666667, 254.70666666666668, 8.16
435, 547.6370082249504, 151.0491973333333, 1.36, 254.82666666666665, 9.293333333333333
436, 547.3705887119646, 151.28753466666663, 1.4533333333333334, 254.86666666666667, 10.933333333333334
437, 547.104169198979, 151.73211733333332, 1.6266666666666667, 254.81333333333333, 14.653333333333334
438, 546.8377496859932, 151.92583066666668, 1.56, 254.77333333333334, 16.733333333333334
439, 546.5713301730076, 152.3742906666667, 1.8933333333333333, 254.90666666666667, 19.106666666666666
440, 546.3049106600218, 152.30297333333334, 1.6, 254.70666666666668, 20.28
441, 546.0384911470362, 152.7250106666667, 1.76, 254.81333333333333, 23.013333333333332
442, 545.7720716340505, 152.738428, 1.5866666666666667, 254.62666666666667, 24.546666666666667
443, 545.5056521210647, 153.25407466666667, 1.6533333333333333, 254.90666666666667, 27.453333333333333
444, 545.2392326080791, 153.4617426666667, 1.9066666666666667, 254.8, 29.16
445, 544.9728130950933, 153.64014933333334, 1.7066666666666668, 254.77333333333334, 31.386666666666667
446, 544.7063935821077, 153.74759199999997, 1.5466666666666666, 254.78666666666666, 32.68
447, 544.439974069122, 154.00029733333338, 1.4266666666666667, 254.77333333333334, 35.28
448, 544.1735545561363, 154.12316800000008, 1.3866666666666667, 254.74666666666667, 36.6
449, 543.9071350431506, 154.44444800000005, 1.52, 254.76, 39.0
450, 543.6407155301649, 154.476852, 1.3466666666666667, 254.70666666666668, 40.013333333333335
451, 543.3742960171792, 154.77449333333334, 1.6, 254.70666666666668, 41.96
452, 543.1078765041935, 154.86498799999995, 1.32, 254.76, 43.21333333333333
453, 542.8414569912078, 155.31670800000003, 1.5866666666666667, 254.82666666666665, 46.13333333333333
454, 542.5750374782222, 155.1587893333334, 1.3066666666666666, 254.57333333333332, 46.78666666666667
455, 542.3086179652364, 155.65229466666662, 1.4533333333333334, 254.82666666666665, 49.42666666666667
456, 542.0421984522507, 155.81535066666663, 1.56, 254.85333333333332, 50.44
457, 541.775778939265, 156.34827466666664, 2.0533333333333332, 254.90666666666667, 53.54666666666667
458, 541.5093594262793, 156.17979733333337, 1.6266666666666667, 254.73333333333332, 54.08
459, 541.2429399132936, 156.38188399999993, 1.0266666666666666, 254.90666666666667, 56.53333333333333
460, 540.9765204003079, 156.32010266666666, 0.84, 254.73333333333332, 57.373333333333335
461, 540.7101008873223, 156.7873546666666, 1.12, 254.85333333333332, 60.12
462, 540.4436813743365, 156.9831946666667, 1.3866666666666667, 254.8, 61.413333333333334
463, 540.1772618613509, 157.34972666666664, 1.5333333333333334, 254.82666666666665, 64.10666666666667
464, 539.9108423483651, 157.51064, 1.3333333333333333, 254.93333333333334, 65.49333333333334
465, 539.6444228353794, 157.60488266666667, 1.1733333333333333, 254.70666666666668, 67.90666666666667
466, 539.3780033223937, 157.74595600000006, 1.24, 254.68, 69.10666666666667
467, 539.111583809408, 158.24885466666663, 1.5866666666666667, 254.92, 71.37333333333333
468, 538.8451642964224, 158.35013600000005, 1.5733333333333333, 254.85333333333332, 72.64
469, 538.5787447834366, 158.74094933333342, 1.7066666666666668, 254.93333333333334, 75.30666666666667
470, 538.312325270451, 158.88172933333334, 1.7733333333333334, 254.8, 77.05333333333333
471, 538.0459057574652, 159.09442133333323, 1.52, 254.86666666666667, 79.24
472, 537.7794862444796, 159.33709466666664, 1.8533333333333333, 254.78666666666666, 80.90666666666667
473, 537.5130667314938, 159.44676933333338, 1.64, 254.70666666666668, 82.84
474, 537.2466472185081, 159.841212, 2.013333333333333, 254.89333333333335, 84.36
475, 536.9802277055225, 160.07766933333332, 2.1066666666666665, 254.73333333333332, 87.01333333333334
476, 536.7138081925368, 160.17399866666662, 2.1466666666666665, 254.6, 88.44
477, 536.4473886795511, 160.21055466666667, 1.12, 254.77333333333334, 90.56
478, 536.1809691665653, 160.18905733333335, 1.0266666666666666, 254.61333333333334, 91.44
479, 535.9145496535797, 160.6731506666667, 1.2933333333333332, 254.70666666666668, 94.50666666666666
480, 535.6481301405939, 160.6775373333333, 1.16, 254.62666666666667, 95.30666666666667
481, 535.3817106276083, 160.97404266666666, 1.1733333333333333, 254.66666666666666, 97.66666666666667
482, 535.1152911146226, 161.33021466666665, 1.5866666666666667, 254.76, 99.22666666666667
483, 534.8488716016368, 161.60381333333342, 1.4666666666666666, 254.81333333333333, 101.66666666666667
484, 534.5824520886512, 161.84597200000007, 1.7466666666666666, 254.74666666666667, 103.4
485, 534.3160325756655, 161.93530133333334, 1.12, 254.74666666666667, 105.82666666666667
486, 534.0496130626798, 162.14065200000005, 1.2133333333333334, 254.81333333333333, 107.04
487, 533.783193549694, 162.28633866666655, 1.1466666666666667, 254.72, 108.97333333333333
488, 533.5167740367084, 162.64754666666664, 1.6, 254.85333333333332, 110.26666666666667
489, 533.2503545237226, 162.9452013333333, 1.5866666666666667, 254.89333333333335, 112.70666666666666
490, 532.983935010737, 162.89720666666665, 1.5333333333333334, 254.70666666666668, 113.38666666666667
491, 532.7175154977513, 163.18692666666672, 1.2666666666666666, 254.8, 116.14666666666666
492, 532.4510959847656, 163.1798946666667, 1.1866666666666668, 254.72, 116.70666666666666
493, 532.1846764717799, 163.50191333333328, 1.1333333333333333, 254.84, 119.05333333333333
494, 531.9182569587942, 163.611028, 1.1866666666666668, 254.86666666666667, 119.73333333333333
495, 531.6518374458085, 163.83321200000003, 1.08, 254.88, 121.89333333333333
496, 531.3854179328227, 163.91678933333336, 1.04, 254.86666666666667, 122.8
497, 531.1189984198371, 164.34075600000003, 1.24, 254.92, 125.72
498, 530.8525789068515, 164.4188906666667, 1.36, 254.81333333333333, 126.64
499, 530.5861593938657, 164.53672400000002, 1.16, 254.8, 128.26666666666668
500, 530.31973988088, 164.51933866666673, 1.0133333333333334, 254.74666666666667, 128.77333333333334
501, 530.0533203678943, 164.99507600000004, 1.3733333333333333, 254.85333333333332, 131.45333333333335
502, 529.7869008549086, 165.053164, 1.56, 254.72, 132.16
503, 529.520481341923, 165.32079600000006, 1.64, 254.84, 133.68
504, 529.2540618289372, 165.29809600000002, 1.7066666666666668, 254.74666666666667, 133.78666666666666
505, 528.9876423159515, 165.44335866666665, 1.7466666666666666, 254.72, 135.09333333333333
506, 528.7212228029658, 165.3420853333334, 1.5466666666666666, 254.69333333333333, 134.86666666666667
507, 528.4548032899802, 165.71665600000003, 1.84, 254.76, 137.04
508, 528.1883837769944, 165.6756306666667, 1.6933333333333334, 254.74666666666667, 137.13333333333333
509, 527.9219642640087, 165.77002533333334, 1.2133333333333334, 254.88, 138.53333333333333
510, 527.6555447510231, 165.76260933333333, 1.3733333333333333, 254.76, 138.66666666666666
511, 527.3891252380373, 166.00134, 1.5333333333333334, 254.81333333333333, 140.06666666666666
512, 527.1227057250517, 166.12126, 1.5333333333333334, 254.89333333333335, 140.70666666666668
513, 526.8562862120659, 166.41963600000008, 1.7733333333333334, 254.81333333333333, 143.10666666666665
514, 526.5898666990803, 166.61044666666675, 2.066666666666667, 254.8, 144.08
515, 526.3234471860945, 166.74515200000002, 2.08, 254.8, 145.22666666666666
516, 526.0570276731089, 166.79950133333338, 2.0533333333333332, 254.8, 145.77333333333334
517, 525.7906081601232, 166.80578266666672, 1.3733333333333333, 254.78666666666666, 147.68
518, 525.5241886471374, 166.73615866666665, 1.2133333333333334, 254.66666666666666, 148.10666666666665
519, 525.2577691341518, 167.19596266666665, 1.7066666666666668, 254.8, 150.16
520, 524.991349621166, 167.00290133333337, 1.3866666666666667, 254.61333333333334, 150.26666666666668
521, 524.7249301081804, 167.41974266666668, 1.5066666666666666, 254.76, 152.85333333333332
522, 524.4585105951946, 167.37534533333334, 1.3466666666666667, 254.69333333333333, 153.22666666666666
523, 524.192091082209, 167.73446266666667, 1.7733333333333334, 254.54666666666665, 156.01333333333332
524, 523.9256715692233, 167.73137333333338, 1.3333333333333333, 254.68, 156.45333333333335
525, 523.6592520562376, 168.263888, 1.7866666666666666, 254.78666666666666, 159.38666666666666
526, 523.3928325432519, 168.0154413333333, 1.32, 254.54666666666665, 159.66666666666666
527, 523.1264130302661, 168.40053866666665, 1.4133333333333333, 254.54666666666665, 162.8
528, 522.8599935172805, 168.57374533333328, 1.7466666666666666, 254.49333333333334, 163.72
529, 522.5935740042949, 168.6254506666667, 1.6266666666666667, 254.28, 165.58666666666667
530, 522.3271544913091, 169.08854933333328, 2.1066666666666665, 254.57333333333332, 166.88
531, 522.0607349783234, 169.22357466666668, 2.12, 254.41333333333333, 168.85333333333332
532, 521.7943154653377, 168.92268666666666, 1.8, 254.05333333333334, 168.90666666666667
533, 521.527895952352, 169.40659333333335, 1.6666666666666667, 254.37333333333333, 171.85333333333332
534, 521.2614764393663, 169.31673466666666, 1.5866666666666667, 254.16, 172.37333333333333
535, 520.9950569263806, 168.53876666666662, 1.6666666666666667, 252.68, 172.96
536, 520.7286374133948, 168.71447733333332, 1.4933333333333334, 252.92, 173.72
537, 520.4622179004092, 169.26560533333333, 2.2133333333333334, 252.92, 176.66666666666666
538, 520.1957983874236, 169.03655199999992, 2.08, 252.52, 177.06666666666666
539, 519.9293788744378, 169.329728, 2.453333333333333, 252.29333333333332, 179.82666666666665
540, 519.6629593614521, 168.66830266666665, 1.9066666666666667, 251.52, 179.44
541, 519.3965398484664, 168.48068933333332, 2.04, 250.74666666666667, 181.42666666666668
542, 519.1301203354807, 167.80418933333337, 1.84, 249.78666666666666, 180.96
543, 518.863700822495, 168.05215066666673, 2.0933333333333333, 249.54666666666665, 183.70666666666668
544, 518.5972813095093, 167.42735066666668, 1.6933333333333334, 248.70666666666668, 183.6
545, 518.3308617965237, 167.2638333333333, 2.066666666666667, 247.81333333333333, 185.78666666666666
546, 518.0644422835379, 165.99269200000006, 1.08, 246.36, 184.70666666666668
547, 517.7980227705523, 166.63468533333327, 1.9466666666666668, 246.53333333333333, 187.17333333333335
548, 517.5316032575665, 166.08153066666662, 1.6266666666666667, 245.64, 187.76
549, 517.2651837445808, 165.81743733333337, 1.8933333333333333, 244.64, 189.89333333333335
550, 516.9987642315951, 165.0909453333333, 1.48, 243.50666666666666, 190.44
551, 516.7323447186095, 164.54754533333337, 1.6133333333333333, 242.28, 191.64
552, 516.4659252056238, 164.44940666666665, 1.5333333333333334, 242.02666666666667, 192.29333333333332
553, 516.199505692638, 163.77270266666667, 1.5066666666666666, 240.6, 193.77333333333334
554, 515.9330861796524, 162.83608933333335, 0.9733333333333334, 239.32, 193.54666666666665
555, 515.6666666666666, 162.76998400000005, 1.76, 238.32, 196.05333333333334
556, 515.400247153681, 161.95588933333337, 1.24, 237.30666666666667, 195.49333333333334
557, 515.1338276406952, 161.9558413333333, 1.5866666666666667, 236.57333333333332, 198.36
558, 514.8674081277095, 161.53505066666668, 1.36, 236.01333333333332, 198.14666666666668
559, 514.6009886147239, 160.7716173333333, 1.8266666666666667, 234.13333333333333, 199.90666666666667
560, 514.3345691017382, 160.490944, 1.6266666666666667, 233.74666666666667, 199.96
561, 514.0681495887525, 160.2069866666667, 2.0, 232.65333333333334, 202.12
562, 513.8017300757667, 159.81458266666667, 1.64, 232.17333333333335, 202.09333333333333
563, 513.5353105627811, 158.93751199999997, 1.4133333333333333, 230.61333333333334, 203.02666666666667
564, 513.2688910497953, 158.9871586666666, 1.48, 230.57333333333332, 203.49333333333334
565, 513.0024715368097, 158.97404666666665, 1.5333333333333334, 230.02666666666667, 206.05333333333334
566, 512.736052023824, 158.81966799999992, 1.4533333333333334, 229.77333333333334, 206.21333333333334
567, 512.4696325108383, 159.26663866666664, 2.013333333333333, 229.94666666666666, 207.77333333333334
568, 512.2032129978526, 158.89102133333336, 1.6533333333333333, 229.56, 207.41333333333333
569, 511.9367934848669, 158.06863200000004, 1.4133333333333333, 228.05333333333334, 208.58666666666667
570, 511.6703739718812, 157.77697066666667, 1.2266666666666666, 227.68, 208.44
571, 511.4039544588955, 157.599156, 1.7733333333333334, 226.65333333333334, 210.73333333333332
572, 511.1375349459098, 156.41480533333336, 0.88, 225.26666666666668, 209.82666666666665
573, 510.87111543292406, 156.2424133333333, 1.4666666666666666, 224.21333333333334, 212.2
574, 510.6046959199384, 156.07827866666665, 1.3466666666666667, 224.0, 212.17333333333335
575, 510.3382764069527, 155.76381866666662, 1.9466666666666668, 222.76, 214.22666666666666
576, 510.07185689396704, 154.76722666666674, 1.2, 221.61333333333334, 213.34666666666666
577, 509.8054373809813, 155.07109200000005, 2.013333333333333, 221.25333333333333, 215.73333333333332
578, 509.5390178679956, 154.03183466666673, 1.2533333333333334, 220.06666666666666, 214.72
579, 509.2725983550099, 154.23149866666668, 1.9466666666666668, 219.8, 216.02666666666667
580, 509.0061788420242, 154.04525866666657, 1.68, 219.61333333333334, 216.05333333333334
581, 508.7397593290385, 153.8666626666666, 1.5066666666666666, 219.04, 217.89333333333335
582, 508.4733398160528, 153.3452573333333, 1.16, 218.42666666666668, 217.38666666666666
583, 508.20692030306714, 153.6460866666667, 1.8, 218.25333333333333, 219.24
584, 507.9405007900814, 153.69308533333333, 1.8133333333333332, 218.28, 219.48
585, 507.67408127709575, 153.34463866666664, 2.4133333333333336, 217.18666666666667, 220.48
586, 507.40766176411, 152.28089599999998, 1.7066666666666668, 215.94666666666666, 219.38666666666666
587, 507.14124225112437, 151.86175466666668, 1.7866666666666666, 214.92, 220.78666666666666
588, 506.8748227381386, 151.7050133333334, 1.4666666666666666, 214.81333333333333, 220.8
589, 506.6084032251529, 152.54591999999997, 2.533333333333333, 215.21333333333334, 223.32
590, 506.34198371216723, 151.51116, 1.6, 214.12, 222.32
591, 506.07556419918154, 151.113624, 1.6266666666666667, 213.06666666666666, 224.18666666666667
592, 505.80914468619585, 150.87695333333332, 1.4, 212.78666666666666, 224.14666666666668
593, 505.54272517321016, 150.05482933333332, 1.1733333333333333, 211.24, 225.49333333333334
594, 505.27630566022447, 149.93155333333334, 1.1333333333333333, 211.04, 225.54666666666665
595, 505.0098861472387, 150.21147599999998, 1.5066666666666666, 211.10666666666665, 226.68
596, 504.7434666342531, 149.70205999999988, 1.2666666666666666, 210.30666666666667, 226.96
597, 504.47704712126733, 148.86306933333344, 1.3066666666666666, 208.53333333333333, 228.62666666666667
598, 504.2106276082817, 148.47953866666668, 1.1466666666666667, 207.92, 228.84
599, 503.94420809529595, 147.95224266666673, 1.04, 206.85333333333332, 229.98666666666668
600, 503.67778858231026, 147.39038933333336, 0.7733333333333333, 206.12, 229.53333333333333
601, 503.41136906932456, 147.75267066666666, 1.4266666666666667, 205.84, 232.44
602, 503.1449495563389, 147.48799866666675, 1.2133333333333334, 205.46666666666667, 232.6
603, 502.8785300433532, 147.49570666666668, 2.1333333333333333, 204.58666666666667, 234.78666666666666
604, 502.6121105303675, 146.9418, 1.7333333333333334, 203.89333333333335, 234.54666666666665
605, 502.3456910173818, 145.873092, 1.48, 202.08, 235.17333333333335
606, 502.07927150439605, 144.7711413333333, 0.9866666666666667, 200.65333333333334, 234.14666666666668
607, 501.8128519914104, 145.01732133333326, 1.5866666666666667, 200.29333333333332, 236.58666666666667
608, 501.54643247842466, 145.39753466666664, 1.72, 200.73333333333332, 237.30666666666667
609, 501.280012965439, 144.85353466666663, 1.5866666666666667, 199.6, 238.72
610, 501.0135934524533, 144.39726933333324, 1.3066666666666666, 199.05333333333334, 238.26666666666668
611, 500.7471739394676, 143.88812133333323, 1.32, 198.10666666666665, 238.64
612, 500.4807544264819, 143.75009333333335, 1.3333333333333333, 197.8, 238.97333333333333
613, 500.2143349134962, 144.3070933333333, 1.7333333333333334, 197.96, 241.98666666666668
614, 499.9479154005105, 143.71904400000003, 1.2933333333333332, 197.21333333333334, 241.82666666666665
615, 499.68149588752476, 143.77577066666655, 1.8933333333333333, 196.70666666666668, 243.36
616, 499.4150763745391, 142.79986399999999, 1.36, 195.44, 242.72
617, 499.1486568615534, 142.65996933333338, 1.64, 194.62666666666667, 244.94666666666666
618, 498.88223734856774, 141.9456066666667, 1.4, 193.57333333333332, 244.73333333333332
619, 498.615817835582, 141.7776346666666, 1.7866666666666666, 192.72, 246.64
620, 498.34939832259636, 141.13352133333328, 1.32, 191.82666666666665, 246.81333333333333
621, 498.0829788096106, 141.02025333333327, 1.7333333333333334, 191.04, 248.78666666666666
622, 497.8165592966249, 141.18742266666666, 1.9066666666666667, 191.12, 249.38666666666666
623, 497.5501397836392, 141.03475466666671, 2.1866666666666665, 190.36, 251.22666666666666
624, 497.28372027065353, 139.73961466666668, 1.32, 188.69333333333333, 250.72
625, 497.01730075766784, 138.68313066666673, 1.36, 186.73333333333332, 251.44
626, 496.7508812446821, 138.922328, 1.6533333333333333, 186.97333333333333, 251.53333333333333
627, 496.48446173169646, 138.6874666666667, 2.1333333333333333, 186.26666666666668, 251.85333333333332
628, 496.2180422187107, 136.69400266666673, 0.9066666666666666, 183.56, 251.52
629, 495.9516227057251, 135.4865079999999, 1.0533333333333332, 181.21333333333334, 252.62666666666667
630, 495.6852031927393, 134.92482133333334, 1.3866666666666667, 180.13333333333333, 252.38666666666666
631, 495.41878367975363, 134.53872533333333, 1.68, 179.26666666666668, 252.69333333333333
632, 495.15236416676794, 133.81713199999993, 1.3466666666666667, 178.26666666666668, 252.38666666666666
633, 494.88594465378225, 132.98053333333328, 1.2, 176.78666666666666, 253.05333333333334
634, 494.61952514079655, 132.7385413333333, 1.12, 176.38666666666666, 253.2
635, 494.35310562781086, 133.37229466666662, 2.52, 176.53333333333333, 254.33333333333334
636, 494.08668611482517, 132.68818399999998, 1.8933333333333333, 175.65333333333334, 254.50666666666666
637, 493.8202666018394, 131.56033999999997, 1.6666666666666667, 173.82666666666665, 254.61333333333334
638, 493.5538470888538, 130.619248, 0.9866666666666667, 172.62666666666667, 254.32
639, 493.28742757586804, 130.47822533333334, 1.6133333333333333, 172.0, 254.66666666666666
640, 493.0210080628824, 130.17565066666666, 1.2266666666666666, 171.64, 254.88
641, 492.75458854989665, 129.47615999999996, 1.3333333333333333, 170.37333333333333, 254.98666666666668
642, 492.48816903691096, 128.85382533333336, 0.9466666666666667, 169.53333333333333, 254.86666666666667
643, 492.22174952392527, 128.37699866666668, 1.2133333333333334, 168.62666666666667, 254.65333333333334
644, 491.9553300109396, 127.72849199999995, 0.8133333333333334, 167.73333333333332, 254.61333333333334
645, 491.6889104979539, 127.37935600000004, 1.5066666666666666, 166.74666666666667, 254.81333333333333
646, 491.4224909849682, 127.07296533333339, 1.4133333333333333, 166.28, 254.77333333333334
647, 491.1560714719825, 126.30792933333335, 2.3066666666666666, 164.49333333333334, 254.92
648, 490.88965195899675, 124.62005333333337, 1.0666666666666667, 162.29333333333332, 254.69333333333333
649, 490.6232324460111, 122.7229386666666, 1.1466666666666667, 159.0, 254.8
650, 490.35681293302537, 121.36436399999998, 0.49333333333333335, 157.09333333333333, 254.41333333333333
651, 490.09039342003973, 120.64575066666667, 1.2933333333333332, 155.38666666666666, 254.8
652, 489.823973907054, 119.80681733333331, 0.8933333333333333, 154.2, 254.6
653, 489.5575543940683, 119.14705733333338, 1.56, 152.66666666666666, 254.96
654, 489.2911348810826, 118.47458133333333, 1.3866666666666667, 151.65333333333334, 254.73333333333332
655, 489.0247153680969, 117.07344400000004, 1.56, 149.16, 254.82666666666665
656, 488.7582958551112, 115.71489066666672, 0.8266666666666667, 147.32, 254.30666666666667
657, 488.4918763421255, 115.51758133333338, 1.7866666666666666, 146.37333333333333, 254.93333333333334
658, 488.22545682913983, 114.01654133333332, 0.72, 144.42666666666668, 254.58666666666667
659, 487.9590373161541, 113.62268533333331, 1.5466666666666666, 143.29333333333332, 254.8
660, 487.69261780316845, 112.82779199999995, 1.0133333333333334, 142.21333333333334, 254.78666666666666
661, 487.4261982901827, 112.55351333333327, 1.8, 141.30666666666667, 254.98666666666668
662, 487.15977877719706, 111.10898799999998, 1.0533333333333332, 139.29333333333332, 254.64
663, 486.8933592642113, 109.64842266666665, 1.3733333333333333, 136.62666666666667, 254.72
664, 486.6269397512256, 108.18302799999996, 0.7866666666666666, 134.50666666666666, 254.32
665, 486.3605202382399, 107.62417199999996, 1.7466666666666666, 132.94666666666666, 254.93333333333334
666, 486.09410072525424, 106.24688133333333, 1.0533333333333332, 131.0, 254.69333333333333
667, 485.82768121226854, 104.96908133333335, 1.32, 128.66666666666666, 254.8
668, 485.5612616992828, 104.27349733333334, 1.2933333333333332, 127.56, 254.46666666666667
669, 485.29484218629716, 103.33394400000002, 1.36, 125.84, 254.90666666666667
670, 485.0284226733114, 101.783772, 0.8133333333333334, 123.57333333333334, 254.41333333333333
671, 484.7620031603258, 100.79095733333334, 1.36, 121.54666666666667, 254.70666666666668
672, 484.49558364734, 99.201796, 1.3733333333333333, 118.85333333333334, 254.6
673, 484.22916413435433, 96.95231866666668, 1.2133333333333334, 115.14666666666666, 254.37333333333333
674, 483.96274462136864, 95.199968, 1.12, 112.24, 254.21333333333334
675, 483.69632510838295, 93.30772399999996, 1.2933333333333332, 108.93333333333334, 254.18666666666667
676, 483.42990559539726, 91.3652693333333, 0.9066666666666666, 105.81333333333333, 254.22666666666666
677, 483.16348608241157, 89.5267386666667, 1.0133333333333334, 102.54666666666667, 254.64
678, 482.8970665694259, 87.63316133333336, 1.0533333333333332, 99.36, 254.33333333333334
679, 482.6306470564401, 86.74883333333331, 1.8, 97.42666666666666, 254.57333333333332
680, 482.3642275434545, 84.66730799999993, 1.5866666666666667, 93.98666666666666, 254.58666666666667
681, 482.09780803046874, 82.00192533333335, 1.1466666666666667, 89.69333333333333, 254.46666666666667
682, 481.8313885174831, 79.66251733333333, 0.8266666666666667, 86.01333333333334, 253.73333333333332
683, 481.56496900449736, 77.8926786666667, 0.8133333333333334, 82.90666666666667, 254.24
684, 481.29854949151166, 77.47166399999999, 1.36, 81.88, 254.4
685, 481.032129978526, 76.37909333333332, 2.0, 79.58666666666667, 254.94666666666666
686, 480.7657104655403, 74.10652399999994, 1.4266666666666667, 76.06666666666666, 254.64
687, 480.4992909525546, 71.32551066666662, 1.0266666666666666, 71.6, 254.29333333333332
688, 480.2328714395689, 68.49899066666666, 0.6266666666666667, 66.96, 254.44
689, 479.9664519265832, 66.20247333333336, 1.2666666666666666, 62.693333333333335, 254.58666666666667
690, 479.70003241359746, 63.379578666666625, 1.28, 57.973333333333336, 254.09333333333333
691, 479.4336129006118, 61.097577333333334, 1.0266666666666666, 54.17333333333333, 254.30666666666667
692, 479.16719338762607, 58.72417066666667, 1.2266666666666666, 50.08, 254.04
693, 478.90077387464044, 57.23223333333336, 1.6666666666666667, 47.21333333333333, 254.56
694, 478.6343543616547, 55.811788, 1.72, 44.8, 254.38666666666666
695, 478.367934848669, 53.67252000000001, 1.6, 41.24, 254.26666666666668
696, 478.1015153356833, 51.56061066666669, 0.8266666666666667, 38.08, 254.04
697, 477.8350958226976, 50.27150933333333, 1.3066666666666666, 35.53333333333333, 254.58666666666667
698, 477.5686763097119, 47.72005866666663, 1.1466666666666667, 31.32, 254.32
699, 477.3022567967262, 45.78486399999999, 2.026666666666667, 27.546666666666667, 254.46666666666667
700, 477.03583728374053, 42.03886933333333, 1.44, 21.546666666666667, 254.04
701, 476.7694177707548, 39.208125333333335, 1.4133333333333333, 16.8, 253.72
702, 476.50299825776915, 36.24713866666668, 1.1466666666666667, 11.92, 253.57333333333332
703, 476.2365787447834, 33.57790133333334, 0.9866666666666667, 7.573333333333333, 252.96
704, 475.97015923179777, 31.466514666666658, 0.9866666666666667, 4.08, 252.42666666666668
705, 475.703739718812, 31.176014666666656, 1.4533333333333334, 3.1066666666666665, 253.66666666666666
706, 475.4373202058263, 29.880395999999994, 1.24, 1.28, 252.26666666666668
707, 475.17090069284063, 30.594197333333323, 2.2933333333333334, 1.68, 253.70666666666668
708, 474.90448117985494, 30.861638666666664, 2.546666666666667, 1.96, 253.94666666666666
709, 474.63806166686925, 30.57616133333331, 2.2533333333333334, 1.68, 253.65333333333334
710, 474.3716421538835, 30.651184, 2.2933333333333334, 1.8133333333333332, 253.52
711, 474.10522264089786, 30.52517599999999, 2.1066666666666665, 1.7066666666666668, 253.45333333333335
712, 473.8388031279121, 30.892226666666655, 2.533333333333333, 2.026666666666667, 253.90666666666667
713, 473.5723836149265, 30.65594933333334, 2.3733333333333335, 1.76, 253.62666666666667
714, 473.30596410194073, 30.39163066666666, 2.0933333333333333, 1.5066666666666666, 253.34666666666666
715, 473.0395445889551, 30.523574666666647, 2.2533333333333334, 1.6266666666666667, 253.46666666666667
716, 472.77312507596935, 30.236781333333315, 1.92, 1.3466666666666667, 253.26666666666668
717, 472.50670556298365, 30.698449333333308, 2.44, 1.7466666666666666, 253.89333333333335
718, 472.24028604999796, 30.832327999999997, 2.5866666666666664, 1.9466666666666668, 253.65333333333334
719, 471.97386653701227, 30.016156, 1.64, 1.16, 253.02666666666667
720, 471.7074470240266, 30.134685333333334, 1.8133333333333332, 1.24, 253.2
721, 471.44102751104083, 30.513017333333323, 2.2266666666666666, 1.6533333333333333, 253.30666666666667
722, 471.1746079980552, 30.04235066666666, 1.6933333333333334, 1.2266666666666666, 252.77333333333334
723, 470.90818848506945, 30.16763999999998, 1.8666666666666667, 1.3466666666666667, 252.8
724, 470.6417689720838, 30.212157333333327, 1.8933333333333333, 1.44, 252.64
725, 470.37534945909806, 30.339094666666668, 2.12, 1.6133333333333333, 252.26666666666668
726, 470.10892994611237, 29.899646666666655, 1.6666666666666667, 1.08, 252.34666666666666
727, 469.8425104331267, 30.34458533333332, 2.28, 1.6266666666666667, 251.82666666666665
728, 469.576090920141, 30.201094666666663, 2.12, 1.4533333333333334, 251.88
729, 469.3096714071553, 30.082942666666646, 2.04, 1.4533333333333334, 251.05333333333334
730, 469.0432518941696, 29.92598266666666, 1.9066666666666667, 1.36, 250.50666666666666
731, 468.7768323811839, 29.99317999999999, 2.066666666666667, 1.4266666666666667, 250.33333333333334
732, 468.51041286819816, 29.34343333333333, 1.4, 0.9466666666666667, 248.85333333333332
733, 468.2439933552125, 29.75313333333334, 1.8666666666666667, 1.3733333333333333, 249.02666666666667
734, 467.9775738422268, 29.782329333333315, 1.9066666666666667, 1.4933333333333334, 248.56
735, 467.71115432924114, 29.276825333333328, 1.48, 0.9866666666666667, 247.85333333333332
736, 467.4447348162554, 29.303738666666675, 1.5466666666666666, 1.04, 247.64
737, 467.1783153032697, 30.227737333333323, 2.493333333333333, 2.0, 248.32
738, 466.911895790284, 29.246265333333326, 1.48, 1.0666666666666667, 247.17333333333335
739, 466.6454762772983, 29.459750666666654, 1.8266666666666667, 1.36, 246.62666666666667
740, 466.3790567643126, 29.420722666666666, 1.84, 1.3333333333333333, 246.38666666666666
741, 466.11263725132693, 29.40160666666668, 2.066666666666667, 1.32, 245.69333333333333
742, 465.84621773834124, 28.742165333333336, 1.4133333333333333, 0.84, 244.09333333333333
743, 465.5797982253555, 29.254376000000004, 1.9733333333333334, 1.4533333333333334, 243.96
744, 465.31337871236985, 28.831169333333335, 1.64, 1.1066666666666667, 242.90666666666667
745, 465.0469591993841, 29.227952, 2.08, 1.6, 242.69333333333333
746, 464.78053968639847, 28.738099999999996, 1.5333333333333334, 1.1733333333333333, 242.02666666666667
747, 464.5141201734127, 28.623305333333356, 1.6133333333333333, 1.24, 240.46666666666667
748, 464.24770066042703, 28.59485733333334, 1.6933333333333334, 1.2, 240.21333333333334
749, 463.98128114744134, 28.557952, 1.68, 1.32, 239.30666666666667
750, 463.71486163445564, 28.50553200000001, 1.7466666666666666, 1.2666666666666666, 238.94666666666666
751, 463.44844212146995, 28.88708666666667, 2.2, 1.6133333333333333, 239.32
752, 463.18202260848426, 28.297753333333336, 1.5333333333333334, 1.2, 238.02666666666667
753, 462.91560309549857, 28.425137333333332, 1.6933333333333334, 1.32, 238.10666666666665
754, 462.6491835825128, 28.849107999999998, 2.12, 1.68, 238.85333333333332
755, 462.3827640695272, 28.25948266666667, 1.5733333333333333, 1.1066666666666667, 238.06666666666666
756, 462.11634455654143, 28.25721066666666, 1.4933333333333334, 1.3066666666666666, 237.22666666666666
757, 461.8499250435558, 28.379145333333334, 2.1466666666666665, 1.3733333333333333, 236.24
758, 461.58350553057005, 27.89377733333334, 1.6933333333333334, 1.0, 235.09333333333333
759, 461.31708601758436, 28.138541333333336, 2.0533333333333332, 1.2, 235.26666666666668
760, 461.05066650459867, 28.02204666666667, 1.9333333333333333, 1.1066666666666667, 235.04
761, 460.784246991613, 27.9189, 2.2, 1.08, 233.57333333333332
762, 460.5178274786273, 27.87586399999999, 2.16, 1.04, 233.50666666666666
763, 460.25140796564153, 28.073468, 2.3866666666666667, 1.3466666666666667, 233.06666666666666
764, 459.9849884526559, 27.74201866666667, 1.9466666666666668, 1.12, 232.48
765, 459.71856893967015, 28.152854666666663, 2.6533333333333333, 1.5066666666666666, 232.24
766, 459.4521494266845, 27.643817333333324, 2.0933333333333333, 1.08, 231.44
767, 459.18572991369876, 27.665209333333337, 2.1733333333333333, 1.2, 230.8
768, 458.9193104007131, 27.88566933333334, 2.506666666666667, 1.3333333333333333, 231.17333333333335
769, 458.6528908877274, 27.67507733333333, 2.2933333333333334, 1.28, 230.16
770, 458.3864713747417, 27.587158666666667, 2.1466666666666665, 1.28, 229.77333333333334
771, 458.120051861756, 27.714709333333335, 2.3733333333333335, 1.4, 229.68
772, 457.8536323487703, 27.418143999999995, 2.026666666666667, 1.2266666666666666, 228.88
773, 457.5872128357846, 27.58585600000001, 2.24, 1.44, 228.69333333333333
774, 457.32079332279886, 27.12772133333333, 1.8533333333333333, 0.96, 228.16
775, 457.0543738098132, 27.504963999999994, 2.2266666666666666, 1.3866666666666667, 228.29333333333332
776, 456.7879542968275, 27.29933466666667, 1.9866666666666666, 1.2, 228.08
777, 456.52153478384184, 27.121753333333338, 1.9333333333333333, 1.08, 227.28
778, 456.2551152708561, 27.41027066666668, 2.2266666666666666, 1.36, 227.6
779, 455.9886957578704, 26.963483999999998, 1.8266666666666667, 1.0666666666666667, 226.24
780, 455.7222762448847, 26.854484000000006, 1.6933333333333334, 0.9333333333333333, 226.32
781, 455.455856731899, 26.755235999999993, 1.64, 1.04, 225.04
782, 455.1894372189133, 26.54813066666666, 1.36, 0.9333333333333333, 224.50666666666666
783, 454.92301770592763, 27.66364933333333, 2.7066666666666666, 2.013333333333333, 225.2
784, 454.65659819294194, 26.730535999999997, 1.7066666666666668, 1.1866666666666668, 223.89333333333335
785, 454.3901786799562, 26.712387999999983, 1.9866666666666666, 1.1866666666666668, 223.0
786, 454.12375916697056, 26.48940266666666, 1.7066666666666668, 1.04, 222.53333333333333
787, 453.8573396539848, 26.373527999999997, 1.6533333333333333, 0.9733333333333334, 222.0
788, 453.5909201409992, 26.56213333333333, 1.8666666666666667, 1.2533333333333334, 221.65333333333334
789, 453.3245006280134, 26.336405333333325, 1.9466666666666668, 1.0533333333333332, 220.49333333333334
790, 453.05808111502773, 26.425192000000003, 2.08, 1.16, 220.37333333333333
791, 452.79166160204204, 26.44136533333334, 2.08, 1.3066666666666666, 219.76
792, 452.52524208905635, 26.216158666666676, 1.88, 1.0533333333333332, 219.61333333333334
793, 452.25882257607066, 26.470213333333334, 2.1333333333333333, 1.44, 219.18666666666667
794, 451.99240306308496, 26.18050799999999, 1.8533333333333333, 1.2133333333333334, 218.54666666666665
795, 451.7259835500993, 26.086638666666673, 1.88, 1.2133333333333334, 217.65333333333334
796, 451.4595640371135, 26.28826, 2.066666666666667, 1.3866666666666667, 218.04
797, 451.1931445241279, 26.63303066666666, 2.493333333333333, 1.8266666666666667, 217.68
798, 450.92672501114214, 25.68141199999999, 1.48, 1.04, 216.04
799, 450.6603054981565, 25.86658533333333, 1.7466666666666666, 1.2533333333333334, 215.86666666666667
800, 450.39388598517075, 25.919316000000002, 1.7733333333333334, 1.2933333333333332, 216.05333333333334
801, 450.12746647218506, 25.964514666666666, 1.92, 1.3733333333333333, 215.65333333333334
802, 449.86104695919937, 25.793398666666672, 1.7466666666666666, 1.24, 215.29333333333332
803, 449.5946274462137, 25.633950666666667, 1.56, 1.1333333333333333, 214.93333333333334
804, 449.328207933228, 25.58740533333333, 1.5466666666666666, 1.1333333333333333, 214.56
805, 449.06178842024224, 25.967909333333328, 1.9733333333333334, 1.44, 215.2
806, 448.7953689072566, 25.962774666666665, 1.9866666666666666, 1.44, 215.12
807, 448.52894939427085, 25.505114666666667, 1.52, 1.0533333333333332, 214.32
808, 448.2625298812852, 25.745212000000002, 1.7466666666666666, 1.2666666666666666, 214.73333333333332
809, 447.99611036829947, 25.588645333333336, 1.68, 1.1866666666666668, 213.94666666666666
810, 447.72969085531383, 25.280549333333326, 1.3066666666666666, 0.8933333333333333, 213.73333333333332
811, 447.4632713423281, 25.845097333333335, 1.8266666666666667, 1.5333333333333334, 214.02666666666667
812, 447.1968518293424, 25.475544000000006, 1.4933333333333334, 1.2133333333333334, 213.30666666666667
813, 446.9304323163567, 25.62134799999999, 1.8533333333333333, 1.4933333333333334, 212.2
814, 446.664012803371, 25.515145333333326, 1.7466666666666666, 1.4133333333333333, 211.96
815, 446.3975932903853, 25.68836533333333, 2.2133333333333334, 1.52, 211.70666666666668
816, 446.13117377739957, 25.217888000000006, 1.7866666666666666, 1.1066666666666667, 210.82666666666665
817, 445.86475426441393, 25.644047999999998, 2.72, 1.36, 210.81333333333333
818, 445.5983347514282, 25.362599999999997, 2.4, 1.16, 210.21333333333334
819, 445.33191523844255, 25.127517333333326, 2.2933333333333334, 0.92, 209.66666666666666
820, 445.0654957254568, 24.821339999999992, 1.9333333333333333, 0.7733333333333333, 208.68
821, 444.7990762124711, 25.157406666666663, 2.466666666666667, 1.24, 207.82666666666665
822, 444.5326566994854, 25.214289333333323, 2.5733333333333333, 1.28, 207.84
823, 444.2662371864997, 25.18608933333333, 2.5733333333333333, 1.32, 207.38666666666666
824, 443.99981767351403, 24.82629066666667, 2.16, 1.0133333333333334, 206.89333333333335
825, 443.73339816052834, 25.113869333333334, 2.506666666666667, 1.3733333333333333, 206.65333333333334
826, 443.46697864754265, 24.81797866666667, 2.2133333333333334, 1.1066666666666667, 206.2
827, 443.2005591345569, 24.940378666666668, 2.48, 1.2933333333333332, 205.61333333333334
828, 442.93413962157126, 24.387873333333328, 1.8, 0.8666666666666667, 204.74666666666667
829, 442.6677201085855, 24.977574666666662, 2.6533333333333333, 1.5066666666666666, 204.38666666666666
830, 442.4013005955999, 24.242223999999997, 1.76, 0.96, 203.09333333333333
831, 442.13488108261413, 24.37772933333332, 2.04, 1.1466666666666667, 202.58666666666667
832, 441.86846156962844, 24.722448, 2.32, 1.48, 203.16
833, 441.60204205664274, 24.41906799999999, 1.9866666666666666, 1.3866666666666667, 201.85333333333332
834, 441.33562254365705, 23.92178266666666, 1.5066666666666666, 0.96, 200.94666666666666
835, 441.06920303067136, 24.961778666666657, 2.6133333333333333, 1.9066666666666667, 202.29333333333332
836, 440.80278351768567, 24.83556666666666, 2.466666666666667, 1.8, 202.12
837, 440.5363640047, 24.168738666666673, 2.08, 1.2933333333333332, 199.89333333333335
838, 440.2699444917142, 23.642549333333328, 1.44, 0.9066666666666666, 198.94666666666666
839, 440.0035249787286, 24.39021066666666, 2.4266666666666667, 1.52, 199.76
840, 439.73710546574284, 24.14386666666667, 2.1333333333333333, 1.3066666666666666, 199.46666666666667
841, 439.4706859527572, 24.017047999999992, 2.0533333333333332, 1.3333333333333333, 198.42666666666668
842, 439.20426643977146, 23.794079999999987, 1.8666666666666667, 1.0666666666666667, 198.33333333333334
843, 438.93784692678577, 23.809884, 1.96, 1.16, 197.74666666666667
844, 438.6714274138001, 24.025434666666662, 2.1866666666666665, 1.36, 198.01333333333332
845, 438.4050079008144, 23.83432266666667, 2.1066666666666665, 1.36, 196.54666666666665
846, 438.1385883878287, 23.727439999999994, 2.0, 1.24, 196.50666666666666
847, 437.872168874843, 23.792173333333324, 2.2666666666666666, 1.2533333333333334, 196.30666666666667
848, 437.6057493618573, 23.310397333333327, 1.76, 0.8666666666666667, 195.4
849, 437.33932984887156, 23.84191733333332, 2.56, 1.3466666666666667, 195.49333333333334
850, 437.0729103358859, 23.472197333333334, 2.16, 1.0266666666666666, 194.94666666666666
851, 436.8064908229002, 23.530605333333327, 2.2133333333333334, 1.2, 194.42666666666668
852, 436.54007130991454, 23.188870666666656, 1.8266666666666667, 1.04, 193.26666666666668
853, 436.2736517969288, 23.351064000000004, 2.2933333333333334, 1.2133333333333334, 192.57333333333332
854, 436.0072322839431, 23.07896933333333, 2.04, 1.1066666666666667, 191.4
855, 435.7408127709574, 23.031401333333335, 1.9866666666666666, 1.2133333333333334, 190.57333333333332
856, 435.4743932579717, 22.849771999999998, 1.7466666666666666, 1.1866666666666668, 189.74666666666667
857, 435.207973744986, 23.462969333333337, 2.5733333333333333, 1.8, 189.8
858, 434.94155423200027, 22.38413333333334, 1.4666666666666666, 0.8933333333333333, 187.90666666666667
859, 434.67513471901464, 22.71285866666667, 1.9466666666666668, 1.24, 187.74666666666667
860, 434.4087152060289, 22.599470666666665, 1.8266666666666667, 1.24, 187.06666666666666
861, 434.14229569304325, 22.11901866666668, 1.5466666666666666, 0.88, 185.44
862, 433.8758761800575, 22.694412000000007, 2.1466666666666665, 1.4666666666666666, 185.89333333333335
863, 433.60945666707187, 22.715334666666674, 2.2533333333333334, 1.6266666666666667, 184.97333333333333
864, 433.3430371540861, 21.901309333333334, 1.44, 0.9466666666666667, 183.46666666666667
865, 433.0766176411004, 21.987372000000008, 1.6133333333333333, 1.1733333333333333, 182.6
866, 432.81019812811473, 21.890870666666665, 1.56, 1.1733333333333333, 181.89333333333335
867, 432.54377861512904, 22.155848000000002, 1.92, 1.4, 182.10666666666665
868, 432.27735910214335, 22.047944000000005, 1.8933333333333333, 1.3333333333333333, 181.57333333333332
869, 432.0109395891576, 21.735901333333334, 1.92, 1.1066666666666667, 179.93333333333334
870, 431.74452007617197, 21.397261333333336, 1.52, 0.8266666666666667, 179.45333333333335
871, 431.4781005631862, 21.772349333333334, 1.9733333333333334, 1.24, 179.42666666666668
872, 431.2116810502006, 21.52006933333334, 1.7066666666666668, 1.0133333333333334, 179.08
873, 430.94526153721483, 21.822362666666674, 2.1066666666666665, 1.48, 178.28
874, 430.67884202422914, 21.16230266666667, 1.5066666666666666, 0.92, 176.94666666666666
875, 430.41242251124345, 21.822950666666667, 2.2266666666666666, 1.64, 177.14666666666668
876, 430.14600299825776, 21.06005866666668, 1.4133333333333333, 1.1066666666666667, 175.33333333333334
877, 429.87958348527206, 21.25142533333334, 1.88, 1.3866666666666667, 174.34666666666666
878, 429.6131639722864, 21.001800000000006, 1.7333333333333334, 1.1733333333333333, 173.64
879, 429.3467444593007, 20.40331866666666, 1.48, 0.7333333333333333, 171.32
880, 429.08032494631493, 20.842042666666668, 1.9733333333333334, 1.1466666666666667, 171.74666666666667
881, 428.8139054333293, 20.8307, 2.3333333333333335, 1.2133333333333334, 170.36
882, 428.54748592034355, 20.614098666666663, 2.08, 0.9733333333333334, 170.36
883, 428.2810664073579, 20.430829333333342, 1.9733333333333334, 0.92, 169.30666666666667
884, 428.01464689437216, 20.775638666666666, 2.4133333333333336, 1.3066666666666666, 169.18666666666667
885, 427.74822738138647, 20.24775466666667, 1.92, 1.0133333333333334, 167.36
886, 427.4818078684008, 20.18498666666667, 1.8666666666666667, 1.12, 166.4
887, 427.2153883554151, 20.51774133333334, 2.32, 1.5466666666666666, 165.93333333333334
888, 426.9489688424294, 20.255721333333337, 1.9866666666666666, 1.2933333333333332, 165.81333333333333
889, 426.6825493294437, 19.915597333333334, 1.76, 1.1866666666666668, 163.97333333333333
890, 426.416129816458, 19.803231999999998, 1.68, 1.08, 163.74666666666667
891, 426.14971030347226, 19.583960000000005, 1.7333333333333334, 1.0133333333333334, 162.02666666666667
892, 425.8832907904866, 19.63932933333333, 1.9066666666666667, 1.1333333333333333, 161.44
893, 425.6168712775009, 19.591605333333337, 2.2133333333333334, 1.16, 160.08
894, 425.35045176451524, 19.290138666666675, 1.9466666666666668, 1.08, 158.54666666666665
895, 425.0840322515295, 18.754882666666663, 1.5733333333333333, 0.7466666666666667, 156.54666666666665
896, 424.8176127385438, 19.034982666666675, 1.9066666666666667, 1.08, 156.41333333333333
897, 424.5511932255581, 19.005716000000003, 1.9066666666666667, 1.1466666666666667, 155.81333333333333
898, 424.2847737125724, 19.29737866666667, 2.2133333333333334, 1.4666666666666666, 155.92
899, 424.0183541995867, 18.915124000000006, 1.8266666666666667, 1.4266666666666667, 153.78666666666666
900, 423.751934686601, 18.571234666666673, 1.52, 1.2533333333333334, 152.46666666666667
901, 423.48551517361534, 18.52833333333333, 2.1333333333333333, 1.0, 151.78666666666666
902, 423.2190956606296, 18.03194266666667, 1.5066666666666666, 0.88, 149.69333333333333
903, 422.95267614764396, 18.646991999999994, 2.3466666666666667, 1.5466666666666666, 149.45333333333335
904, 422.6862566346582, 17.948401333333333, 1.72, 1.0666666666666667, 147.44
905, 422.4198371216726, 18.129886666666675, 2.3333333333333335, 1.2266666666666666, 146.6
906, 422.1534176086868, 17.790012000000004, 2.1466666666666665, 1.1466666666666667, 144.52
907, 421.88699809570113, 18.35806266666667, 2.973333333333333, 1.7866666666666666, 144.04
908, 421.62057858271544, 17.46850666666667, 2.1333333333333333, 1.0666666666666667, 142.14666666666668
909, 421.35415906972975, 17.271374666666667, 1.9866666666666666, 1.08, 140.73333333333332
910, 421.08773955674405, 17.292812000000005, 2.1466666666666665, 1.2266666666666666, 139.74666666666667
911, 420.8213200437583, 16.971592, 1.9466666666666668, 1.2266666666666666, 137.45333333333335
912, 420.55490053077267, 16.963854666666673, 1.9866666666666666, 1.32, 136.8
913, 420.2884810177869, 16.53490666666667, 1.7333333333333334, 1.1066666666666667, 134.8
914, 420.0220615048013, 16.741549333333335, 2.1066666666666665, 1.3333333333333333, 134.46666666666667
915, 419.75564199181554, 16.536613333333342, 2.0, 1.3466666666666667, 132.88
916, 419.48922247882984, 16.14652, 1.6, 1.08, 131.88
917, 419.22280296584415, 16.384042666666666, 2.3733333333333335, 1.1866666666666668, 131.38666666666666
918, 418.95638345285846, 16.05704, 2.1333333333333333, 1.0133333333333334, 130.04
919, 418.68996393987277, 16.037564000000003, 2.2266666666666666, 1.2666666666666666, 128.32
920, 418.4235444268871, 15.601385333333335, 1.88, 1.1066666666666667, 126.22666666666667
921, 418.1571249139014, 15.309162666666667, 1.84, 0.8933333333333333, 124.86666666666666
922, 417.89070540091564, 15.532852, 2.1466666666666665, 1.5066666666666666, 122.86666666666666
923, 417.62428588793, 15.483337333333333, 2.493333333333333, 1.44, 121.86666666666666
924, 417.35786637494425, 15.038138666666667, 2.2133333333333334, 1.1866666666666668, 120.0
925, 417.0914468619586, 14.899534666666668, 2.52, 1.0533333333333332, 118.66666666666667
926, 416.82502734897287, 14.897862666666663, 2.7066666666666666, 1.16, 117.61333333333333
927, 416.5586078359872, 14.543873333333334, 2.7333333333333334, 0.88, 115.88
928, 416.2921883230015, 14.337981333333333, 2.5866666666666664, 1.0933333333333333, 113.36
929, 416.0257688100158, 14.688218666666662, 3.546666666666667, 1.24, 113.16
930, 415.7593492970301, 14.109461333333329, 2.986666666666667, 1.0933333333333333, 110.30666666666667
931, 415.4929297840444, 14.573813333333332, 3.7333333333333334, 1.6, 109.81333333333333
932, 415.2265102710587, 13.846327999999998, 3.2533333333333334, 1.1333333333333333, 107.09333333333333
933, 414.96009075807297, 14.323673333333335, 4.866666666666666, 1.2933333333333332, 106.22666666666667
