Extraction [ img/s4/seq3/mys2.jpg ] effectuee 2026-05-28 17:40:44.912233
Calibration: -0.2664195129856975*x + 663.5294963737288 [largueur 2619 + 934]

pixel, longueur d'onde, intensite, r, g, b
0, 663.5294963737288, 109.1850462962963, 201.75925925925927, 64.24074074074075, 97.98148148148148
1, 663.263076860743, 109.26053148148155, 202.46296296296296, 63.75925925925926, 99.27777777777777
2, 662.9966573477574, 109.55679814814818, 202.75925925925927, 64.05555555555556, 99.57407407407408
3, 662.7302378347716, 109.17428148148153, 203.11111111111111, 63.18518518518518, 99.77777777777777
4, 662.463818321786, 108.874162962963, 203.0, 62.75925925925926, 99.62962962962963
5, 662.1973988088002, 109.26515740740744, 205.83333333333334, 61.648148148148145, 101.35185185185185
6, 661.9309792958146, 109.07642407407405, 205.94444444444446, 61.25925925925926, 101.4074074074074
7, 661.6645597828289, 109.50461481481483, 206.8148148148148, 61.333333333333336, 102.5
8, 661.3981402698432, 109.33796481481482, 206.64814814814815, 61.166666666666664, 102.33333333333333
9, 661.1317207568575, 109.89055370370372, 207.7962962962963, 61.31481481481482, 103.4074074074074
10, 660.8653012438718, 110.07572037037035, 207.9814814814815, 61.5, 103.5925925925926
11, 660.5988817308861, 110.79535740740747, 209.94444444444446, 61.370370370370374, 105.42592592592592
12, 660.3324622179003, 111.1842074074074, 210.33333333333334, 61.75925925925926, 105.81481481481481
13, 660.0660427049147, 111.1001796296296, 211.35185185185185, 60.888888888888886, 106.88888888888889
14, 659.799623191929, 111.97046296296296, 212.22222222222223, 61.75925925925926, 107.75925925925925
15, 659.5332036789433, 111.87590925925925, 213.12962962962962, 60.98148148148148, 108.55555555555556
16, 659.2667841659576, 112.61657592592597, 213.87037037037038, 61.72222222222222, 109.29629629629629
17, 659.0003646529719, 113.58234814814811, 215.22222222222223, 62.351851851851855, 110.98148148148148
18, 658.7339451399862, 113.2885074074074, 214.92592592592592, 62.074074074074076, 110.61111111111111
19, 658.4675256270006, 113.34226111111114, 215.72222222222223, 61.666666666666664, 111.0925925925926
20, 658.2011061140148, 113.034325925926, 215.44444444444446, 61.351851851851855, 110.74074074074075
21, 657.9346866010292, 114.58857592592594, 217.94444444444446, 62.129629629629626, 113.81481481481481
22, 657.6682670880434, 115.85567037037035, 219.22222222222223, 63.407407407407405, 115.0
23, 657.4018475750577, 116.74278703703703, 220.64814814814815, 63.94444444444444, 116.27777777777777
24, 657.135428062072, 115.86979444444442, 219.83333333333334, 63.05555555555556, 115.33333333333333
25, 656.8690085490863, 116.2201222222222, 221.0, 62.77777777777778, 116.77777777777777
26, 656.6025890361007, 116.37832777777777, 221.16666666666666, 62.94444444444444, 116.87037037037037
27, 656.3361695231149, 117.79660555555562, 223.57407407407408, 63.68518518518518, 119.18518518518519
28, 656.0697500101293, 118.37535925925926, 224.1851851851852, 64.25925925925925, 119.70370370370371
29, 655.8033304971435, 119.05808148148147, 225.66666666666666, 64.46296296296296, 120.75925925925925
30, 655.5369109841579, 118.9704351851852, 225.64814814814815, 64.35185185185185, 120.61111111111111
31, 655.2704914711721, 118.67667592592596, 225.83333333333334, 63.68518518518518, 120.98148148148148
32, 655.0040719581864, 118.31550185185186, 225.53703703703704, 63.2962962962963, 120.5925925925926
33, 654.7376524452008, 119.3981759259259, 227.5, 63.907407407407405, 121.79629629629629
34, 654.471232932215, 118.31234074074077, 226.40740740740742, 62.833333333333336, 120.66666666666667
35, 654.2048134192294, 118.97600370370373, 227.37037037037038, 63.333333333333336, 121.38888888888889
36, 653.9383939062436, 119.6692814814815, 228.11111111111111, 64.01851851851852, 122.0
37, 653.671974393258, 119.4854111111111, 229.22222222222223, 63.22222222222222, 121.57407407407408
38, 653.4055548802722, 119.43611111111105, 229.25925925925927, 63.148148148148145, 121.42592592592592
39, 653.1391353672866, 119.71937222222216, 230.16666666666666, 63.111111111111114, 121.72222222222223
40, 652.8727158543008, 119.19266111111108, 229.6851851851852, 62.574074074074076, 121.12962962962963
41, 652.6062963413152, 119.21541111111111, 230.7037037037037, 62.148148148148145, 120.85185185185185
42, 652.3398768283295, 119.44203518518516, 231.12962962962962, 62.27777777777778, 121.05555555555556
43, 652.0734573153437, 120.17107777777775, 233.11111111111111, 62.5, 121.11111111111111
44, 651.8070378023581, 119.96799629629629, 233.1851851851852, 62.166666666666664, 120.85185185185185
45, 651.5406182893723, 120.66739444444447, 235.5, 62.111111111111114, 121.20370370370371
46, 651.2741987763867, 120.4593777777778, 235.66666666666666, 61.72222222222222, 120.94444444444444
47, 651.007779263401, 120.45662592592588, 237.44444444444446, 60.851851851851855, 120.74074074074075
48, 650.7413597504153, 121.16699444444443, 238.38888888888889, 61.44444444444444, 121.44444444444444
49, 650.4749402374296, 120.8687462962963, 239.38888888888889, 60.592592592592595, 120.5925925925926
50, 650.2085207244439, 120.48009629629625, 239.03703703703704, 60.18518518518518, 120.20370370370371
51, 649.9421012114582, 121.00459074074072, 240.38888888888889, 60.31481481481482, 120.5925925925926
52, 649.6756816984725, 120.52051111111106, 240.8148148148148, 59.370370370370374, 120.0925925925926
53, 649.4092621854868, 120.9467259259259, 242.74074074074073, 59.148148148148145, 119.92592592592592
54, 649.142842672501, 120.47793888888891, 243.2037037037037, 58.2037037037037, 119.46296296296296
55, 648.8764231595154, 121.43234259259258, 245.27777777777777, 58.629629629629626, 120.20370370370371
56, 648.6100036465297, 121.1248074074074, 245.07407407407408, 58.27777777777778, 119.85185185185185
57, 648.343584133544, 121.35421481481478, 247.2962962962963, 57.53703703703704, 119.85185185185185
58, 648.0771646205583, 121.40814074074072, 247.66666666666666, 57.425925925925924, 119.92592592592592
59, 647.8107451075726, 122.11447777777778, 250.59259259259258, 57.092592592592595, 120.16666666666667
60, 647.5443255945869, 122.18361111111106, 250.92592592592592, 57.03703703703704, 120.18518518518519
61, 647.2779060816013, 122.7182685185185, 252.87037037037038, 56.907407407407405, 120.44444444444444
62, 647.0114865686155, 122.73416296296293, 253.1851851851852, 56.77777777777778, 120.42592592592592
63, 646.7450670556299, 122.43462407407405, 254.12962962962962, 55.833333333333336, 120.18518518518519
64, 646.4786475426441, 122.35884814814808, 254.2962962962963, 55.648148148148145, 120.03703703703704
65, 646.2122280296584, 122.34090555555557, 254.83333333333334, 55.333333333333336, 120.0925925925926
66, 645.9458085166727, 121.95074629629632, 254.75925925925927, 54.7962962962963, 119.62962962962963
67, 645.679389003687, 122.02595000000001, 254.94444444444446, 54.72222222222222, 120.18518518518519
68, 645.4129694907014, 122.09408148148151, 254.92592592592592, 54.833333333333336, 120.25925925925925
69, 645.1465499777156, 122.50750740740739, 254.92592592592592, 55.18518518518518, 122.07407407407408
70, 644.88013046473, 122.4045685185185, 254.87037037037038, 55.074074074074076, 121.88888888888889
71, 644.6137109517442, 122.73047222222219, 254.90740740740742, 55.46296296296296, 122.64814814814815
72, 644.3472914387586, 122.64704814814813, 254.88888888888889, 55.351851851851855, 122.53703703703704
73, 644.0808719257728, 122.19252037037035, 254.9814814814815, 54.55555555555556, 122.4074074074074
74, 643.8144524127872, 122.03463148148148, 254.9814814814815, 54.333333333333336, 122.16666666666667
75, 643.5480328998015, 121.80783518518521, 254.9814814814815, 53.907407407407405, 122.37037037037037
76, 643.2816133868157, 121.43156851851855, 254.6851851851852, 53.5, 121.94444444444444
77, 643.0151938738301, 122.03645, 254.94444444444446, 54.22222222222222, 122.85185185185185
78, 642.7487743608443, 121.64338148148151, 254.88888888888889, 53.68518518518518, 122.31481481481481
79, 642.4823548478587, 121.29470740740743, 254.77777777777777, 53.25925925925926, 121.74074074074075
80, 642.2159353348729, 121.4369055555556, 254.83333333333334, 53.44444444444444, 121.88888888888889
81, 641.9495158218873, 121.94846666666665, 254.96296296296296, 54.18518518518518, 122.22222222222223
82, 641.6830963089016, 122.02957962962962, 254.94444444444446, 54.31481481481482, 122.31481481481481
83, 641.4166767959159, 121.95363333333333, 254.96296296296296, 54.24074074074074, 121.98148148148148
84, 641.1502572829302, 122.14473148148146, 254.90740740740742, 54.53703703703704, 122.27777777777777
85, 640.8838377699444, 122.4286203703704, 254.90740740740742, 55.092592592592595, 121.9074074074074
86, 640.6174182569588, 122.24528333333339, 254.94444444444446, 54.833333333333336, 121.53703703703704
87, 640.350998743973, 122.90041481481485, 254.92592592592592, 55.94444444444444, 121.61111111111111
88, 640.0845792309874, 123.37379814814821, 254.9814814814815, 56.611111111111114, 122.18518518518519
89, 639.8181597180017, 123.87552407407402, 254.94444444444446, 57.592592592592595, 121.62962962962963
90, 639.551740205016, 123.92242962962956, 254.96296296296296, 57.666666666666664, 121.61111111111111
91, 639.2853206920303, 124.64213148148148, 254.9814814814815, 58.94444444444444, 121.29629629629629
92, 639.0189011790446, 124.61890925925925, 254.9814814814815, 58.94444444444444, 121.0925925925926
93, 638.7524816660589, 125.33390370370368, 254.85185185185185, 60.31481481481482, 120.64814814814815
94, 638.4860621530732, 125.23801296296296, 254.87037037037038, 60.18518518518518, 120.42592592592592
95, 638.2196426400875, 126.26596296296292, 255.0, 61.870370370370374, 120.42592592592592
96, 637.9532231271018, 126.34345185185178, 254.92592592592592, 62.01851851851852, 120.53703703703704
97, 637.6868036141161, 126.68064074074076, 254.88888888888889, 62.75925925925926, 119.77777777777777
98, 637.4203841011304, 127.06375185185186, 254.88888888888889, 63.31481481481482, 120.27777777777777
99, 637.1539645881447, 127.56561666666667, 254.94444444444446, 64.16666666666667, 120.14814814814815
100, 636.887545075159, 127.87430185185185, 254.94444444444446, 64.81481481481481, 119.51851851851852
101, 636.6211255621733, 129.14053888888893, 254.9814814814815, 66.87037037037037, 119.94444444444444
102, 636.3547060491876, 129.49027962962964, 254.9814814814815, 67.57407407407408, 119.38888888888889
103, 636.088286536202, 130.1102592592592, 255.0, 68.57407407407408, 119.62962962962963
104, 635.8218670232162, 130.1155944444444, 254.9814814814815, 68.5925925925926, 119.62962962962963
105, 635.5554475102306, 130.74137037037033, 255.0, 69.68518518518519, 119.44444444444444
106, 635.2890279972448, 130.97403888888888, 254.9814814814815, 70.03703703703704, 119.72222222222223
107, 635.0226084842591, 131.7641296296296, 255.0, 71.48148148148148, 119.16666666666667
108, 634.7561889712734, 131.80589814814815, 254.90740740740742, 71.5925925925926, 119.20370370370371
109, 634.4897694582877, 132.7171296296296, 255.0, 73.14814814814815, 118.94444444444444
110, 634.2233499453021, 132.79302222222216, 254.96296296296296, 73.29629629629629, 118.94444444444444
111, 633.9569304323163, 133.58180000000002, 254.96296296296296, 74.74074074074075, 118.42592592592592
112, 633.6905109193307, 133.3699888888889, 254.92592592592592, 74.48148148148148, 118.0
113, 633.4240914063449, 134.2266685185185, 254.9814814814815, 75.96296296296296, 117.74074074074075
114, 633.1576718933593, 134.6391666666666, 255.0, 76.55555555555556, 118.25925925925925
115, 632.8912523803735, 134.8530962962962, 254.96296296296296, 77.0, 117.94444444444444
116, 632.6248328673878, 135.30091481481477, 254.92592592592592, 77.66666666666667, 118.53703703703704
117, 632.3584133544022, 135.8983333333333, 255.0, 78.72222222222223, 118.14814814814815
118, 632.0919938414164, 135.92150185185181, 254.9814814814815, 78.79629629629629, 118.01851851851852
119, 631.8255743284308, 136.85672222222232, 255.0, 80.33333333333333, 118.25925925925925
120, 631.559154815445, 137.14890925925934, 254.9814814814815, 80.83333333333333, 118.29629629629629
121, 631.2927353024594, 137.97152592592587, 254.92592592592592, 82.38888888888889, 117.64814814814815
122, 631.0263157894736, 139.0505944444445, 254.9814814814815, 84.03703703703704, 118.48148148148148
123, 630.759896276488, 139.35155740740734, 254.9814814814815, 84.85185185185185, 116.92592592592592
124, 630.4934767635023, 139.75475925925917, 255.0, 85.51851851851852, 116.98148148148148
125, 630.2270572505166, 140.91766666666663, 255.0, 87.61111111111111, 116.4074074074074
126, 629.9606377375309, 141.3362222222222, 255.0, 88.38888888888889, 116.07407407407408
127, 629.6942182245452, 141.93170555555565, 254.9814814814815, 89.5925925925926, 115.14814814814815
128, 629.4277987115595, 142.57562962962965, 255.0, 90.75925925925925, 114.74074074074075
129, 629.1613791985737, 143.61770370370357, 255.0, 92.57407407407408, 114.53703703703704
130, 628.8949596855881, 144.5993148148148, 255.0, 94.18518518518519, 114.85185185185185
131, 628.6285401726024, 145.56980185185182, 254.94444444444446, 95.87037037037037, 114.83333333333333
132, 628.3621206596167, 146.8718203703703, 254.94444444444446, 98.07407407407408, 114.9074074074074
133, 628.095701146631, 147.61942777777782, 254.9814814814815, 99.42592592592592, 114.4074074074074
134, 627.8292816336453, 149.26718703703705, 254.9814814814815, 102.22222222222223, 114.46296296296296
135, 627.5628621206596, 150.66726111111115, 254.9814814814815, 104.48148148148148, 115.11111111111111
136, 627.296442607674, 151.71144629629637, 254.9814814814815, 106.29629629629629, 114.92592592592592
137, 627.0300230946882, 152.77837037037048, 255.0, 108.12962962962963, 114.79629629629629
138, 626.7636035817025, 153.53337037037048, 255.0, 109.57407407407408, 113.98148148148148
139, 626.4971840687168, 154.81624259259257, 254.9814814814815, 111.72222222222223, 114.22222222222223
140, 626.2307645557311, 155.71078333333332, 254.94444444444446, 113.33333333333333, 113.87037037037037
141, 625.9643450427454, 156.88450000000006, 255.0, 115.33333333333333, 113.72222222222223
142, 625.6979255297597, 157.55635185185196, 255.0, 116.48148148148148, 113.70370370370371
143, 625.431506016774, 158.05760185185179, 254.90740740740742, 117.66666666666667, 112.24074074074075
144, 625.1650865037883, 158.77027962962953, 254.9814814814815, 118.79629629629629, 112.48148148148148
145, 624.8986669908027, 159.49945370370364, 254.90740740740742, 120.14814814814815, 112.11111111111111
146, 624.6322474778169, 159.60989999999987, 254.88888888888889, 120.38888888888889, 111.88888888888889
147, 624.3658279648313, 160.16634629629624, 254.87037037037038, 121.4074074074074, 111.57407407407408
148, 624.0994084518455, 160.73106111111105, 254.94444444444446, 122.27777777777777, 111.85185185185185
149, 623.8329889388598, 160.8839148148148, 254.92592592592592, 122.77777777777777, 110.66666666666667
150, 623.5665694258741, 160.9519092592592, 254.9814814814815, 122.94444444444444, 110.25925925925925
151, 623.3001499128884, 161.66529999999997, 254.96296296296296, 124.12962962962963, 110.46296296296296
152, 623.0337303999028, 161.26923703703704, 254.85185185185185, 123.64814814814815, 109.75925925925925
153, 622.767310886917, 162.2015259259259, 254.92592592592592, 125.27777777777777, 109.35185185185185
154, 622.5008913739314, 162.46241481481482, 254.92592592592592, 125.72222222222223, 109.35185185185185
155, 622.2344718609456, 163.6442611111111, 254.9814814814815, 127.70370370370371, 109.37037037037037
156, 621.96805234796, 163.59502222222224, 254.96296296296296, 127.74074074074075, 108.79629629629629
157, 621.7016328349742, 163.9811740740741, 254.92592592592592, 128.62962962962962, 107.70370370370371
158, 621.4352133219886, 164.17698703703704, 254.94444444444446, 129.0185185185185, 107.37037037037037
159, 621.1687938090029, 165.4206, 254.92592592592592, 131.09259259259258, 107.64814814814815
160, 620.9023742960171, 165.3426574074074, 254.90740740740742, 131.05555555555554, 107.20370370370371
161, 620.6359547830315, 166.1728592592593, 254.92592592592592, 132.5, 107.0
162, 620.3695352700457, 166.9007666666667, 254.92592592592592, 133.59259259259258, 107.75925925925925
163, 620.1031157570601, 167.8478555555555, 254.96296296296296, 135.12962962962962, 108.05555555555556
164, 619.8366962440743, 168.2290629629629, 254.92592592592592, 135.85185185185185, 107.77777777777777
165, 619.5702767310887, 169.010425925926, 255.0, 137.2962962962963, 107.0
166, 619.303857218103, 169.4819666666668, 254.96296296296296, 138.24074074074073, 106.37037037037037
167, 619.0374377051173, 170.29025925925924, 255.0, 139.6851851851852, 105.92592592592592
168, 618.7710181921316, 170.71213148148144, 254.9814814814815, 140.61111111111111, 104.9074074074074
169, 618.5045986791458, 171.66275925925916, 255.0, 142.1851851851852, 105.0925925925926
170, 618.2381791661602, 171.97935185185173, 255.0, 142.92592592592592, 104.05555555555556
171, 617.9717596531744, 172.70838888888895, 255.0, 144.33333333333334, 103.20370370370371
172, 617.7053401401888, 173.14509259259265, 255.0, 145.1851851851852, 102.64814814814815
173, 617.4389206272031, 173.61563518518508, 254.94444444444446, 146.14814814814815, 101.96296296296296
174, 617.1725011142174, 173.95507407407396, 255.0, 146.75925925925927, 101.64814814814815
175, 616.9060816012317, 174.5416518518518, 254.96296296296296, 147.88888888888889, 101.07407407407408
176, 616.639662088246, 174.49270555555557, 254.9814814814815, 148.03703703703704, 99.83333333333333
177, 616.3732425752603, 174.8444185185185, 254.88888888888889, 148.87037037037038, 98.87037037037037
178, 616.1068230622747, 175.05963888888886, 254.90740740740742, 149.40740740740742, 97.94444444444444
179, 615.8404035492889, 175.95900185185178, 254.9814814814815, 150.96296296296296, 97.62962962962963
180, 615.5739840363033, 176.1752814814815, 254.96296296296296, 151.59259259259258, 96.33333333333333
181, 615.3075645233175, 177.02870555555546, 254.9814814814815, 153.03703703703704, 96.33333333333333
182, 615.0411450103318, 177.47177222222214, 254.87037037037038, 153.9814814814815, 95.64814814814815
183, 614.7747254973461, 178.50996296296296, 255.0, 155.64814814814815, 95.83333333333333
184, 614.5083059843604, 179.0192962962963, 255.0, 156.42592592592592, 96.29629629629629
185, 614.2418864713748, 180.0067037037037, 255.0, 158.12962962962962, 96.18518518518519
186, 613.975466958389, 180.11137037037028, 255.0, 158.57407407407408, 94.81481481481481
187, 613.7090474454034, 180.96396481481474, 254.9814814814815, 160.0, 95.0
188, 613.4426279324176, 181.1408703703703, 255.0, 160.5185185185185, 93.83333333333333
189, 613.176208419432, 181.92833518518512, 254.9814814814815, 161.96296296296296, 93.35185185185185
190, 612.9097889064462, 181.9746499999998, 254.9814814814815, 162.2037037037037, 92.51851851851852
191, 612.6433693934605, 182.7288740740741, 254.96296296296296, 163.55555555555554, 92.22222222222223
192, 612.3769498804749, 182.78288888888892, 255.0, 163.72222222222223, 91.74074074074075
193, 612.1105303674891, 183.0623333333333, 255.0, 164.38888888888889, 90.75925925925925
194, 611.8441108545035, 183.28818518518517, 255.0, 164.75925925925927, 90.83333333333333
195, 611.5776913415177, 183.75835185185198, 255.0, 165.59259259259258, 90.66666666666667
196, 611.3112718285321, 184.2160740740742, 255.0, 166.3148148148148, 90.96296296296296
197, 611.0448523155463, 185.04153888888894, 254.9814814814815, 167.75925925925927, 90.81481481481481
198, 610.7784328025607, 184.70507962962964, 254.94444444444446, 167.37037037037038, 89.96296296296296
199, 610.512013289575, 185.4089444444445, 255.0, 168.55555555555554, 89.88888888888889
200, 610.2455937765892, 185.26868888888893, 254.96296296296296, 168.40740740740742, 89.51851851851852
201, 609.9791742636036, 186.21361296296305, 254.9814814814815, 170.0185185185185, 89.46296296296296
202, 609.7127547506178, 186.46853703703715, 255.0, 170.40740740740742, 89.64814814814815
203, 609.4463352376322, 187.12572592592593, 254.96296296296296, 171.59259259259258, 89.4074074074074
204, 609.1799157246464, 186.75260185185175, 254.90740740740742, 171.11111111111111, 88.75925925925925
205, 608.9134962116608, 187.49062037037035, 254.90740740740742, 172.42592592592592, 88.46296296296296
206, 608.647076698675, 188.37128148148153, 254.96296296296296, 173.7037037037037, 89.46296296296296
207, 608.3806571856894, 189.34662037037037, 254.90740740740742, 175.42592592592592, 89.29629629629629
208, 608.1142376727037, 189.94474444444444, 254.96296296296296, 176.35185185185185, 89.62962962962963
209, 607.847818159718, 190.78079629629624, 255.0, 177.8148148148148, 89.33333333333333
210, 607.5813986467323, 191.4555796296296, 254.94444444444446, 178.87037037037038, 89.96296296296296
211, 607.3149791337466, 191.9325944444446, 254.9814814814815, 179.7037037037037, 89.75925925925925
212, 607.0485596207609, 192.61437222222224, 254.9814814814815, 180.8148148148148, 90.01851851851852
213, 606.7821401077751, 193.62805740740737, 254.9814814814815, 182.57407407407408, 89.85185185185185
214, 606.5157205947895, 193.74235740740747, 254.94444444444446, 182.87037037037038, 89.42592592592592
215, 606.2493010818038, 194.26955555555566, 255.0, 183.72222222222223, 89.51851851851852
216, 605.9828815688181, 194.4322962962964, 255.0, 183.9814814814815, 89.61111111111111
217, 605.7164620558324, 195.6194462962962, 254.9814814814815, 185.96296296296296, 89.87037037037037
218, 605.4500425428467, 195.3998203703703, 254.94444444444446, 185.74074074074073, 89.18518518518519
219, 605.183623029861, 196.19302037037045, 254.9814814814815, 187.16666666666666, 88.70370370370371
220, 604.9172035168754, 196.64962962962977, 255.0, 187.87037037037038, 89.03703703703704
221, 604.6507840038896, 197.3125611111109, 254.94444444444446, 189.22222222222223, 88.03703703703704
222, 604.3843644909039, 197.3583833333332, 254.87037037037038, 189.37037037037038, 87.87037037037037
223, 604.1179449779182, 198.37147037037042, 254.92592592592592, 191.11111111111111, 87.64814814814815
224, 603.8515254649325, 198.77050370370364, 254.96296296296296, 191.7037037037037, 88.0
225, 603.5851059519468, 199.33507962962952, 254.94444444444446, 192.7037037037037, 87.85185185185185
226, 603.3186864389611, 199.8678351851851, 254.9814814814815, 193.46296296296296, 88.51851851851852
227, 603.0522669259755, 200.56062962962957, 255.0, 194.64814814814815, 88.44444444444444
228, 602.7858474129897, 201.2782962962963, 255.0, 195.75925925925927, 89.01851851851852
229, 602.5194279000041, 202.12630000000004, 254.96296296296296, 197.24074074074073, 88.92592592592592
230, 602.2530083870183, 202.22504629629626, 254.90740740740742, 197.44444444444446, 88.88888888888889
231, 601.9865888740327, 202.95943333333324, 254.92592592592592, 198.59259259259258, 89.37037037037037
232, 601.7201693610469, 202.8568944444443, 254.94444444444446, 198.44444444444446, 89.18518518518519
233, 601.4537498480612, 203.58155555555535, 255.0, 199.61111111111111, 89.38888888888889
234, 601.1873303350756, 203.41644999999986, 254.94444444444446, 199.44444444444446, 88.94444444444444
235, 600.9209108220898, 203.92733518518514, 254.9814814814815, 200.40740740740742, 88.37037037037037
236, 600.6544913091042, 204.17698518518515, 254.96296296296296, 200.88888888888889, 88.12962962962963
237, 600.3880717961184, 204.65871296296297, 254.90740740740742, 201.88888888888889, 87.35185185185185
238, 600.1216522831328, 204.54802222222222, 254.96296296296296, 201.85185185185185, 86.42592592592592
239, 599.855232770147, 205.2050407407407, 254.77777777777777, 203.14814814814815, 86.0
240, 599.5888132571614, 205.7201407407408, 254.88888888888889, 203.92592592592592, 86.22222222222223
241, 599.3223937441757, 206.14746481481487, 254.9814814814815, 204.83333333333334, 85.05555555555556
242, 599.05597423119, 206.5855574074074, 254.9814814814815, 205.5185185185185, 85.37037037037037
243, 598.7895547182043, 206.9833166666666, 254.9814814814815, 206.3148148148148, 84.75925925925925
244, 598.5231352052185, 207.08852037037028, 254.9814814814815, 206.66666666666666, 83.87037037037037
245, 598.2567156922329, 207.59241851851854, 254.88888888888889, 207.75925925925927, 82.9074074074074
246, 597.9902961792471, 207.7052148148148, 254.88888888888889, 208.1851851851852, 81.70370370370371
247, 597.7238766662615, 208.46340925925927, 254.9814814814815, 209.55555555555554, 81.05555555555556
248, 597.4574571532758, 209.02585185185185, 255.0, 210.64814814814815, 80.31481481481481
249, 597.1910376402901, 209.66794814814816, 254.96296296296296, 211.8148148148148, 80.03703703703704
250, 596.9246181273044, 209.6343333333334, 255.0, 212.16666666666666, 77.83333333333333
251, 596.6581986143187, 210.34618888888897, 254.96296296296296, 213.46296296296296, 77.5
252, 596.391779101333, 210.3501666666668, 255.0, 213.66666666666666, 76.38888888888889
253, 596.1253595883472, 210.9762037037037, 255.0, 214.85185185185185, 75.77777777777777
254, 595.8589400753616, 211.24046296296297, 255.0, 215.37037037037038, 75.42592592592592
255, 595.5925205623759, 211.61183703703708, 254.96296296296296, 216.25925925925927, 74.20370370370371
256, 595.3261010493902, 211.47582037037043, 254.94444444444446, 216.40740740740742, 72.29629629629629
257, 595.0596815364045, 212.25266666666664, 254.8148148148148, 217.8148148148148, 72.20370370370371
258, 594.7932620234188, 212.16678148148142, 254.96296296296296, 217.9814814814815, 70.20370370370371
259, 594.5268425104331, 213.10679999999996, 254.96296296296296, 219.62962962962962, 69.96296296296296
260, 594.2604229974474, 213.3342037037037, 255.0, 220.1851851851852, 69.0
261, 593.9940034844617, 213.95202592592602, 254.92592592592592, 221.44444444444446, 68.12962962962963
262, 593.7275839714761, 213.95661111111124, 255.0, 221.77777777777777, 66.25925925925925
263, 593.4611644584903, 214.74561111111106, 255.0, 223.11111111111111, 66.31481481481481
264, 593.1947449455047, 215.30777777777786, 255.0, 224.38888888888889, 64.66666666666667
265, 592.9283254325189, 215.91139074074067, 254.9814814814815, 225.57407407407408, 63.907407407407405
266, 592.6619059195332, 216.28040925925927, 254.9814814814815, 226.66666666666666, 61.51851851851852
267, 592.3954864065475, 217.18279629629615, 255.0, 228.25925925925927, 61.18518518518518
268, 592.1290668935618, 217.1010777777778, 254.96296296296296, 228.57407407407408, 58.94444444444444
269, 591.8626473805762, 218.26731666666663, 254.9814814814815, 230.53703703703704, 59.01851851851852
270, 591.5962278675904, 218.73898148148157, 255.0, 231.62962962962962, 57.48148148148148
271, 591.3298083546048, 219.36561666666663, 254.94444444444446, 232.83333333333334, 56.925925925925924
272, 591.063388841619, 220.17229814814806, 254.9814814814815, 234.55555555555554, 55.03703703703704
273, 590.7969693286334, 220.81031851851856, 254.96296296296296, 235.77777777777777, 54.388888888888886
274, 590.5305498156476, 221.01870740740736, 254.96296296296296, 236.61111111111111, 51.925925925925924
275, 590.2641303026619, 221.79281481481473, 255.0, 237.90740740740742, 51.94444444444444
276, 589.9977107896763, 222.08527962962964, 254.9814814814815, 238.7962962962963, 49.98148148148148
277, 589.7312912766905, 222.81625925925925, 255.0, 240.24074074074073, 48.907407407407405
278, 589.4648717637049, 222.9769666666667, 254.96296296296296, 240.90740740740742, 46.98148148148148
279, 589.1984522507191, 223.80990925925923, 254.9814814814815, 242.38888888888889, 46.611111111111114
280, 588.9320327377335, 224.2525018518519, 254.9814814814815, 243.46296296296296, 44.96296296296296
281, 588.6656132247477, 225.0696907407408, 254.94444444444446, 244.87037037037038, 44.98148148148148
282, 588.3991937117621, 225.71839814814808, 254.90740740740742, 246.42592592592592, 42.75925925925926
283, 588.1327741987764, 226.9750777777776, 254.96296296296296, 248.46296296296296, 43.148148148148145
284, 587.8663546857906, 227.3985018518519, 254.9814814814815, 249.57407407407408, 41.092592592592595
285, 587.599935172805, 228.11092592592584, 255.0, 250.7962962962963, 41.0
286, 587.3335156598193, 228.32846481481477, 254.9814814814815, 251.5, 39.333333333333336
287, 587.0670961468336, 228.8284481481481, 254.96296296296296, 252.42592592592592, 39.0
288, 586.8006766338478, 228.77924814814816, 254.92592592592592, 252.66666666666666, 37.425925925925924
289, 586.5342571208622, 229.43213148148152, 254.9814814814815, 253.83333333333334, 37.0
290, 586.2678376078765, 229.4792981481482, 254.9814814814815, 254.0, 36.55555555555556
291, 586.0014180948908, 229.59337592592598, 254.94444444444446, 254.40740740740742, 35.55555555555556
292, 585.7349985819051, 229.5492722222223, 254.87037037037038, 254.4814814814815, 34.98148148148148
293, 585.4685790689194, 229.56183333333342, 255.0, 254.55555555555554, 34.370370370370374
294, 585.2021595559337, 229.60868518518524, 255.0, 254.7037037037037, 34.01851851851852
295, 584.935740042948, 229.59938888888885, 255.0, 254.77777777777777, 33.55555555555556
296, 584.6693205299623, 229.43996481481483, 254.9814814814815, 254.66666666666666, 32.77777777777778
297, 584.4029010169766, 229.4769444444444, 255.0, 254.77777777777777, 32.48148148148148
298, 584.1364815039909, 229.35598148148148, 255.0, 254.74074074074073, 31.61111111111111
299, 583.8700619910052, 229.3325370370371, 255.0, 254.85185185185185, 30.833333333333332
300, 583.6036424780195, 228.92641111111112, 254.96296296296296, 254.46296296296296, 29.37037037037037
301, 583.3372229650338, 229.1649074074074, 255.0, 254.92592592592592, 28.98148148148148
302, 583.0708034520482, 228.97087592592595, 254.94444444444446, 254.7962962962963, 28.09259259259259
303, 582.8043839390624, 229.0089999999999, 255.0, 254.94444444444446, 27.51851851851852
304, 582.5379644260768, 228.7133962962962, 254.92592592592592, 254.62962962962962, 26.74074074074074
305, 582.271544913091, 228.9078351851851, 254.9814814814815, 254.90740740740742, 26.87037037037037
306, 582.0051254001053, 228.8305759259259, 254.9814814814815, 254.83333333333334, 26.574074074074073
307, 581.7387058871196, 228.965611111111, 255.0, 255.0, 26.85185185185185
308, 581.4722863741339, 228.85996296296287, 255.0, 254.87037037037038, 26.59259259259259
309, 581.2058668611483, 228.92118518518524, 255.0, 254.87037037037038, 27.12962962962963
310, 580.9394473481625, 228.80720740740745, 254.96296296296296, 254.77777777777777, 26.703703703703702
311, 580.6730278351769, 228.88609444444447, 254.9814814814815, 254.87037037037038, 26.87037037037037
312, 580.4066083221911, 228.84909259259257, 255.0, 254.85185185185185, 26.59259259259259
313, 580.1401888092055, 228.76139259259253, 254.96296296296296, 254.8148148148148, 26.11111111111111
314, 579.8737692962197, 228.71041111111103, 254.96296296296296, 254.7962962962963, 25.75925925925926
315, 579.6073497832341, 228.73181481481467, 255.0, 254.90740740740742, 25.27777777777778
316, 579.3409302702484, 228.58311481481468, 254.96296296296296, 254.75925925925927, 24.833333333333332
317, 579.0745107572627, 228.48355555555554, 255.0, 254.83333333333334, 23.48148148148148
318, 578.808091244277, 228.20119444444433, 254.90740740740742, 254.62962962962962, 22.296296296296298
319, 578.5416717312912, 228.22368888888874, 254.96296296296296, 254.85185185185185, 21.203703703703702
320, 578.2752522183056, 228.1560185185186, 255.0, 254.8148148148148, 20.703703703703702
321, 578.0088327053198, 227.9288388888889, 254.94444444444446, 254.72222222222223, 19.333333333333332
322, 577.7424131923342, 228.00074074074072, 255.0, 254.87037037037038, 19.055555555555557
323, 577.4759936793484, 227.90848148148146, 255.0, 254.90740740740742, 18.055555555555557
324, 577.2095741663628, 227.78494629629628, 254.9814814814815, 254.7962962962963, 17.59259259259259
325, 576.9431546533771, 227.66118888888886, 254.96296296296296, 254.7962962962963, 16.555555555555557
326, 576.6767351403914, 227.46222962962963, 254.92592592592592, 254.7962962962963, 14.907407407407407
327, 576.4103156274057, 227.3344277777778, 254.9814814814815, 254.87037037037038, 13.25925925925926
328, 576.1438961144199, 226.83799259259243, 254.88888888888889, 254.74074074074073, 9.814814814814815
329, 575.8774766014343, 226.4120851851852, 254.88888888888889, 254.64814814814815, 6.555555555555555
330, 575.6110570884485, 226.10460740740743, 254.85185185185185, 254.72222222222223, 3.574074074074074
331, 575.3446375754629, 225.98181851851845, 254.96296296296296, 254.61111111111111, 2.7777777777777777
332, 575.0782180624772, 225.81070370370364, 255.0, 254.57407407407408, 1.3703703703703705
333, 574.8117985494915, 225.88057777777777, 254.96296296296296, 254.74074074074073, 1.2222222222222223
334, 574.5453790365058, 225.76369074074077, 254.94444444444446, 254.64814814814815, 0.7222222222222222
335, 574.2789595235201, 225.720675925926, 254.16666666666666, 254.74074074074073, 1.9074074074074074
336, 574.0125400105344, 225.34180370370362, 252.88888888888889, 254.7962962962963, 1.6481481481481481
337, 573.7461204975486, 225.02001666666663, 251.6851851851852, 254.7962962962963, 1.9814814814814814
338, 573.479700984563, 224.48778703703704, 249.90740740740742, 254.87037037037038, 1.5925925925925926
339, 573.2132814715774, 223.6094148148148, 247.88888888888889, 254.46296296296296, 1.2777777777777777
340, 572.9468619585916, 222.45225370370366, 243.94444444444446, 254.62962962962962, 0.6111111111111112
341, 572.6804424456059, 221.07039259259255, 239.40740740740742, 254.4814814814815, 1.1481481481481481
342, 572.4140229326202, 219.45803888888884, 234.42592592592592, 254.42592592592592, 0.35185185185185186
343, 572.1476034196345, 218.52757222222223, 231.12962962962962, 254.2962962962963, 1.5
344, 571.8811839066489, 217.48213888888884, 227.12962962962962, 254.6851851851852, 0.8148148148148148
345, 571.6147643936631, 215.79575370370367, 221.90740740740742, 254.25925925925927, 1.9074074074074074
346, 571.3483448806775, 214.70621111111106, 218.07407407407408, 254.46296296296296, 1.3518518518518519
347, 571.0819253676917, 214.04597037037036, 214.92592592592592, 254.83333333333334, 1.9074074074074074
348, 570.8155058547061, 212.5991092592593, 210.94444444444446, 254.62962962962962, 0.7037037037037037
349, 570.5490863417203, 212.10299259259264, 209.33333333333334, 254.5185185185185, 1.1481481481481481
350, 570.2826668287346, 210.83370185185183, 205.2037037037037, 254.57407407407408, 0.5555555555555556
351, 570.016247315749, 210.23429259259262, 202.8148148148148, 254.61111111111111, 1.3703703703703705
352, 569.7498278027632, 209.13351111111126, 198.96296296296296, 254.85185185185185, 0.5740740740740741
353, 569.4834082897776, 207.85304814814808, 194.7037037037037, 254.66666666666666, 1.462962962962963
354, 569.2169887767918, 206.82077222222222, 191.35185185185185, 254.74074074074073, 0.8148148148148148
355, 568.9505692638062, 205.6779611111111, 188.35185185185185, 254.2962962962963, 0.9444444444444444
356, 568.6841497508204, 204.8343574074074, 184.94444444444446, 254.64814814814815, 0.6666666666666666
357, 568.4177302378348, 203.82323703703696, 181.5185185185185, 254.53703703703704, 1.3518518518518519
358, 568.151310724849, 202.522362962963, 177.2962962962963, 254.61111111111111, 0.6296296296296297
359, 567.8848912118633, 201.4521537037037, 173.83333333333334, 254.40740740740742, 1.3703703703703705
360, 567.6184716988777, 200.44945925925927, 170.03703703703704, 254.72222222222223, 0.9074074074074074
361, 567.3520521858919, 199.00844259259262, 165.0185185185185, 254.59259259259258, 2.0925925925925926
362, 567.0856326729063, 197.47090370370367, 160.40740740740742, 254.53703703703704, 0.9814814814814815
363, 566.8192131599205, 196.19041296296302, 155.6851851851852, 254.66666666666666, 1.462962962962963
364, 566.5527936469349, 194.5615407407406, 150.88888888888889, 254.4814814814815, 0.7037037037037037
365, 566.2863741339492, 193.40622037037033, 146.87037037037038, 254.44444444444446, 1.2962962962962963
366, 566.0199546209635, 191.95546666666675, 142.1851851851852, 254.46296296296296, 0.7592592592592593
367, 565.7535351079778, 190.47913518518524, 136.9814814814815, 254.5185185185185, 1.1666666666666667
368, 565.4871155949921, 188.77282037037034, 131.61111111111111, 254.40740740740742, 0.8518518518518519
369, 565.2206960820064, 187.34532962962967, 126.51851851851852, 254.38888888888889, 1.7777777777777777
370, 564.9542765690207, 186.32396666666656, 122.18518518518519, 254.85185185185185, 1.7962962962962963
371, 564.687857056035, 185.09220925925928, 118.27777777777777, 254.57407407407408, 2.6666666666666665
372, 564.4214375430493, 183.73531111111112, 113.55555555555556, 254.55555555555554, 3.240740740740741
373, 564.1550180300636, 181.9504037037037, 107.81481481481481, 254.22222222222223, 4.351851851851852
374, 563.8885985170779, 180.57994999999997, 102.53703703703704, 254.4814814814815, 4.833333333333333
375, 563.6221790040922, 179.07576481481485, 97.16666666666667, 254.46296296296296, 5.814814814814815
376, 563.3557594911065, 176.90669074074071, 90.31481481481481, 254.2962962962963, 5.611111111111111
377, 563.0893399781208, 175.7312981481482, 85.16666666666667, 254.6851851851852, 6.796296296296297
378, 562.8229204651351, 173.81487222222225, 78.68518518518519, 254.7962962962963, 6.407407407407407
379, 562.5565009521495, 172.069637037037, 73.44444444444444, 254.46296296296296, 6.555555555555555
380, 562.2900814391637, 170.1377537037038, 67.27777777777777, 254.46296296296296, 5.777777777777778
381, 562.023661926178, 168.69412592592593, 62.074074074074076, 254.7037037037037, 5.518518518518518
382, 561.7572424131923, 165.7613962962963, 54.0, 254.2037037037037, 3.537037037037037
383, 561.4908229002066, 163.66476111111115, 46.46296296296296, 254.57407407407408, 3.0
384, 561.224403387221, 160.41081666666665, 37.574074074074076, 253.85185185185185, 1.4814814814814814
385, 560.9579838742352, 157.84746666666663, 29.77777777777778, 253.55555555555554, 0.9629629629629629
386, 560.6915643612496, 156.95683148148143, 25.38888888888889, 254.24074074074073, 1.1296296296296295
387, 560.4251448482638, 156.56923148148147, 22.87037037037037, 254.61111111111111, 2.425925925925926
388, 560.1587253352782, 155.48812407407408, 18.944444444444443, 254.7037037037037, 2.759259259259259
389, 559.8923058222924, 154.76967037037036, 15.88888888888889, 254.74074074074073, 4.277777777777778
390, 559.6258863093067, 153.23677592592594, 11.314814814814815, 254.55555555555554, 3.7777777777777777
391, 559.359466796321, 152.22603333333336, 8.0, 254.5, 3.888888888888889
392, 559.0930472833353, 151.3660444444444, 5.111111111111111, 254.33333333333334, 4.777777777777778
393, 558.8266277703497, 150.9654888888889, 2.888888888888889, 254.44444444444446, 6.518518518518518
394, 558.5602082573639, 151.02976851851852, 1.7592592592592593, 254.74074074074073, 8.518518518518519
395, 558.2937887443783, 151.19395, 1.6111111111111112, 254.83333333333334, 9.87037037037037
396, 558.0273692313925, 151.26626296296294, 1.4444444444444444, 254.8148148148148, 11.037037037037036
397, 557.7609497184069, 151.64952962962965, 1.7407407407407407, 254.88888888888889, 13.24074074074074
398, 557.4945302054211, 151.6712277777778, 1.4259259259259258, 254.87037037037038, 14.351851851851851
399, 557.2281106924355, 151.75395000000003, 1.2407407407407407, 254.7962962962963, 15.944444444444445
400, 556.9616911794498, 152.14446481481482, 1.6481481481481481, 254.83333333333334, 18.11111111111111
401, 556.6952716664641, 152.49251111111113, 1.3703703703703705, 254.9814814814815, 21.12962962962963
402, 556.4288521534784, 152.65395370370368, 1.3888888888888888, 254.96296296296296, 22.59259259259259
403, 556.1624326404926, 152.89992777777778, 1.6481481481481481, 254.8148148148148, 24.833333333333332
404, 555.896013127507, 153.26758703703703, 1.9074074074074074, 254.87037037037038, 27.09259259259259
405, 555.6295936145212, 153.25412037037034, 1.2037037037037037, 254.77777777777777, 29.296296296296298
406, 555.3631741015356, 153.59142592592585, 1.4814814814814814, 254.83333333333334, 31.24074074074074
407, 555.0967545885499, 154.10225185185186, 1.9259259259259258, 254.96296296296296, 33.888888888888886
408, 554.8303350755642, 154.09447962962966, 1.6851851851851851, 254.88888888888889, 34.833333333333336
409, 554.5639155625785, 154.14093148148143, 1.0555555555555556, 254.90740740740742, 36.7962962962963
410, 554.2974960495928, 154.46542407407404, 1.3148148148148149, 254.90740740740742, 38.96296296296296
411, 554.0310765366071, 154.62012407407403, 1.1666666666666667, 254.8148148148148, 41.18518518518518
412, 553.7646570236213, 154.88170555555553, 1.462962962962963, 254.6851851851852, 43.370370370370374
413, 553.4982375106357, 155.21635, 1.3148148148148149, 254.87037037037038, 45.74074074074074
414, 553.23181799765, 155.29545000000002, 1.2407407407407407, 254.74074074074073, 47.2962962962963
415, 552.9653984846643, 155.60644259259257, 1.1296296296296295, 254.87037037037038, 49.648148148148145
416, 552.6989789716786, 155.9557018518519, 1.5, 254.87037037037038, 51.74074074074074
417, 552.4325594586929, 156.29182962962958, 1.5185185185185186, 254.94444444444446, 54.25925925925926
418, 552.1661399457072, 156.22257222222223, 1.1296296296296295, 254.85185185185185, 55.148148148148145
419, 551.8997204327216, 156.7443537037037, 1.6481481481481481, 254.94444444444446, 57.888888888888886
420, 551.6333009197358, 156.72913518518519, 1.4259259259259258, 254.85185185185185, 58.81481481481482
421, 551.36688140675, 156.99655370370363, 1.3148148148148149, 254.77777777777777, 61.833333333333336
422, 551.1004618937644, 157.23942592592587, 1.4814814814814814, 254.83333333333334, 63.24074074074074
423, 550.8340423807788, 157.60540555555556, 1.8703703703703705, 254.87037037037038, 65.24074074074075
424, 550.567622867793, 157.6188925925926, 1.8148148148148149, 254.77777777777777, 65.98148148148148
425, 550.3012033548073, 158.0447814814815, 2.185185185185185, 254.8148148148148, 68.55555555555556
426, 550.0347838418216, 157.8075925925926, 1.6666666666666667, 254.57407407407408, 69.07407407407408
427, 549.7683643288359, 158.11575740740747, 1.3148148148148149, 254.7962962962963, 71.55555555555556
428, 549.5019448158503, 158.35711851851852, 1.5925925925925926, 254.7962962962963, 72.94444444444444
429, 549.2355253028645, 158.6859462962963, 1.6481481481481481, 254.90740740740742, 75.11111111111111
430, 548.9691057898789, 158.6494185185185, 1.5555555555555556, 254.75925925925927, 75.79629629629629
431, 548.7026862768931, 158.98577592592594, 1.5, 254.90740740740742, 78.12962962962963
432, 548.4362667639075, 158.98787777777775, 1.4074074074074074, 254.7962962962963, 78.96296296296296
433, 548.1698472509217, 159.34330000000006, 1.6296296296296295, 254.90740740740742, 80.92592592592592
434, 547.903427737936, 159.20346296296304, 1.2962962962962963, 254.77777777777777, 81.24074074074075
435, 547.6370082249504, 159.5758907407408, 1.6481481481481481, 254.85185185185185, 83.20370370370371
436, 547.3705887119646, 159.67231851851852, 1.6296296296296295, 254.88888888888889, 83.9074074074074
437, 547.104169198979, 159.90693518518515, 1.5740740740740742, 254.88888888888889, 86.11111111111111
438, 546.8377496859932, 159.97234999999998, 1.6851851851851851, 254.7962962962963, 86.87037037037037
439, 546.5713301730076, 160.12991481481478, 1.5925925925925926, 254.88888888888889, 88.01851851851852
440, 546.3049106600218, 160.23912592592595, 1.7037037037037037, 254.88888888888889, 88.68518518518519
441, 546.0384911470362, 160.47394259259258, 1.6851851851851851, 254.87037037037038, 90.88888888888889
442, 545.7720716340505, 160.59562037037043, 1.7592592592592593, 254.88888888888889, 91.66666666666667
443, 545.5056521210647, 160.57031851851858, 1.2592592592592593, 254.74074074074073, 93.51851851851852
444, 545.2392326080791, 160.79036851851848, 1.5, 254.75925925925927, 94.72222222222223
445, 544.9728130950933, 161.33146481481484, 2.0185185185185186, 254.87037037037038, 97.53703703703704
446, 544.7063935821077, 161.15698888888886, 1.5925925925925926, 254.7037037037037, 97.98148148148148
447, 544.439974069122, 161.53990740740744, 1.6666666666666667, 254.8148148148148, 100.57407407407408
448, 544.1735545561363, 161.51401851851858, 1.4814814814814814, 254.6851851851852, 101.5
449, 543.9071350431506, 161.70586481481482, 1.1666666666666667, 254.74074074074073, 103.72222222222223
450, 543.6407155301649, 162.08360925925925, 1.8703703703703705, 254.77777777777777, 105.0
451, 543.3742960171792, 162.34342222222227, 1.8888888888888888, 254.83333333333334, 106.94444444444444
452, 543.1078765041935, 162.3168518518518, 1.8518518518518519, 254.66666666666666, 107.66666666666667
453, 542.8414569912078, 162.68186851851854, 1.3148148148148149, 254.90740740740742, 111.03703703703704
454, 542.5750374782222, 162.5938425925926, 1.0185185185185186, 254.8148148148148, 111.51851851851852
455, 542.3086179652364, 162.8831592592593, 1.1851851851851851, 254.87037037037038, 113.33333333333333
456, 542.0421984522507, 163.22812407407403, 1.9074074074074074, 254.88888888888889, 114.37037037037037
457, 541.775778939265, 163.25649259259262, 1.5555555555555556, 254.7962962962963, 116.01851851851852
458, 541.5093594262793, 163.21834444444443, 1.3703703703703705, 254.8148148148148, 116.07407407407408
459, 541.2429399132936, 163.54257222222225, 1.3148148148148149, 254.87037037037038, 118.77777777777777
460, 540.9765204003079, 163.51032962962964, 1.3333333333333333, 254.75925925925927, 119.01851851851852
461, 540.7101008873223, 163.75538518518522, 1.1481481481481481, 254.7962962962963, 121.46296296296296
462, 540.4436813743365, 163.82639444444445, 1.0555555555555556, 254.88888888888889, 121.85185185185185
463, 540.1772618613509, 163.98263888888889, 1.0185185185185186, 254.7962962962963, 123.79629629629629
464, 539.9108423483651, 164.06723148148157, 1.2037037037037037, 254.77777777777777, 124.14814814814815
465, 539.6444228353794, 164.44037222222227, 1.462962962962963, 254.90740740740742, 126.07407407407408
466, 539.3780033223937, 164.28758703703704, 1.3518518518518519, 254.7037037037037, 126.07407407407408
467, 539.111583809408, 164.29056666666668, 0.8148148148148148, 254.75925925925927, 127.22222222222223
468, 538.8451642964224, 164.45022592592593, 1.2592592592592593, 254.72222222222223, 127.64814814814815
469, 538.5787447834366, 164.8294166666667, 1.5740740740740742, 254.85185185185185, 129.4814814814815
470, 538.312325270451, 164.68744629629634, 1.2777777777777777, 254.8148148148148, 129.2037037037037
471, 538.0459057574652, 164.75999074074073, 1.2037037037037037, 254.7962962962963, 130.12962962962962
472, 537.7794862444796, 164.84218888888884, 1.4444444444444444, 254.77777777777777, 130.3148148148148
473, 537.5130667314938, 165.1289962962963, 1.7037037037037037, 254.7962962962963, 132.05555555555554
474, 537.2466472185081, 165.08705555555554, 1.4814814814814814, 254.87037037037038, 131.88888888888889
475, 536.9802277055225, 165.40587592592595, 1.7962962962962963, 254.92592592592592, 133.57407407407408
476, 536.7138081925368, 165.1468722222223, 1.462962962962963, 254.74074074074073, 133.12962962962962
477, 536.4473886795511, 165.05642037037032, 1.1666666666666667, 254.62962962962962, 133.6851851851852
478, 536.1809691665653, 165.06295370370367, 1.2037037037037037, 254.61111111111111, 133.74074074074073
479, 535.9145496535797, 165.57136296296292, 1.7407407407407407, 254.83333333333334, 135.64814814814815
480, 535.6481301405939, 165.47515370370377, 1.4259259259259258, 254.83333333333334, 135.62962962962962
481, 535.3817106276083, 165.74253148148145, 1.7222222222222223, 254.7962962962963, 137.38888888888889
482, 535.1152911146226, 165.73668148148147, 1.7037037037037037, 254.77777777777777, 137.4814814814815
483, 534.8488716016368, 165.92845555555556, 1.7407407407407407, 254.85185185185185, 138.6851851851852
484, 534.5824520886512, 165.85329814814816, 1.6481481481481481, 254.66666666666666, 139.22222222222223
485, 534.3160325756655, 166.00287037037037, 1.4814814814814814, 254.72222222222223, 140.6851851851852
486, 534.0496130626798, 166.18531666666675, 1.462962962962963, 254.85185185185185, 141.66666666666666
487, 533.783193549694, 166.47372037037042, 1.6851851851851851, 254.87037037037038, 143.5185185185185
488, 533.5167740367084, 166.56521296296307, 1.7592592592592593, 254.85185185185185, 144.22222222222223
489, 533.2503545237226, 166.82667592592594, 1.7592592592592593, 254.83333333333334, 146.61111111111111
490, 532.983935010737, 166.72136296296298, 1.5555555555555556, 254.7037037037037, 146.88888888888889
491, 532.7175154977513, 167.21287037037038, 1.6666666666666667, 254.96296296296296, 149.57407407407408
492, 532.4510959847656, 167.18151111111115, 1.7407407407407407, 254.7962962962963, 149.96296296296296
493, 532.1846764717799, 167.4567537037037, 1.7222222222222223, 254.7962962962963, 152.42592592592592
494, 531.9182569587942, 167.30607592592588, 1.2777777777777777, 254.74074074074073, 152.55555555555554
495, 531.6518374458085, 167.68705185185186, 1.3333333333333333, 254.8148148148148, 155.37037037037038
496, 531.3854179328227, 167.73857037037038, 1.3333333333333333, 254.74074074074073, 156.2037037037037
497, 531.1189984198371, 168.33215925925927, 1.7407407407407407, 254.92592592592592, 159.38888888888889
498, 530.8525789068515, 168.17280740740736, 1.3703703703703705, 254.7962962962963, 159.62962962962962
499, 530.5861593938657, 168.43513148148145, 1.462962962962963, 254.8148148148148, 161.59259259259258
500, 530.31973988088, 168.40664814814815, 1.2962962962962963, 254.7037037037037, 162.35185185185185
501, 530.0533203678943, 168.78631111111113, 1.3333333333333333, 254.77777777777777, 165.2037037037037
502, 529.7869008549086, 168.76207962962965, 1.0555555555555556, 254.75925925925927, 165.8148148148148
503, 529.520481341923, 169.13867777777781, 1.5555555555555556, 254.83333333333334, 167.42592592592592
504, 529.2540618289372, 169.17838888888892, 1.4814814814814814, 254.87037037037038, 167.77777777777777
505, 528.9876423159515, 169.42399259259258, 1.5555555555555556, 254.85185185185185, 169.83333333333334
506, 528.7212228029658, 169.44670000000002, 1.5185185185185186, 254.85185185185185, 170.12962962962962
507, 528.4548032899802, 169.71854999999996, 1.537037037037037, 254.87037037037038, 172.37037037037038
508, 528.1883837769944, 169.56758888888888, 1.1481481481481481, 254.8148148148148, 172.35185185185185
509, 527.9219642640087, 169.86640185185186, 1.3518518518518519, 254.77777777777777, 174.62962962962962
510, 527.6555447510231, 169.79886851851856, 1.3148148148148149, 254.6851851851852, 174.61111111111111
511, 527.3891252380373, 170.09001111111115, 1.3703703703703705, 254.8148148148148, 176.35185185185185
512, 527.1227057250517, 170.29020925925923, 1.6111111111111112, 254.90740740740742, 177.0
513, 526.8562862120659, 170.3138962962963, 1.4074074074074074, 254.66666666666666, 178.9814814814815
514, 526.5898666990803, 170.4525555555556, 1.4814814814814814, 254.8148148148148, 179.24074074074073
515, 526.3234471860945, 170.36589814814815, 1.3888888888888888, 254.57407407407408, 179.96296296296296
516, 526.0570276731089, 170.46632592592593, 1.3703703703703705, 254.72222222222223, 180.12962962962962
517, 525.7906081601232, 170.68473518518513, 1.1666666666666667, 254.75925925925927, 182.38888888888889
518, 525.5241886471374, 170.70507592592588, 0.9074074074074074, 254.92592592592592, 182.38888888888889
519, 525.2577691341518, 170.868862962963, 1.1851851851851851, 254.83333333333334, 183.57407407407408
520, 524.991349621166, 170.7620148148148, 0.9629629629629629, 254.8148148148148, 183.3148148148148
521, 524.7249301081804, 170.99107592592586, 1.0925925925925926, 254.83333333333334, 184.88888888888889
522, 524.4585105951946, 171.2224611111111, 1.6851851851851851, 254.7962962962963, 185.55555555555554
523, 524.192091082209, 171.21565740740735, 1.5740740740740742, 254.61111111111111, 186.74074074074073
524, 523.9256715692233, 171.08889259259254, 1.0740740740740742, 254.7037037037037, 186.46296296296296
525, 523.6592520562376, 171.50348888888882, 1.4074074074074074, 254.85185185185185, 188.46296296296296
526, 523.3928325432519, 171.24611111111105, 0.9259259259259259, 254.75925925925927, 187.94444444444446
527, 523.1264130302661, 171.70153333333334, 1.3333333333333333, 254.88888888888889, 190.2037037037037
528, 522.8599935172805, 171.7409333333333, 1.5925925925925926, 254.75925925925927, 190.53703703703704
529, 522.5935740042949, 171.96908148148142, 1.7777777777777777, 254.74074074074073, 192.14814814814815
530, 522.3271544913091, 171.92428518518517, 1.5925925925925926, 254.74074074074073, 192.24074074074073
531, 522.0607349783234, 172.28701666666663, 1.8703703703703705, 254.92592592592592, 193.74074074074073
532, 521.7943154653377, 172.14033333333336, 1.6666666666666667, 254.72222222222223, 194.03703703703704
533, 521.527895952352, 172.49814074074075, 1.7407407407407407, 254.72222222222223, 196.9814814814815
534, 521.2614764393663, 172.6119185185185, 1.7407407407407407, 254.83333333333334, 197.40740740740742
535, 520.9950569263806, 172.7712814814815, 1.8148148148148149, 254.83333333333334, 198.61111111111111
536, 520.7286374133948, 172.88959814814814, 1.9814814814814814, 254.88888888888889, 198.92592592592592
537, 520.4622179004092, 173.0647037037037, 1.8518518518518519, 254.92592592592592, 200.61111111111111
538, 520.1957983874236, 173.00638333333333, 1.9074074074074074, 254.74074074074073, 200.90740740740742
539, 519.9293788744378, 173.35815000000002, 2.0185185185185186, 254.85185185185185, 203.12962962962962
540, 519.6629593614521, 173.4766055555556, 2.2777777777777777, 254.77777777777777, 203.87037037037038
541, 519.3965398484664, 173.5514166666667, 1.7592592592592593, 254.75925925925927, 205.9814814814815
542, 519.1301203354807, 173.5053074074074, 1.5555555555555556, 254.75925925925927, 206.11111111111111
543, 518.863700822495, 173.6468555555555, 1.2592592592592593, 254.75925925925927, 208.12962962962962
544, 518.5972813095093, 173.76525740740738, 1.5, 254.75925925925927, 208.53703703703704
545, 518.3308617965237, 174.01419999999996, 1.5185185185185186, 254.7962962962963, 210.4814814814815
546, 518.0644422835379, 173.8157111111111, 1.037037037037037, 254.8148148148148, 209.90740740740742
547, 517.7980227705523, 174.17370740740733, 1.4444444444444444, 254.92592592592592, 211.40740740740742
548, 517.5316032575665, 174.02283333333332, 1.2962962962962963, 254.74074074074073, 211.42592592592592
549, 517.2651837445808, 174.44965555555555, 1.4074074074074074, 254.7962962962963, 214.59259259259258
550, 516.9987642315951, 174.55687037037046, 1.4814814814814814, 254.83333333333334, 215.14814814814815
551, 516.7323447186095, 174.72351111111118, 1.5555555555555556, 254.88888888888889, 216.12962962962962
552, 516.4659252056238, 174.44507592592598, 1.0925925925925926, 254.72222222222223, 215.75925925925927
553, 516.199505692638, 174.9193314814815, 1.6851851851851851, 254.8148148148148, 217.88888888888889
554, 515.9330861796524, 174.84937037037045, 1.4814814814814814, 254.77777777777777, 218.0
555, 515.6666666666666, 174.991462962963, 1.1111111111111112, 254.87037037037038, 219.74074074074073
556, 515.400247153681, 174.98107777777784, 1.2592592592592593, 254.75925925925927, 219.83333333333334
557, 515.1338276406952, 175.22867407407406, 1.037037037037037, 254.85185185185185, 222.11111111111111
558, 514.8674081277095, 175.37061296296295, 1.2777777777777777, 254.87037037037038, 222.62962962962962
559, 514.6009886147239, 175.57813333333337, 1.4444444444444444, 254.83333333333334, 224.2037037037037
560, 514.3345691017382, 175.5440944444444, 1.462962962962963, 254.74074074074073, 224.33333333333334
561, 514.0681495887525, 175.963312962963, 1.8703703703703705, 254.85185185185185, 226.37037037037038
562, 513.8017300757667, 175.8976888888889, 1.6296296296296295, 254.85185185185185, 226.42592592592592
563, 513.5353105627811, 175.98521111111114, 1.5925925925925926, 254.8148148148148, 227.4814814814815
564, 513.2688910497953, 176.1589851851852, 1.8148148148148149, 254.7962962962963, 228.5185185185185
565, 513.0024715368097, 176.22757777777784, 1.2592592592592593, 254.8148148148148, 230.4814814814815
566, 512.736052023824, 176.32714629629638, 1.3148148148148149, 254.85185185185185, 231.0185185185185
567, 512.4696325108383, 176.61560185185192, 1.3888888888888888, 254.87037037037038, 233.25925925925927
568, 512.2032129978526, 176.63927592592603, 1.3148148148148149, 254.83333333333334, 233.85185185185185
569, 511.9367934848669, 176.88398518518517, 1.0740740740740742, 254.83333333333334, 236.62962962962962
570, 511.6703739718812, 177.2625796296297, 1.6111111111111112, 254.87037037037038, 238.35185185185185
571, 511.4039544588955, 177.4329685185185, 1.2407407407407407, 254.88888888888889, 240.72222222222223
572, 511.1375349459098, 177.46477222222222, 1.1666666666666667, 254.83333333333334, 241.4814814814815
573, 510.87111543292406, 177.76138888888892, 1.2962962962962963, 254.85185185185185, 243.64814814814815
574, 510.6046959199384, 177.78052592592593, 1.2222222222222223, 254.7962962962963, 244.2962962962963
575, 510.3382764069527, 178.12869259259267, 1.4074074074074074, 254.75925925925927, 247.05555555555554
576, 510.07185689396704, 178.28229814814824, 1.462962962962963, 254.87037037037038, 247.6851851851852
577, 509.8054373809813, 178.50242222222226, 1.5185185185185186, 254.7962962962963, 249.85185185185185
578, 509.5390178679956, 178.38312962962962, 1.2962962962962963, 254.66666666666666, 250.05555555555554
579, 509.2725983550099, 178.88377962962966, 2.0185185185185186, 254.77777777777777, 251.9814814814815
580, 509.0061788420242, 178.5770925925926, 1.4814814814814814, 254.5, 252.12962962962962
581, 508.7397593290385, 179.0787685185186, 1.9444444444444444, 254.75925925925927, 253.9814814814815
582, 508.4733398160528, 179.18056296296302, 1.962962962962963, 254.83333333333334, 254.44444444444446
583, 508.20692030306714, 179.15125740740746, 1.6851851851851851, 254.88888888888889, 254.62962962962962
584, 507.9405007900814, 178.81465000000009, 1.462962962962963, 254.5185185185185, 254.16666666666666
585, 507.67408127709575, 179.17527777777784, 1.6666666666666667, 254.88888888888889, 254.88888888888889
586, 507.40766176411, 178.9779277777778, 1.462962962962963, 254.6851851851852, 254.74074074074073
587, 507.14124225112437, 178.93194074074074, 1.8888888888888888, 254.42592592592592, 254.55555555555554
588, 506.8748227381386, 179.0485740740741, 1.8518518518518519, 254.61111111111111, 254.72222222222223
589, 506.6084032251529, 179.0363592592592, 1.7777777777777777, 254.57407407407408, 255.0
590, 506.34198371216723, 178.49147407407403, 1.7407407407407407, 253.72222222222223, 254.7037037037037
591, 506.07556419918154, 178.37167222222217, 1.9814814814814814, 253.37037037037038, 254.83333333333334
592, 505.80914468619585, 177.80316481481472, 1.8703703703703705, 252.55555555555554, 254.33333333333334
593, 505.54272517321016, 177.44557962962958, 1.9814814814814814, 251.7962962962963, 254.8148148148148
594, 505.27630566022447, 176.9607759259259, 1.5, 251.24074074074073, 254.6851851851852
595, 505.0098861472387, 176.22701296296296, 1.7222222222222223, 249.87037037037038, 254.72222222222223
596, 504.7434666342531, 175.29372962962967, 1.2222222222222223, 248.59259259259258, 254.42592592592592
597, 504.47704712126733, 174.49839444444447, 1.7962962962962963, 246.85185185185185, 254.90740740740742
598, 504.2106276082817, 173.8371259259259, 1.5185185185185186, 245.87037037037038, 254.88888888888889
599, 503.94420809529595, 173.19748518518514, 1.4444444444444444, 244.8148148148148, 254.90740740740742
600, 503.67778858231026, 172.51330925925922, 1.1666666666666667, 243.85185185185185, 254.59259259259258
601, 503.41136906932456, 171.2851240740741, 0.9814814814814815, 241.7962962962963, 254.88888888888889
602, 503.1449495563389, 170.50825, 0.6481481481481481, 240.7037037037037, 254.57407407407408
603, 502.8785300433532, 169.1262574074074, 0.9444444444444444, 238.14814814814815, 254.83333333333334
604, 502.6121105303675, 168.5808555555555, 0.7037037037037037, 237.37037037037038, 254.6851851851852
605, 502.3456910173818, 167.98704074074078, 1.6296296296296295, 235.83333333333334, 254.96296296296296
606, 502.07927150439605, 167.26913703703704, 1.037037037037037, 234.94444444444446, 254.7962962962963
607, 501.8128519914104, 166.80921851851855, 1.7037037037037037, 233.7962962962963, 254.92592592592592
608, 501.54643247842466, 166.32489814814815, 1.2037037037037037, 233.22222222222223, 254.94444444444446
609, 501.280012965439, 165.8308833333333, 1.537037037037037, 232.2037037037037, 254.9814814814815
610, 501.0135934524533, 165.02453518518516, 0.9444444444444444, 231.2037037037037, 254.61111111111111
611, 500.7471739394676, 165.29253148148146, 1.537037037037037, 231.33333333333334, 254.74074074074073
612, 500.4807544264819, 164.913975925926, 1.1666666666666667, 230.85185185185185, 254.87037037037038
613, 500.2143349134962, 164.60604259259264, 1.7962962962962963, 229.9814814814815, 255.0
614, 499.9479154005105, 163.39232037037047, 0.8703703703703703, 228.38888888888889, 254.9814814814815
615, 499.68149588752476, 163.35355185185185, 1.5185185185185186, 228.0, 254.94444444444446
616, 499.4150763745391, 161.47034629629633, 0.24074074074074073, 225.5, 254.64814814814815
617, 499.1486568615534, 161.21876111111118, 0.9074074074074074, 224.6851851851852, 254.88888888888889
618, 498.88223734856774, 160.97367777777777, 0.8148148148148148, 224.3148148148148, 254.88888888888889
619, 498.615817835582, 160.45447407407406, 1.7407407407407407, 222.94444444444446, 254.96296296296296
620, 498.34939832259636, 159.2718814814814, 0.8148148148148148, 221.44444444444446, 254.74074074074073
621, 498.0829788096106, 158.9765296296296, 1.3703703703703705, 220.62962962962962, 254.88888888888889
622, 497.8165592966249, 158.878811111111, 1.3333333333333333, 220.5, 254.7962962962963
623, 497.5501397836392, 158.5981518518518, 1.8148148148148149, 219.74074074074073, 254.9814814814815
624, 497.28372027065353, 157.76982962962958, 0.9629629629629629, 218.77777777777777, 254.90740740740742
625, 497.01730075766784, 157.47861481481482, 1.4444444444444444, 218.0185185185185, 255.0
626, 496.7508812446821, 156.66319259259257, 0.8518518518518519, 216.9814814814815, 254.74074074074073
627, 496.48446173169646, 156.25884999999997, 1.1296296296296295, 216.12962962962962, 254.85185185185185
628, 496.2180422187107, 155.81669999999997, 0.7777777777777778, 215.55555555555554, 254.85185185185185
629, 495.9516227057251, 155.40890925925925, 1.6481481481481481, 214.38888888888889, 255.0
630, 495.6852031927393, 154.91905555555553, 1.2962962962962963, 213.74074074074073, 254.96296296296296
631, 495.41878367975363, 154.6376259259259, 1.5185185185185186, 213.14814814814815, 254.96296296296296
632, 495.15236416676794, 154.63671296296295, 1.5740740740740742, 213.11111111111111, 255.0
633, 494.88594465378225, 153.28629999999995, 0.8888888888888888, 211.16666666666666, 254.96296296296296
634, 494.61952514079655, 152.46040740740736, 0.37037037037037035, 210.07407407407408, 254.7037037037037
635, 494.35310562781086, 152.4877166666667, 1.3518518518518519, 209.57407407407408, 254.94444444444446
636, 494.08668611482517, 152.4557037037037, 1.2962962962962963, 209.53703703703704, 255.0
637, 493.8202666018394, 152.16026851851854, 1.9444444444444444, 208.7037037037037, 255.0
638, 493.5538470888538, 151.23753703703707, 1.1111111111111112, 207.57407407407408, 254.90740740740742
639, 493.28742757586804, 150.998962962963, 1.6666666666666667, 206.87037037037038, 254.9814814814815
640, 493.0210080628824, 149.7788203703704, 0.5, 205.40740740740742, 254.87037037037038
641, 492.75458854989665, 150.08074074074082, 1.1111111111111112, 205.59259259259258, 254.96296296296296
642, 492.48816903691096, 149.5401574074075, 0.6481481481481481, 204.90740740740742, 254.96296296296296
643, 492.22174952392527, 149.37747777777787, 1.3333333333333333, 204.27777777777777, 254.9814814814815
644, 491.9553300109396, 148.74893333333338, 0.8518518518518519, 203.46296296296296, 254.92592592592592
645, 491.6889104979539, 147.94438888888888, 1.6666666666666667, 201.66666666666666, 254.9814814814815
646, 491.4224909849682, 147.47094074074073, 1.3333333333333333, 201.03703703703704, 254.94444444444446
647, 491.1560714719825, 146.773837037037, 1.0740740740740742, 199.9814814814815, 254.94444444444446
648, 490.88965195899675, 145.87627222222216, 0.42592592592592593, 198.8148148148148, 254.77777777777777
649, 490.6232324460111, 145.64018148148145, 1.3333333333333333, 197.90740740740742, 255.0
650, 490.35681293302537, 145.11460925925925, 1.1296296296296295, 197.14814814814815, 254.83333333333334
651, 490.09039342003973, 144.76408148148144, 2.1481481481481484, 196.0, 255.0
652, 489.823973907054, 143.15936666666659, 0.7777777777777778, 194.0, 254.8148148148148
653, 489.5575543940683, 142.03777962962957, 1.0925925925925926, 191.90740740740742, 254.92592592592592
654, 489.2911348810826, 141.10281666666666, 0.7222222222222222, 190.61111111111111, 254.37037037037038
655, 489.0247153680969, 140.78586666666666, 1.7037037037037037, 189.4814814814815, 254.83333333333334
656, 488.7582958551112, 140.64152592592595, 1.5925925925925926, 189.27777777777777, 254.90740740740742
657, 488.4918763421255, 139.4756592592593, 1.9259259259259258, 187.11111111111111, 254.96296296296296
658, 488.22545682913983, 138.46859074074084, 1.1296296296296295, 185.83333333333334, 254.7962962962963
659, 487.9590373161541, 138.23777592592594, 1.5, 185.24074074074073, 254.85185185185185
660, 487.69261780316845, 136.76014074074078, 0.6296296296296297, 183.16666666666666, 254.85185185185185
661, 487.4261982901827, 135.90295555555556, 1.3703703703703705, 181.3148148148148, 254.92592592592592
662, 487.15977877719706, 134.5465259259259, 0.8518518518518519, 179.3148148148148, 254.6851851851852
663, 486.8933592642113, 133.92514814814808, 1.4814814814814814, 177.88888888888889, 254.92592592592592
664, 486.6269397512256, 132.45841481481477, 0.6666666666666666, 175.85185185185185, 254.6851851851852
665, 486.3605202382399, 131.79116296296294, 1.5185185185185186, 174.27777777777777, 254.7037037037037
666, 486.09410072525424, 130.33840925925927, 0.7222222222222222, 172.24074074074073, 254.53703703703704
667, 485.82768121226854, 130.67034814814812, 2.259259259259259, 171.94444444444446, 254.94444444444446
668, 485.5612616992828, 129.66245185185178, 1.5925925925925926, 170.57407407407408, 254.90740740740742
669, 485.29484218629716, 127.97331851851851, 1.2592592592592593, 167.85185185185185, 254.9814814814815
670, 485.0284226733114, 126.06050740740739, 0.2962962962962963, 165.27777777777777, 253.9814814814815
671, 484.7620031603258, 124.97589444444453, 0.8703703703703703, 163.03703703703704, 254.5
672, 484.49558364734, 124.59057962962964, 0.8703703703703703, 162.35185185185185, 254.64814814814815
673, 484.22916413435433, 124.14832407407405, 2.1296296296296298, 160.88888888888889, 255.0
674, 483.96274462136864, 122.4026962962963, 1.0, 158.53703703703704, 254.75925925925927
675, 483.69632510838295, 121.05043518518518, 1.2037037037037037, 156.12962962962962, 254.75925925925927
676, 483.42990559539726, 119.0525703703703, 0.7777777777777778, 153.0185185185185, 254.37037037037038
677, 483.16348608241157, 117.42041666666671, 1.3888888888888888, 149.83333333333334, 254.85185185185185
678, 482.8970665694259, 115.27324259259264, 0.7222222222222222, 146.5185185185185, 254.83333333333334
679, 482.6306470564401, 113.487762962963, 0.8888888888888888, 143.37037037037038, 254.94444444444446
680, 482.3642275434545, 111.54048333333328, 0.7222222222222222, 140.16666666666666, 254.7962962962963
681, 482.09780803046874, 108.7655722222222, 0.3888888888888889, 135.66666666666666, 254.5
682, 481.8313885174831, 106.67230555555554, 0.46296296296296297, 132.1851851851852, 253.87037037037038
683, 481.56496900449736, 106.01232407407412, 1.3888888888888888, 130.4814814814815, 254.42592592592592
684, 481.29854949151166, 104.48470740740744, 1.4444444444444444, 127.81481481481481, 254.61111111111111
685, 481.032129978526, 102.35560370370374, 1.3703703703703705, 124.33333333333333, 254.05555555555554
686, 480.7657104655403, 100.81183888888884, 1.0555555555555556, 121.88888888888889, 253.92592592592592
687, 480.4992909525546, 98.8306611111111, 1.1666666666666667, 118.38888888888889, 254.27777777777777
688, 480.2328714395689, 97.38581666666663, 1.2777777777777777, 115.88888888888889, 254.1851851851852
689, 479.9664519265832, 96.02681481481478, 1.4814814814814814, 113.33333333333333, 254.88888888888889
690, 479.70003241359746, 94.2262685185185, 1.2037037037037037, 110.4074074074074, 254.88888888888889
691, 479.4336129006118, 91.84646666666661, 1.4444444444444444, 106.38888888888889, 254.07407407407408
692, 479.16719338762607, 89.31198703703704, 1.2407407407407407, 102.20370370370371, 253.92592592592592
693, 478.90077387464044, 84.44264629629632, 1.3148148148148149, 94.12962962962963, 252.59259259259258
694, 478.6343543616547, 82.02352962962962, 0.8148148148148148, 90.01851851851852, 253.85185185185185
695, 478.367934848669, 81.4444685185185, 2.3518518518518516, 88.16666666666667, 254.27777777777777
696, 478.1015153356833, 77.55820925925926, 1.4259259259259258, 82.11111111111111, 253.7962962962963
697, 477.8350958226976, 74.49121481481485, 0.8148148148148148, 77.11111111111111, 254.24074074074073
698, 477.5686763097119, 71.6900518518519, 0.7777777777777778, 72.31481481481481, 254.46296296296296
699, 477.3022567967262, 69.82737222222221, 1.462962962962963, 68.79629629629629, 254.44444444444446
700, 477.03583728374053, 67.2232481481481, 1.2222222222222223, 64.51851851851852, 254.25925925925927
701, 476.7694177707548, 64.79381666666663, 0.9074074074074074, 60.51851851851852, 254.37037037037038
702, 476.50299825776915, 62.57797592592592, 1.1666666666666667, 56.629629629629626, 254.27777777777777
703, 476.2365787447834, 59.13980555555557, 1.0185185185185186, 50.96296296296296, 253.6851851851852
704, 475.97015923179777, 56.59337222222224, 1.462962962962963, 46.351851851851855, 253.92592592592592
705, 475.703739718812, 53.68019629629628, 2.111111111111111, 40.925925925925924, 254.61111111111111
706, 475.4373202058263, 50.34341851851848, 1.7407407407407407, 35.44444444444444, 254.53703703703704
707, 475.17090069284063, 46.90436111111111, 1.2037037037037037, 29.98148148148148, 253.90740740740742
708, 474.90448117985494, 42.10983518518518, 0.35185185185185186, 22.22222222222222, 254.03703703703704
709, 474.63806166686925, 37.70779629629629, 1.1111111111111112, 14.314814814814815, 254.14814814814815
710, 474.3716421538835, 32.3315388888889, 0.35185185185185186, 5.851851851851852, 252.55555555555554
711, 474.10522264089786, 30.60247037037038, 0.6666666666666666, 2.7962962962962963, 252.2962962962963
712, 473.8388031279121, 30.272659259259267, 1.3703703703703705, 1.9444444444444444, 251.94444444444446
713, 473.5723836149265, 30.343094444444436, 2.2037037037037037, 1.3703703703703705, 253.33333333333334
714, 473.30596410194073, 30.819594444444427, 2.9444444444444446, 1.7222222222222223, 253.75925925925927
715, 473.0395445889551, 30.78170555555555, 2.574074074074074, 1.9074074074074074, 253.44444444444446
716, 472.77312507596935, 30.128820370370363, 1.6111111111111112, 1.2962962962962963, 253.38888888888889
717, 472.50670556298365, 29.952211111111108, 1.2222222222222223, 1.2222222222222223, 253.24074074074073
718, 472.24028604999796, 30.073214814814794, 1.3703703703703705, 1.3888888888888888, 253.05555555555554
719, 471.97386653701227, 30.703899999999997, 2.4814814814814814, 1.8148148148148149, 253.4814814814815
720, 471.7074470240266, 30.478046296296288, 2.314814814814815, 1.5185185185185186, 253.46296296296296
721, 471.44102751104083, 30.262037037037036, 2.4074074074074074, 1.0925925925925926, 253.5185185185185
722, 471.1746079980552, 30.51993148148147, 2.3518518518518516, 1.5925925925925926, 253.35185185185185
723, 470.90818848506945, 30.31327407407407, 1.8888888888888888, 1.4259259259259258, 253.61111111111111
724, 470.6417689720838, 30.239320370370358, 1.6111111111111112, 1.462962962962963, 253.5
725, 470.37534945909806, 30.38414814814814, 2.037037037037037, 1.5, 253.46296296296296
726, 470.10892994611237, 30.540012962962948, 2.2777777777777777, 1.5925925925925926, 253.72222222222223
727, 469.8425104331267, 30.242033333333328, 1.8888888888888888, 1.3333333333333333, 253.46296296296296
728, 469.576090920141, 30.673168518518498, 2.388888888888889, 1.7592592592592593, 253.74074074074073
729, 469.3096714071553, 30.759418518518494, 2.4814814814814814, 1.8518518518518519, 253.77777777777777
730, 469.0432518941696, 30.65564999999999, 2.388888888888889, 1.7222222222222223, 253.77777777777777
731, 468.7768323811839, 30.469055555555546, 2.2222222222222223, 1.5, 253.72222222222223
732, 468.51041286819816, 30.059292592592588, 1.7037037037037037, 1.1666666666666667, 253.2037037037037
733, 468.2439933552125, 30.822983333333323, 2.574074074074074, 1.8518518518518519, 254.09259259259258
734, 467.9775738422268, 30.384516666666656, 2.0555555555555554, 1.4444444444444444, 253.7037037037037
735, 467.71115432924114, 30.88059074074072, 2.611111111111111, 1.9814814814814814, 253.83333333333334
736, 467.4447348162554, 30.230733333333333, 1.9259259259259258, 1.2592592592592593, 253.64814814814815
737, 467.1783153032697, 30.69507777777776, 2.3703703703703702, 1.7592592592592593, 253.9814814814815
738, 466.911895790284, 30.199127777777775, 1.8703703703703705, 1.3703703703703705, 252.94444444444446
739, 466.6454762772983, 30.48880000000001, 2.185185185185185, 1.5740740740740742, 253.61111111111111
740, 466.3790567643126, 30.524835185185182, 2.2037037037037037, 1.6296296296296295, 253.59259259259258
741, 466.11263725132693, 31.161796296296274, 2.962962962962963, 2.2777777777777777, 253.85185185185185
742, 465.84621773834124, 30.240268518518512, 1.9444444444444444, 1.3703703703703705, 253.11111111111111
743, 465.5797982253555, 30.249657407407405, 1.9444444444444444, 1.4259259259259258, 252.90740740740742
744, 465.31337871236985, 30.737194444444427, 2.5, 1.8333333333333333, 253.62962962962962
745, 465.0469591993841, 30.613764814814804, 2.3518518518518516, 1.6481481481481481, 253.88888888888889
746, 464.78053968639847, 30.18942407407407, 1.8703703703703705, 1.2962962962962963, 253.24074074074073
747, 464.5141201734127, 31.174609259259253, 2.9814814814814814, 2.3333333333333335, 253.62962962962962
748, 464.24770066042703, 30.509942592592576, 2.240740740740741, 1.5925925925925926, 253.55555555555554
749, 463.98128114744134, 30.213444444444445, 1.8518518518518519, 1.2962962962962963, 253.5
750, 463.71486163445564, 30.42449074074073, 2.1296296296296298, 1.5, 253.57407407407408
751, 463.44844212146995, 30.366829629629624, 2.074074074074074, 1.4444444444444444, 253.5
752, 463.18202260848426, 30.052498148148143, 1.6851851851851851, 1.0925925925925926, 253.57407407407408
753, 462.91560309549857, 30.92726666666665, 2.7037037037037037, 1.9814814814814814, 254.0
754, 462.6491835825128, 30.540474074074066, 2.2962962962962963, 1.6666666666666667, 253.2962962962963
755, 462.3827640695272, 30.599785185185176, 2.3333333333333335, 1.6481481481481481, 253.8148148148148
756, 462.11634455654143, 30.88843703703703, 2.6666666666666665, 1.962962962962963, 253.85185185185185
757, 461.8499250435558, 30.353816666666656, 2.0185185185185186, 1.4074074074074074, 253.72222222222223
758, 461.58350553057005, 30.14945, 1.7962962962962963, 1.2407407407407407, 253.37037037037038
759, 461.31708601758436, 31.28444999999998, 3.0925925925925926, 2.3703703703703702, 254.11111111111111
760, 461.05066650459867, 30.263490740740735, 1.9444444444444444, 1.3703703703703705, 253.3148148148148
761, 460.784246991613, 30.433364814814805, 2.0925925925925926, 1.5555555555555556, 253.46296296296296
762, 460.5178274786273, 30.280064814814814, 1.9444444444444444, 1.3518518518518519, 253.55555555555554
763, 460.25140796564153, 30.659703703703684, 2.4074074074074074, 1.7592592592592593, 253.57407407407408
764, 459.9849884526559, 30.201775925925922, 1.8703703703703705, 1.2777777777777777, 253.44444444444446
765, 459.71856893967015, 30.712627777777772, 2.425925925925926, 1.8148148148148149, 253.7037037037037
766, 459.4521494266845, 30.77248518518516, 2.5555555555555554, 1.8148148148148149, 253.88888888888889
767, 459.18572991369876, 30.8801611111111, 2.6481481481481484, 1.9259259259259258, 254.0185185185185
768, 458.9193104007131, 30.11404444444443, 1.7777777777777777, 1.2222222222222223, 253.2037037037037
769, 458.6528908877274, 30.119777777777774, 1.6666666666666667, 1.2777777777777777, 253.25925925925927
770, 458.3864713747417, 30.759133333333327, 2.3703703703703702, 1.9259259259259258, 253.6851851851852
771, 458.120051861756, 30.61638888888887, 2.2222222222222223, 1.7222222222222223, 253.87037037037038
772, 457.8536323487703, 30.19663888888888, 1.7592592592592593, 1.3148148148148149, 253.5
773, 457.5872128357846, 30.479242592592577, 2.2037037037037037, 1.5555555555555556, 253.57407407407408
774, 457.32079332279886, 30.06710740740741, 1.7037037037037037, 1.1296296296296295, 253.46296296296296
775, 457.0543738098132, 30.74675185185184, 2.4814814814814814, 1.8518518518518519, 253.66666666666666
776, 456.7879542968275, 31.070325925925914, 2.8518518518518516, 2.2037037037037037, 253.72222222222223
777, 456.52153478384184, 30.261379629629623, 1.9444444444444444, 1.3703703703703705, 253.2962962962963
778, 456.2551152708561, 30.60885925925924, 2.3333333333333335, 1.6851851851851851, 253.7037037037037
779, 455.9886957578704, 30.509427777777777, 2.2037037037037037, 1.5925925925925926, 253.64814814814815
780, 455.7222762448847, 30.031072222222203, 1.6851851851851851, 1.0740740740740742, 253.4814814814815
781, 455.455856731899, 30.7463222222222, 2.5185185185185186, 1.7962962962962963, 253.85185185185185
782, 455.1894372189133, 29.813985185185192, 1.4444444444444444, 0.9814814814814815, 252.6851851851852
783, 454.92301770592763, 30.615392592592585, 2.3703703703703702, 1.6666666666666667, 253.75925925925927
784, 454.65659819294194, 30.55119814814813, 2.2777777777777777, 1.6296296296296295, 253.62962962962962
785, 454.3901786799562, 30.561438888888876, 2.2777777777777777, 1.6111111111111112, 253.8148148148148
786, 454.12375916697056, 30.57471296296296, 2.314814814814815, 1.7407407407407407, 253.16666666666666
787, 453.8573396539848, 30.65062962962962, 2.4074074074074074, 1.7222222222222223, 253.6851851851852
788, 453.5909201409992, 30.592285185185165, 2.3333333333333335, 1.7037037037037037, 253.46296296296296
789, 453.3245006280134, 30.272418518518506, 1.9259259259259258, 1.3518518518518519, 253.53703703703704
790, 453.05808111502773, 30.811629629629625, 2.5925925925925926, 1.8518518518518519, 253.94444444444446
791, 452.79166160204204, 30.7153074074074, 2.4814814814814814, 1.7407407407407407, 253.96296296296296
792, 452.52524208905635, 30.236161111111105, 1.9074074074074074, 1.4074074074074074, 252.9814814814815
793, 452.25882257607066, 30.69753518518517, 2.425925925925926, 1.7962962962962963, 253.66666666666666
794, 451.99240306308496, 30.311762962962963, 2.0, 1.3703703703703705, 253.59259259259258
795, 451.7259835500993, 30.87103333333334, 2.6296296296296298, 1.962962962962963, 253.7962962962963
796, 451.4595640371135, 30.531998148148137, 2.240740740740741, 1.6481481481481481, 253.46296296296296
797, 451.1931445241279, 30.400868518518514, 2.0555555555555554, 1.537037037037037, 253.37037037037038
798, 450.92672501114214, 30.15969074074074, 1.7962962962962963, 1.2222222222222223, 253.55555555555554
799, 450.6603054981565, 30.20368703703703, 1.8333333333333333, 1.2962962962962963, 253.46296296296296
800, 450.39388598517075, 30.152988888888885, 1.7777777777777777, 1.2777777777777777, 253.25925925925927
801, 450.12746647218506, 31.05360370370369, 2.6666666666666665, 2.240740740740741, 253.87037037037038
802, 449.86104695919937, 30.452909259259247, 2.0185185185185186, 1.6481481481481481, 253.35185185185185
803, 449.5946274462137, 30.27615555555555, 1.7777777777777777, 1.4444444444444444, 253.4814814814815
804, 449.328207933228, 30.41604444444443, 1.962962962962963, 1.5740740740740742, 253.55555555555554
805, 449.06178842024224, 30.850088888888884, 2.4444444444444446, 2.0, 253.90740740740742
806, 448.7953689072566, 30.307255555555546, 1.8888888888888888, 1.4444444444444444, 253.46296296296296
807, 448.52894939427085, 30.358783333333324, 1.9814814814814814, 1.4814814814814814, 253.4814814814815
808, 448.2625298812852, 30.383149999999986, 2.0185185185185186, 1.5185185185185186, 253.40740740740742
809, 447.99611036829947, 30.49434444444443, 2.2962962962962963, 1.6851851851851851, 252.7962962962963
810, 447.72969085531383, 29.99821666666666, 1.7222222222222223, 1.2222222222222223, 252.33333333333334
811, 447.4632713423281, 30.04509259259258, 1.8518518518518519, 1.2037037037037037, 252.5
812, 447.1968518293424, 29.97279999999999, 1.8148148148148149, 1.2037037037037037, 251.96296296296296
813, 446.9304323163567, 30.26530555555556, 2.1296296296296298, 1.5740740740740742, 251.7962962962963
814, 446.664012803371, 29.65959999999998, 1.5925925925925926, 1.0925925925925926, 250.37037037037038
815, 446.3975932903853, 29.637985185185194, 1.8148148148148149, 1.1296296296296295, 249.40740740740742
816, 446.13117377739957, 29.364833333333337, 1.4814814814814814, 0.9814814814814815, 248.64814814814815
817, 445.86475426441393, 29.64812962962962, 2.037037037037037, 1.2962962962962963, 248.05555555555554
818, 445.5983347514282, 29.749388888888884, 2.2222222222222223, 1.3888888888888888, 247.9814814814815
819, 445.33191523844255, 29.342375925925925, 1.7962962962962963, 1.2037037037037037, 246.4814814814815
820, 445.0654957254568, 28.91025185185185, 1.3703703703703705, 0.9074074074074074, 245.33333333333334
821, 444.7990762124711, 29.06736481481481, 1.9074074074074074, 1.2037037037037037, 243.77777777777777
822, 444.5326566994854, 29.04722962962964, 1.962962962962963, 1.2777777777777777, 243.07407407407408
823, 444.2662371864997, 29.113996296296296, 2.074074074074074, 1.3888888888888888, 242.7962962962963
824, 443.99981767351403, 28.51128333333334, 1.4259259259259258, 0.9259259259259259, 241.59259259259258
825, 443.73339816052834, 28.779600000000002, 1.7777777777777777, 1.3333333333333333, 240.92592592592592
826, 443.46697864754265, 28.61278148148148, 1.6296296296296295, 1.2037037037037037, 240.5185185185185
827, 443.2005591345569, 28.515309259259265, 1.537037037037037, 1.4444444444444444, 238.66666666666666
828, 442.93413962157126, 28.128885185185187, 1.1481481481481481, 1.0740740740740742, 238.2037037037037
829, 442.6677201085855, 28.256662962962967, 1.5185185185185186, 1.3333333333333333, 237.0185185185185
830, 442.4013005955999, 28.300522222222217, 1.6296296296296295, 1.462962962962963, 236.44444444444446
831, 442.13488108261413, 28.00908888888889, 1.7037037037037037, 1.1481481481481481, 235.3148148148148
832, 441.86846156962844, 27.989353703703703, 1.8333333333333333, 1.1851851851851851, 234.61111111111111
833, 441.60204205664274, 27.92828888888889, 2.111111111111111, 1.2777777777777777, 232.87037037037038
834, 441.33562254365705, 27.31156666666666, 1.5555555555555556, 0.7222222222222222, 231.77777777777777
835, 441.06920303067136, 28.017772222222227, 2.2777777777777777, 1.5, 232.07407407407408
836, 440.80278351768567, 27.565735185185183, 1.9074074074074074, 1.1666666666666667, 230.7962962962963
837, 440.5363640047, 27.329398148148147, 1.9444444444444444, 1.0185185185185186, 229.38888888888889
838, 440.2699444917142, 27.283014814814813, 1.8888888888888888, 1.1296296296296295, 228.55555555555554
839, 440.0035249787286, 27.50813333333333, 2.185185185185185, 1.462962962962963, 228.03703703703704
840, 439.73710546574284, 27.51903518518518, 2.240740740740741, 1.5, 227.7962962962963
841, 439.4706859527572, 26.709477777777774, 1.5185185185185186, 0.8518518518518519, 225.92592592592592
842, 439.20426643977146, 27.39738888888889, 2.2222222222222223, 1.5, 226.77777777777777
843, 438.93784692678577, 27.530700000000007, 2.4444444444444446, 1.8333333333333333, 225.64814814814815
844, 438.6714274138001, 26.585129629629634, 1.4814814814814814, 1.0185185185185186, 224.07407407407408
845, 438.4050079008144, 26.416527777777773, 1.7592592592592593, 0.8703703703703703, 222.62962962962962
846, 438.1385883878287, 26.90911666666666, 2.3518518518518516, 1.2962962962962963, 223.2037037037037
847, 437.872168874843, 26.58364814814814, 2.037037037037037, 1.2222222222222223, 221.55555555555554
848, 437.6057493618573, 26.350379629629643, 1.9444444444444444, 0.9259259259259259, 221.27777777777777
849, 437.33932984887156, 26.415074074074088, 2.037037037037037, 1.2407407407407407, 219.9814814814815
850, 437.0729103358859, 26.398951851851855, 1.962962962962963, 1.2222222222222223, 220.12962962962962
851, 436.8064908229002, 26.14797222222222, 1.7592592592592593, 1.0925925925925926, 219.12962962962962
852, 436.54007130991454, 26.155450000000002, 1.7962962962962963, 1.1296296296296295, 218.90740740740742
853, 436.2736517969288, 26.316007407407408, 2.1481481481481484, 1.4074074074074074, 217.96296296296296
854, 436.0072322839431, 25.609440740740745, 1.3333333333333333, 0.8703703703703703, 216.66666666666666
855, 435.7408127709574, 26.441525925925923, 2.3333333333333335, 1.6851851851851851, 217.14814814814815
856, 435.4743932579717, 26.046288888888885, 1.9259259259259258, 1.3703703703703705, 216.37037037037038
857, 435.207973744986, 25.847603703703697, 1.7407407407407407, 1.2592592592592593, 215.6851851851852
858, 434.94155423200027, 25.826492592592587, 1.7407407407407407, 1.2592592592592593, 215.5
859, 434.67513471901464, 26.31463703703704, 2.3333333333333335, 1.7962962962962963, 215.46296296296296
860, 434.4087152060289, 25.229546296296284, 1.2037037037037037, 0.7962962962962963, 214.05555555555554
861, 434.14229569304325, 25.443418518518524, 1.5555555555555556, 0.9814814814814815, 214.05555555555554
862, 433.8758761800575, 25.95375555555556, 2.074074074074074, 1.5185185185185186, 214.40740740740742
863, 433.60945666707187, 25.468233333333337, 1.7407407407407407, 1.2962962962962963, 212.16666666666666
864, 433.3430371540861, 25.119725925925938, 1.4444444444444444, 0.9074074074074074, 211.88888888888889
865, 433.0766176411004, 25.8683, 2.185185185185185, 1.7407407407407407, 212.22222222222223
866, 432.81019812811473, 25.22714814814815, 1.4814814814814814, 1.1111111111111112, 211.6851851851852
867, 432.54377861512904, 25.264800000000008, 1.8148148148148149, 1.3148148148148149, 210.09259259259258
868, 432.27735910214335, 25.02174259259259, 1.6481481481481481, 1.0, 210.0185185185185
869, 432.0109395891576, 25.118392592592592, 2.185185185185185, 1.0925925925925926, 208.9814814814815
870, 431.74452007617197, 25.111061111111113, 2.1666666666666665, 1.1111111111111112, 208.87037037037038
871, 431.4781005631862, 24.99026666666667, 2.1481481481481484, 1.037037037037037, 208.24074074074073
872, 431.2116810502006, 25.554127777777776, 2.7962962962962963, 1.5740740740740742, 208.72222222222223
873, 430.94526153721483, 25.172396296296302, 2.5185185185185186, 1.3888888888888888, 207.05555555555554
874, 430.67884202422914, 24.58659444444445, 1.8333333333333333, 0.8333333333333334, 206.57407407407408
875, 430.41242251124345, 25.068468518518525, 2.537037037037037, 1.4074074074074074, 206.0
876, 430.14600299825776, 24.63754259259258, 2.1666666666666665, 1.0740740740740742, 204.90740740740742
877, 429.87958348527206, 24.945862962962966, 2.4814814814814814, 1.6296296296296295, 203.92592592592592
878, 429.6131639722864, 24.79807592592593, 2.388888888888889, 1.5185185185185186, 203.44444444444446
879, 429.3467444593007, 24.122764814814815, 1.7962962962962963, 1.1481481481481481, 200.9814814814815
880, 429.08032494631493, 24.21557777777778, 1.8148148148148149, 1.3148148148148149, 200.88888888888889
881, 428.8139054333293, 24.296450000000004, 2.1666666666666665, 1.5, 199.72222222222223
882, 428.54748592034355, 23.59672407407407, 1.462962962962963, 0.7777777777777778, 199.14814814814815
883, 428.2810664073579, 24.281505555555555, 2.3518518518518516, 1.462962962962963, 199.2962962962963
884, 428.01464689437216, 23.364807407407405, 1.3703703703703705, 0.6851851851851852, 197.83333333333334
885, 427.74822738138647, 24.184225925925926, 2.3703703703703702, 1.5, 198.2037037037037
886, 427.4818078684008, 23.824025925925913, 1.962962962962963, 1.2592592592592593, 197.35185185185185
887, 427.2153883554151, 23.89513333333334, 2.3703703703703702, 1.2592592592592593, 196.90740740740742
888, 426.9489688424294, 23.729798148148152, 2.388888888888889, 1.0185185185185186, 196.64814814814815
889, 426.6825493294437, 23.122564814814808, 1.7592592592592593, 0.8333333333333334, 193.92592592592592
890, 426.416129816458, 22.982507407407407, 1.5925925925925926, 0.7407407407407407, 193.61111111111111
891, 426.14971030347226, 23.295081481481475, 1.962962962962963, 1.3148148148148149, 192.42592592592592
892, 425.8832907904866, 23.03590925925927, 1.6481481481481481, 1.1666666666666667, 191.74074074074073
893, 425.6168712775009, 23.27124814814815, 2.1481481481481484, 1.5, 190.77777777777777
894, 425.35045176451524, 22.64744629629631, 1.462962962962963, 0.9444444444444444, 189.96296296296296
895, 425.0840322515295, 22.577872222222226, 1.462962962962963, 1.0740740740740742, 188.6851851851852
896, 424.8176127385438, 23.187633333333324, 2.185185185185185, 1.5185185185185186, 189.85185185185185
897, 424.5511932255581, 22.69463148148148, 1.6481481481481481, 1.3333333333333333, 187.88888888888889
898, 424.2847737125724, 22.25295000000001, 1.2407407407407407, 1.0185185185185186, 186.7037037037037
899, 424.0183541995867, 22.41735555555556, 1.8148148148148149, 1.0925925925925926, 186.25925925925927
900, 423.751934686601, 22.39151666666666, 1.8703703703703705, 1.2037037037037037, 185.3148148148148
901, 423.48551517361534, 22.232724074074074, 2.0185185185185186, 1.0555555555555556, 184.2962962962963
902, 423.2190956606296, 21.514329629629632, 1.3333333333333333, 0.6481481481481481, 181.88888888888889
903, 422.95267614764396, 21.82373333333333, 1.7407407407407407, 1.1296296296296295, 181.05555555555554
904, 422.6862566346582, 21.47720740740741, 1.4444444444444444, 0.9814814814814815, 179.55555555555554
905, 422.4198371216726, 21.563120370370374, 1.5740740740740742, 1.1481481481481481, 179.11111111111111
906, 422.1534176086868, 21.318620370370372, 1.3888888888888888, 1.0740740740740742, 177.83333333333334
907, 421.88699809570113, 21.50011851851852, 1.5925925925925926, 1.462962962962963, 176.88888888888889
908, 421.62057858271544, 20.57703518518518, 0.7592592592592593, 0.6851851851851852, 174.9814814814815
909, 421.35415906972975, 21.275342592592583, 1.5740740740740742, 1.4814814814814814, 174.87037037037038
910, 421.08773955674405, 20.87542222222223, 1.1481481481481481, 1.0925925925925926, 174.4814814814815
911, 420.8213200437583, 20.937298148148148, 1.8333333333333333, 1.1296296296296295, 173.03703703703704
912, 420.55490053077267, 21.299733333333343, 2.2962962962962963, 1.5185185185185186, 173.0
913, 420.2884810177869, 20.90213518518519, 2.1666666666666665, 1.1481481481481481, 171.75925925925927
914, 420.0220615048013, 20.91015925925926, 2.2962962962962963, 1.2037037037037037, 171.2037037037037
915, 419.75564199181554, 20.782001851851852, 2.2037037037037037, 1.1296296296296295, 170.7037037037037
916, 419.48922247882984, 20.35221851851852, 1.7037037037037037, 0.9074074074074074, 169.38888888888889
917, 419.22280296584415, 20.51580185185185, 2.1666666666666665, 1.1481481481481481, 168.37037037037038
918, 418.95638345285846, 20.055233333333344, 1.5555555555555556, 0.9444444444444444, 166.9814814814815
919, 418.68996393987277, 20.031683333333334, 1.6851851851851851, 1.1296296296296295, 165.4814814814815
920, 418.4235444268871, 20.09542592592593, 1.8518518518518519, 1.2037037037037037, 165.22222222222223
921, 418.1571249139014, 20.48805555555556, 2.4074074074074074, 1.7407407407407407, 164.44444444444446
922, 417.89070540091564, 20.032940740740745, 2.074074074074074, 1.4444444444444444, 162.85185185185185
923, 417.62428588793, 19.505557407407405, 1.8333333333333333, 0.9814814814814815, 161.24074074074073
924, 417.35786637494425, 19.048653703703703, 1.4259259259259258, 0.8888888888888888, 158.77777777777777
925, 417.0914468619586, 19.59996851851852, 2.537037037037037, 1.2407407407407407, 158.88888888888889
926, 416.82502734897287, 19.14143703703703, 2.111111111111111, 1.1296296296296295, 156.55555555555554
927, 416.5586078359872, 19.10721481481481, 2.111111111111111, 1.3518518518518519, 155.11111111111111
928, 416.2921883230015, 18.5935037037037, 1.8148148148148149, 1.0555555555555556, 152.90740740740742
929, 416.0257688100158, 18.613061111111115, 2.1666666666666665, 1.1111111111111112, 151.87037037037038
930, 415.7593492970301, 18.116403703703707, 1.5185185185185186, 0.9259259259259259, 150.16666666666666
931, 415.4929297840444, 19.023640740740742, 2.8518518518518516, 1.6666666666666667, 150.8148148148148
932, 415.2265102710587, 18.17919074074074, 1.9814814814814814, 1.0740740740740742, 148.74074074074073
933, 414.96009075807297, 17.87487222222222, 2.388888888888889, 0.7222222222222222, 146.8148148148148
