Extraction [ img/s4/seq3/1.jpg ] effectuee 2026-06-04 17:32:07.636380
Calibration: -0.2664195129856975*x + 663.5294963737288 [largueur 2619 + 934]

pixel, longueur d'onde, intensite, r, g, b
0, 663.5294963737288, 89.11836694214875, 180.3801652892562, 44.68595041322314, 78.70247933884298
1, 663.263076860743, 89.49225206611565, 181.77685950413223, 44.33884297520661, 80.10743801652893
2, 662.9966573477574, 89.86411570247937, 182.1487603305785, 44.710743801652896, 80.47933884297521
3, 662.7302378347716, 90.89543719008266, 183.64462809917356, 45.3801652892562, 82.15702479338843
4, 662.463818321786, 91.22361322314052, 184.11570247933884, 45.59504132231405, 82.69421487603306
5, 662.1973988088002, 91.05732396694214, 185.76859504132233, 44.049586776859506, 84.85950413223141
6, 661.9309792958146, 90.82693388429752, 185.70247933884298, 43.68595041322314, 84.88429752066116
7, 661.6645597828289, 91.99980991735534, 187.68595041322314, 44.33057851239669, 86.65289256198348
8, 661.3981402698432, 91.83157024793391, 187.5206611570248, 44.15702479338843, 86.50413223140495
9, 661.1317207568575, 92.56722066115701, 189.44628099173553, 44.04132231404959, 88.50413223140495
10, 660.8653012438718, 92.24097933884303, 189.21487603305786, 43.66115702479339, 88.20661157024793
11, 660.5988817308861, 92.65732727272727, 191.02479338842974, 43.09090909090909, 90.0495867768595
12, 660.3324622179003, 92.3716404958678, 190.86776859504133, 42.735537190082646, 89.78512396694215
13, 660.0660427049147, 93.53508842975208, 193.5785123966942, 42.78512396694215, 92.62809917355372
14, 659.799623191929, 93.55762644628098, 193.73553719008265, 42.735537190082646, 92.6694214876033
15, 659.5332036789433, 93.34389834710748, 194.8181818181818, 41.553719008264466, 94.04132231404958
16, 659.2667841659576, 93.05255785123974, 194.58677685950414, 41.231404958677686, 93.75206611570248
17, 659.0003646529719, 93.61896694214875, 196.52892561983472, 40.900826446280995, 95.3305785123967
18, 658.7339451399862, 92.61915619834706, 195.54545454545453, 39.892561983471076, 94.3305785123967
19, 658.4675256270006, 92.67919008264461, 196.19834710743802, 39.53719008264463, 94.97520661157024
20, 658.2011061140148, 93.03540495867769, 196.69421487603304, 39.80165289256198, 95.43801652892562
21, 657.9346866010292, 93.76302314049586, 199.43801652892563, 39.18181818181818, 97.81818181818181
22, 657.6682670880434, 93.69038181818178, 199.48760330578511, 39.02479338842975, 97.85950413223141
23, 657.4018475750577, 94.78396942148763, 201.13223140495867, 39.743801652892564, 99.43801652892562
24, 657.135428062072, 94.8798099173554, 201.2396694214876, 39.83471074380165, 99.52892561983471
25, 656.8690085490863, 95.29436776859505, 202.8512396694215, 39.48760330578512, 100.72727272727273
26, 656.6025890361007, 95.23261404958672, 202.86776859504133, 39.388429752066116, 100.65289256198348
27, 656.3361695231149, 95.41876776859503, 204.30578512396696, 38.743801652892564, 101.83471074380165
28, 656.0697500101293, 95.65374049586774, 204.5785123966942, 38.95867768595041, 102.07438016528926
29, 655.8033304971435, 95.77288347107438, 205.87603305785123, 38.33884297520661, 102.9090909090909
30, 655.5369109841579, 95.42828099173558, 205.53719008264463, 37.99173553719008, 102.56198347107438
31, 655.2704914711721, 95.39748429752066, 206.8099173553719, 37.1900826446281, 103.08264462809917
32, 655.0040719581864, 95.45641239669422, 206.86776859504133, 37.256198347107436, 103.10743801652893
33, 654.7376524452008, 95.45491239669425, 207.5702479338843, 36.84297520661157, 103.3801652892562
34, 654.471232932215, 95.52102148760336, 207.63636363636363, 36.90909090909091, 103.44628099173553
35, 654.2048134192294, 95.92105041322317, 208.3388429752066, 37.11570247933884, 104.0495867768595
36, 653.9383939062436, 95.89791487603304, 208.37190082644628, 37.05785123966942, 104.05785123966942
37, 653.671974393258, 95.94956694214876, 209.78512396694214, 36.36363636363637, 104.3801652892562
38, 653.4055548802722, 95.83791239669416, 209.71900826446281, 36.22314049586777, 104.29752066115702
39, 653.1391353672866, 95.78201652892562, 210.0, 35.97520661157025, 104.34710743801652
40, 652.8727158543008, 96.33285371900821, 210.55371900826447, 36.52892561983471, 104.87603305785125
41, 652.6062963413152, 96.82014462809919, 211.69421487603304, 36.66115702479339, 105.47933884297521
42, 652.3398768283295, 96.90480578512394, 211.77685950413223, 36.752066115702476, 105.53719008264463
43, 652.0734573153437, 97.27075537190086, 213.02479338842974, 36.66942148760331, 105.90082644628099
44, 651.8070378023581, 97.26249173553721, 213.01652892561984, 36.66115702479339, 105.89256198347107
45, 651.5406182893723, 97.48136694214877, 214.34710743801654, 36.33884297520661, 105.98347107438016
46, 651.2741987763867, 96.86985785123963, 213.73553719008265, 35.72727272727273, 105.37190082644628
47, 651.007779263401, 97.37290165289254, 215.19834710743802, 35.71900826446281, 105.99173553719008
48, 650.7413597504153, 96.65895702479335, 214.4793388429752, 35.01652892561984, 105.23140495867769
49, 650.4749402374296, 97.06505206611574, 215.67768595041323, 35.00826446280992, 105.69421487603306
50, 650.2085207244439, 96.55487190082643, 215.16528925619835, 34.51239669421488, 105.11570247933884
51, 649.9421012114582, 97.64494958677679, 216.6198347107438, 35.429752066115704, 106.14049586776859
52, 649.6756816984725, 96.78315206611566, 215.91735537190084, 34.49586776859504, 105.23140495867769
53, 649.4092621854868, 97.15582809917356, 217.91735537190084, 34.0, 105.8099173553719
54, 649.142842672501, 97.08581157024787, 218.0, 33.85950413223141, 105.70247933884298
55, 648.8764231595154, 97.37740991735535, 218.62809917355372, 33.98347107438016, 105.97520661157024
56, 648.6100036465297, 97.36304793388427, 218.61157024793388, 33.98347107438016, 105.89256198347107
57, 648.343584133544, 97.66689090909088, 219.8512396694215, 33.88429752066116, 105.81818181818181
58, 648.0771646205583, 96.86618512396689, 219.05785123966942, 33.099173553719005, 104.91735537190083
59, 647.8107451075726, 96.86842231404961, 219.9917355371901, 32.66115702479339, 104.74380165289256
60, 647.5443255945869, 96.91343388429748, 220.04132231404958, 32.71900826446281, 104.7107438016529
61, 647.2779060816013, 97.9835727272727, 222.45454545454547, 33.231404958677686, 105.13223140495867
62, 647.0114865686155, 97.46724297520656, 221.9504132231405, 32.72727272727273, 104.52066115702479
63, 646.7450670556299, 97.35738099173554, 222.88429752066116, 32.12396694214876, 104.21487603305785
64, 646.4786475426441, 97.54120578512399, 223.06611570247935, 32.31404958677686, 104.37190082644628
65, 646.2122280296584, 97.94138099173551, 223.95867768595042, 32.51239669421488, 104.52066115702479
66, 645.9458085166727, 97.51993553719002, 223.53719008264463, 32.09090909090909, 104.09917355371901
67, 645.679389003687, 98.25961818181817, 224.72727272727272, 32.6198347107438, 104.74380165289256
68, 645.4129694907014, 97.91938429752062, 224.4214876033058, 32.28099173553719, 104.30578512396694
69, 645.1465499777156, 98.34694132231407, 225.71074380165288, 32.3801652892562, 104.16528925619835
70, 644.88013046473, 97.89083801652893, 225.25619834710744, 31.94214876033058, 103.61157024793388
71, 644.6137109517442, 98.97437355371903, 226.84297520661158, 32.8099173553719, 104.48760330578513
72, 644.3472914387586, 97.9994049586777, 225.86776859504133, 31.84297520661157, 103.47107438016529
73, 644.0808719257728, 99.01579338842973, 227.68595041322314, 32.56198347107438, 103.91735537190083
74, 643.8144524127872, 98.71641818181826, 227.38842975206612, 32.264462809917354, 103.60330578512396
75, 643.5480328998015, 99.42028016528926, 229.01652892561984, 32.62809917355372, 103.63636363636364
76, 643.2816133868157, 99.07443057851236, 228.6694214876033, 32.29752066115702, 103.21487603305785
77, 643.0151938738301, 99.35727272727273, 230.2479338842975, 32.099173553719005, 102.57851239669421
78, 642.7487743608443, 99.07891983471067, 229.97520661157026, 31.826446280991735, 102.25619834710744
79, 642.4823548478587, 99.62888099173549, 231.5206611570248, 32.01652892561984, 102.0495867768595
80, 642.2159353348729, 99.55559090909092, 231.44628099173553, 31.950413223140497, 101.94214876033058
81, 641.9495158218873, 99.75638429752067, 232.1900826446281, 31.958677685950413, 101.7107438016529
82, 641.6830963089016, 100.41029421487606, 232.84297520661158, 32.6198347107438, 102.3305785123967
83, 641.4166767959159, 100.83006528925621, 233.97520661157026, 32.69421487603306, 102.66115702479338
84, 641.1502572829302, 100.70284049586779, 233.9917355371901, 32.51239669421488, 102.43801652892562
85, 640.8838377699444, 101.20438347107437, 236.0, 32.413223140495866, 102.08264462809917
86, 640.6174182569588, 100.7220512396694, 235.60330578512398, 31.90909090909091, 101.48760330578513
87, 640.350998743973, 101.03549421487602, 236.54545454545453, 32.00826446280992, 101.25619834710744
88, 640.0845792309874, 101.529747107438, 237.07438016528926, 32.49586776859504, 101.69421487603306
89, 639.8181597180017, 101.77005619834713, 238.11570247933884, 32.47933884297521, 101.15702479338843
90, 639.551740205016, 101.66045371900823, 238.02479338842974, 32.396694214876035, 100.85950413223141
91, 639.2853206920303, 102.99824297520661, 240.71074380165288, 33.27272727272727, 101.04132231404958
92, 639.0189011790446, 102.97774628099172, 240.80165289256198, 33.239669421487605, 100.79338842975207
93, 638.7524816660589, 103.1735115702479, 242.5702479338843, 32.83471074380165, 99.95867768595042
94, 638.4860621530732, 103.37878099173551, 242.8512396694215, 33.04132231404959, 99.95867768595042
95, 638.2196426400875, 103.84439173553717, 244.51239669421489, 33.107438016528924, 99.34710743801652
96, 637.9532231271018, 103.63059669421487, 244.36363636363637, 32.900826446280995, 98.92561983471074
97, 637.6868036141161, 104.01384958677687, 245.71900826446281, 33.0, 98.22314049586777
98, 637.4203841011304, 104.15583553719004, 245.8595041322314, 33.17355371900826, 98.20661157024793
99, 637.1539645881447, 103.97482231404958, 246.15702479338842, 32.86776859504132, 97.41322314049587
100, 636.887545075159, 104.04926446280993, 246.28099173553719, 33.01652892561984, 96.97520661157024
101, 636.6211255621733, 104.30240165289254, 247.71900826446281, 32.87603305785124, 96.14876033057851
102, 636.3547060491876, 103.83881652892559, 247.28925619834712, 32.50413223140496, 95.12396694214875
103, 636.088286536202, 104.28318347107442, 248.41322314049586, 32.78512396694215, 94.62809917355372
104, 635.8218670232162, 104.22159752066118, 248.40495867768595, 32.743801652892564, 94.32231404958678
105, 635.5554475102306, 104.63688429752065, 250.16528925619835, 32.59504132231405, 94.11570247933884
106, 635.2890279972448, 104.83220082644628, 250.38842975206612, 32.900826446280995, 93.6694214876033
107, 635.0226084842591, 106.04835785123971, 252.28925619834712, 33.94214876033058, 93.99173553719008
108, 634.7561889712734, 105.73163305785128, 251.93388429752065, 33.752066115702476, 93.12396694214875
109, 634.4897694582877, 106.10442892561977, 252.900826446281, 34.02479338842975, 92.45454545454545
110, 634.2233499453021, 106.53741652892559, 253.27272727272728, 34.611570247933884, 92.25619834710744
111, 633.9569304323163, 106.93683305785122, 253.65289256198346, 35.239669421487605, 91.52892561983471
112, 633.6905109193307, 107.17329917355373, 253.86776859504133, 35.56198347107438, 91.3801652892562
113, 633.4240914063449, 108.01970082644634, 254.56198347107437, 36.67768595041322, 91.2396694214876
114, 633.1576718933593, 108.07451652892566, 254.50413223140495, 36.81818181818182, 91.14876033057851
115, 632.8912523803735, 108.10502975206614, 254.5785123966942, 36.917355371900825, 90.7107438016529
116, 632.6248328673878, 108.28703471074385, 254.69421487603304, 37.16528925619835, 90.72727272727273
117, 632.3584133544022, 109.10897933884301, 254.91735537190084, 38.36363636363637, 91.18181818181819
118, 632.0919938414164, 109.29574545454552, 254.94214876033058, 38.66115702479339, 91.22314049586777
119, 631.8255743284308, 109.63545867768599, 254.91735537190084, 39.239669421487605, 91.2892561983471
120, 631.559154815445, 109.54737520661158, 254.84297520661158, 39.1900826446281, 90.96694214876032
121, 631.2927353024594, 110.27588760330588, 254.92561983471074, 40.35537190082645, 91.14049586776859
122, 631.0263157894736, 110.17605371900837, 254.91735537190084, 40.28099173553719, 90.6694214876033
123, 630.759896276488, 110.13271818181835, 254.88429752066116, 40.36363636363637, 89.9504132231405
124, 630.4934767635023, 110.41538842975217, 254.87603305785123, 40.84297520661157, 89.98347107438016
125, 630.2270572505166, 110.66726694214879, 254.93388429752065, 41.396694214876035, 89.1900826446281
126, 629.9606377375309, 110.6696371900827, 254.86776859504133, 41.47933884297521, 88.95867768595042
127, 629.6942182245452, 111.05059008264463, 254.84297520661158, 42.32231404958678, 88.02479338842976
128, 629.4277987115595, 111.13481900826442, 254.86776859504133, 42.46280991735537, 87.97520661157024
129, 629.1613791985737, 111.49134462809918, 254.900826446281, 43.12396694214876, 87.61157024793388
130, 628.8949596855881, 111.11052231404958, 254.8595041322314, 42.6198347107438, 86.97520661157024
131, 628.6285401726024, 111.56332809917357, 254.8181818181818, 43.3801652892562, 87.14049586776859
132, 628.3621206596167, 112.04891239669423, 254.92561983471074, 44.17355371900826, 87.03305785123968
133, 628.095701146631, 112.14914462809922, 254.91735537190084, 44.56198347107438, 85.93388429752066
134, 627.8292816336453, 112.03105702479343, 254.88429752066116, 44.570247933884296, 84.94214876033058
135, 627.5628621206596, 112.62622148760325, 254.89256198347107, 45.62809917355372, 84.69421487603306
136, 627.296442607674, 112.97922892561978, 254.98347107438016, 46.17355371900826, 84.74380165289256
137, 627.0300230946882, 113.09658760330574, 254.9504132231405, 46.6198347107438, 83.56198347107438
138, 626.7636035817025, 113.40597355371898, 254.89256198347107, 47.21487603305785, 83.36363636363636
139, 626.4971840687168, 113.88961900826449, 254.96694214876032, 48.19834710743802, 82.34710743801652
140, 626.2307645557311, 113.925632231405, 254.83471074380165, 48.429752066115704, 81.81818181818181
141, 625.9643450427454, 114.77781322314046, 254.84297520661158, 49.97520661157025, 81.31404958677686
142, 625.6979255297597, 115.11124462809924, 254.9090909090909, 50.63636363636363, 80.66115702479338
143, 625.431506016774, 115.96273636363641, 254.86776859504133, 52.18181818181818, 80.28099173553719
144, 625.1650865037883, 116.7311173553719, 254.94214876033058, 53.45454545454545, 80.27272727272727
145, 624.8986669908027, 117.40660495867775, 254.94214876033058, 54.72727272727273, 79.64462809917356
146, 624.6322474778169, 117.64630247933886, 254.9090909090909, 55.16528925619835, 79.57851239669421
147, 624.3658279648313, 118.27768016528938, 254.93388429752065, 56.289256198347104, 79.26446280991736
148, 624.0994084518455, 118.35585867768604, 254.88429752066116, 56.66115702479339, 78.16528925619835
149, 623.8329889388598, 119.47194958677682, 254.96694214876032, 58.51239669421488, 78.20661157024793
150, 623.5665694258741, 119.307161983471, 254.9090909090909, 58.53719008264463, 76.78512396694215
151, 623.3001499128884, 119.9172710743801, 254.97520661157026, 59.51239669421488, 76.94214876033058
152, 623.0337303999028, 119.98699752066115, 254.98347107438016, 59.64462809917355, 76.85123966942149
153, 622.767310886917, 120.23500743801644, 254.96694214876032, 60.28099173553719, 75.79338842975207
154, 622.5008913739314, 120.40474876033046, 254.9090909090909, 60.586776859504134, 75.85950413223141
155, 622.2344718609456, 121.09005206611567, 254.93388429752065, 61.83471074380165, 75.3801652892562
156, 621.96805234796, 120.99128760330574, 254.97520661157026, 61.72727272727273, 74.95867768595042
157, 621.7016328349742, 121.84531487603297, 254.9504132231405, 63.29752066115702, 74.4297520661157
158, 621.4352133219886, 121.85532561983456, 254.92561983471074, 63.3801652892562, 74.15702479338843
159, 621.1687938090029, 122.62635123966948, 254.91735537190084, 64.87603305785125, 73.2396694214876
160, 620.9023742960171, 123.11056776859508, 254.98347107438016, 65.59504132231405, 73.61157024793388
161, 620.6359547830315, 123.74858099173552, 254.93388429752065, 66.8099173553719, 73.08264462809917
162, 620.3695352700457, 124.2688421487603, 254.96694214876032, 67.5702479338843, 73.64462809917356
163, 620.1031157570601, 124.76985867768595, 254.88429752066116, 68.51239669421487, 73.40495867768595
164, 619.8366962440743, 124.97062066115704, 254.9504132231405, 68.85123966942149, 73.24793388429752
165, 619.5702767310887, 125.3826611570248, 254.95867768595042, 69.61157024793388, 72.92561983471074
166, 619.303857218103, 125.62899173553721, 254.95867768595042, 70.02479338842976, 72.95867768595042
167, 619.0374377051173, 126.04756198347114, 254.95867768595042, 70.7603305785124, 72.84297520661157
168, 618.7710181921316, 126.37811735537188, 254.94214876033058, 71.26446280991736, 73.1900826446281
169, 618.5045986791458, 127.0887082644629, 254.98347107438016, 72.54545454545455, 72.71900826446281
170, 618.2381791661602, 127.03832892561987, 254.97520661157026, 72.55371900826447, 72.25619834710744
171, 617.9717596531744, 127.6877404958678, 254.9090909090909, 73.84297520661157, 71.48760330578513
172, 617.7053401401888, 128.06432892561983, 254.97520661157026, 74.43801652892562, 71.55371900826447
173, 617.4389206272031, 129.04514958677694, 254.9504132231405, 76.20661157024793, 71.11570247933884
174, 617.1725011142174, 129.00635702479343, 254.94214876033058, 76.23140495867769, 70.6694214876033
175, 616.9060816012317, 130.1024363636363, 254.97520661157026, 78.16528925619835, 70.2396694214876
176, 616.639662088246, 130.56914545454546, 254.9917355371901, 78.89256198347107, 70.54545454545455
177, 616.3732425752603, 131.31545454545437, 254.87603305785123, 80.3801652892562, 69.73553719008264
178, 616.1068230622747, 131.82867603305772, 254.97520661157026, 81.11570247933884, 70.1900826446281
179, 615.8404035492889, 132.40638512396686, 254.9917355371901, 82.16528925619835, 69.8099173553719
180, 615.5739840363033, 132.59692644628083, 254.9504132231405, 82.62809917355372, 69.20661157024793
181, 615.3075645233175, 133.75647190082643, 254.9504132231405, 84.55371900826447, 69.46280991735537
182, 615.0411450103318, 134.2750966942149, 254.98347107438016, 85.66115702479338, 68.22314049586777
183, 614.7747254973461, 135.24146280991732, 254.95867768595042, 87.35537190082644, 68.04132231404958
184, 614.5083059843604, 135.81434545454545, 254.97520661157026, 88.6198347107438, 66.51239669421487
185, 614.2418864713748, 136.6992446280992, 254.9917355371901, 90.11570247933884, 66.52892561983471
186, 613.975466958389, 137.36325537190086, 254.96694214876032, 91.53719008264463, 65.09917355371901
187, 613.7090474454034, 138.23392231404958, 254.9090909090909, 93.11570247933884, 64.7603305785124
188, 613.4426279324176, 138.54083553719013, 254.86776859504133, 93.88429752066116, 63.603305785123965
189, 613.176208419432, 139.62354380165297, 254.97520661157026, 95.71900826446281, 63.37190082644628
190, 612.9097889064462, 140.15360661157018, 254.92561983471074, 96.73553719008264, 62.917355371900825
191, 612.6433693934605, 141.2257826446279, 254.98347107438016, 98.54545454545455, 62.85123966942149
192, 612.3769498804749, 141.73341322314042, 254.95867768595042, 99.80165289256199, 60.900826446280995
193, 612.1105303674891, 142.6672289256198, 254.98347107438016, 101.31404958677686, 61.239669421487605
194, 611.8441108545035, 143.20830413223146, 254.97520661157026, 102.52892561983471, 59.752066115702476
195, 611.5776913415177, 144.33748512396681, 254.98347107438016, 104.46280991735537, 59.67768595041322
196, 611.3112718285321, 144.6267272727273, 254.95867768595042, 105.23140495867769, 58.32231404958678
197, 611.0448523155463, 145.55779917355378, 254.98347107438016, 106.85950413223141, 58.04132231404959
198, 610.7784328025607, 146.10566776859503, 254.97520661157026, 107.97520661157024, 57.12396694214876
199, 610.512013289575, 147.02053471074376, 254.98347107438016, 109.66115702479338, 56.446280991735534
200, 610.2455937765892, 147.8541834710744, 254.94214876033058, 111.09917355371901, 56.46280991735537
201, 609.9791742636036, 148.9066735537191, 255.0, 112.85950413223141, 56.47933884297521
202, 609.7127547506178, 149.61116942148763, 255.0, 114.23140495867769, 55.59504132231405
203, 609.4463352376322, 150.61908264462804, 254.95867768595042, 116.0, 55.43801652892562
204, 609.1799157246464, 151.1263975206612, 254.9504132231405, 117.05785123966942, 54.46280991735537
205, 608.9134962116608, 152.232326446281, 255.0, 118.89256198347107, 54.586776859504134
206, 608.647076698675, 152.96368181818184, 255.0, 120.18181818181819, 54.36363636363637
207, 608.3806571856894, 153.93840082644633, 255.0, 121.87603305785125, 54.1900826446281
208, 608.1142376727037, 154.48918429752067, 254.93388429752065, 123.01652892561984, 53.32231404958678
209, 607.847818159718, 155.3717297520662, 254.93388429752065, 124.55371900826447, 53.14876033057851
210, 607.5813986467323, 156.35915289256207, 255.0, 126.16528925619835, 53.33884297520661
211, 607.3149791337466, 157.2578074380165, 254.98347107438016, 127.77685950413223, 52.96694214876033
212, 607.0485596207609, 157.83524545454551, 254.98347107438016, 128.76859504132233, 52.925619834710744
213, 606.7821401077751, 158.70027355371897, 254.9504132231405, 130.35537190082644, 52.429752066115704
214, 606.5157205947895, 159.09434793388425, 254.9504132231405, 131.0909090909091, 52.099173553719005
215, 606.2493010818038, 160.01108842975202, 254.98347107438016, 132.56198347107437, 52.47933884297521
216, 605.9828815688181, 160.55770909090901, 254.97520661157026, 133.43801652892563, 52.78512396694215
217, 605.7164620558324, 161.61604710743802, 254.98347107438016, 135.30578512396696, 52.429752066115704
218, 605.4500425428467, 162.31585867768595, 254.96694214876032, 136.47107438016528, 52.611570247933884
219, 605.183623029861, 163.14909752066112, 254.97520661157026, 138.06611570247935, 51.68595041322314
220, 604.9172035168754, 163.82770909090897, 254.97520661157026, 139.1900826446281, 51.85123966942149
221, 604.6507840038896, 164.56330909090903, 254.92561983471074, 140.60330578512398, 51.15702479338843
222, 604.3843644909039, 165.29566859504126, 254.96694214876032, 141.83471074380165, 51.13223140495868
223, 604.1179449779182, 166.4032413223141, 254.94214876033058, 143.74380165289256, 51.082644628099175
224, 603.8515254649325, 167.08395702479328, 254.97520661157026, 144.9090909090909, 50.96694214876033
225, 603.5851059519468, 168.0431049586777, 254.98347107438016, 146.59504132231405, 50.67768595041322
226, 603.3186864389611, 168.70405537190078, 254.98347107438016, 147.67768595041323, 50.900826446280995
227, 603.0522669259755, 169.84763223140496, 255.0, 149.53719008264463, 51.31404958677686
228, 602.7858474129897, 170.20083719008258, 254.93388429752065, 150.30578512396696, 50.62809917355372
229, 602.5194279000041, 171.64751735537197, 254.9917355371901, 152.58677685950414, 51.421487603305785
230, 602.2530083870183, 172.00822231404956, 254.96694214876032, 153.34710743801654, 50.735537190082646
231, 601.9865888740327, 172.58794214876033, 254.95867768595042, 154.39669421487602, 50.43801652892562
232, 601.7201693610469, 173.2807099173555, 254.96694214876032, 155.48760330578511, 50.87603305785124
233, 601.4537498480612, 174.28041157024788, 254.97520661157026, 157.23140495867767, 50.64462809917355
234, 601.1873303350756, 174.69867685950416, 254.96694214876032, 157.98347107438016, 50.46280991735537
235, 600.9209108220898, 175.57527851239664, 254.98347107438016, 159.54545454545453, 50.06611570247934
236, 600.6544913091042, 176.00984132231406, 254.97520661157026, 160.31404958677686, 49.94214876033058
237, 600.3880717961184, 176.82154380165292, 254.97520661157026, 161.78512396694214, 49.48760330578512
238, 600.1216522831328, 176.95898925619832, 254.98347107438016, 162.13223140495867, 48.88429752066116
239, 599.855232770147, 177.8399966942149, 254.9917355371901, 163.71074380165288, 48.46280991735537
240, 599.5888132571614, 178.27884876033056, 254.98347107438016, 164.45454545454547, 48.50413223140496
241, 599.3223937441757, 178.9662173553719, 254.93388429752065, 165.80165289256198, 47.72727272727273
242, 599.05597423119, 179.53641983471073, 254.97520661157026, 166.69421487603304, 48.02479338842975
243, 598.7895547182043, 180.16546363636354, 254.9504132231405, 167.77685950413223, 48.03305785123967
244, 598.5231352052185, 180.63665785123965, 254.9917355371901, 168.55371900826447, 48.05785123966942
245, 598.2567156922329, 181.50826694214877, 254.93388429752065, 170.13223140495867, 47.72727272727273
246, 597.9902961792471, 181.94726033057844, 255.0, 170.8512396694215, 47.70247933884298
247, 597.7238766662615, 182.43376528925626, 254.9917355371901, 171.79338842975207, 47.14049586776859
248, 597.4574571532758, 182.66652561983474, 254.9917355371901, 172.2396694214876, 46.88429752066116
249, 597.1910376402901, 183.47840247933877, 254.98347107438016, 173.64462809917356, 46.79338842975206
250, 596.9246181273044, 183.87026033057853, 255.0, 174.34710743801654, 46.570247933884296
251, 596.6581986143187, 184.56631074380158, 254.9917355371901, 175.64462809917356, 46.01652892561984
252, 596.391779101333, 184.86669338842964, 254.96694214876032, 176.1818181818182, 45.950413223140494
253, 596.1253595883472, 185.76155206611568, 254.97520661157026, 177.74380165289256, 45.735537190082646
254, 595.8589400753616, 186.06305537190084, 254.98347107438016, 178.26446280991735, 45.67768595041322
255, 595.5925205623759, 187.03678099173533, 255.0, 179.94214876033058, 45.53719008264463
256, 595.3261010493902, 187.12156115702476, 254.96694214876032, 180.1900826446281, 45.09090909090909
257, 595.0596815364045, 188.10883305785123, 254.97520661157026, 181.86776859504133, 45.09090909090909
258, 594.7932620234188, 188.024967768595, 254.9504132231405, 181.8595041322314, 44.46280991735537
259, 594.5268425104331, 188.80772396694206, 254.9917355371901, 183.17355371900825, 44.45454545454545
260, 594.2604229974474, 189.21817107438008, 254.98347107438016, 183.9090909090909, 44.289256198347104
261, 593.9940034844617, 189.6618198347108, 254.94214876033058, 184.8512396694215, 43.43801652892562
262, 593.7275839714761, 189.70979173553727, 254.97520661157026, 185.04132231404958, 42.79338842975206
263, 593.4611644584903, 190.13120247933898, 255.0, 185.78512396694214, 42.59504132231405
264, 593.1947449455047, 190.35544214876035, 255.0, 186.17355371900825, 42.56198347107438
265, 592.9283254325189, 190.95833553719007, 254.9917355371901, 187.25619834710744, 42.29752066115702
266, 592.6619059195332, 191.16471570247936, 254.9917355371901, 187.70247933884298, 41.8099173553719
267, 592.3954864065475, 191.67767603305785, 254.97520661157026, 188.62809917355372, 41.586776859504134
268, 592.1290668935618, 191.9171719008265, 254.97520661157026, 189.08264462809916, 41.34710743801653
269, 591.8626473805762, 192.66117933884308, 254.98347107438016, 190.30578512396696, 41.553719008264466
270, 591.5962278675904, 192.94024545454542, 254.98347107438016, 190.7603305785124, 41.66115702479339
271, 591.3298083546048, 193.44331157024794, 254.98347107438016, 191.64462809917356, 41.52066115702479
272, 591.063388841619, 193.8371388429752, 254.97520661157026, 192.28925619834712, 41.67768595041322
273, 590.7969693286334, 193.96089338842972, 254.9504132231405, 192.5785123966942, 41.33884297520661
274, 590.5305498156476, 194.34173305785123, 254.98347107438016, 193.17355371900825, 41.52892561983471
275, 590.2641303026619, 194.63625702479348, 254.9504132231405, 193.67768595041323, 41.603305785123965
276, 589.9977107896763, 194.59439834710759, 254.94214876033058, 193.74380165289256, 40.917355371900825
277, 589.7312912766905, 195.4683991735537, 254.93388429752065, 195.25619834710744, 40.81818181818182
278, 589.4648717637049, 195.44823719008266, 254.900826446281, 195.37190082644628, 40.13223140495868
279, 589.1984522507191, 195.87786033057847, 254.9504132231405, 196.10743801652893, 39.98347107438016
280, 588.9320327377335, 196.0375338842974, 254.9917355371901, 196.40495867768595, 39.743801652892564
281, 588.6656132247477, 196.90883140495876, 254.9917355371901, 197.83471074380165, 40.02479338842975
282, 588.3991937117621, 197.19276611570254, 254.98347107438016, 198.38842975206612, 39.68595041322314
283, 588.1327741987764, 197.8873975206612, 254.9504132231405, 199.59504132231405, 39.65289256198347
284, 587.8663546857906, 198.0880223140496, 254.98347107438016, 200.0082644628099, 39.19834710743802
285, 587.599935172805, 198.95326280991728, 254.97520661157026, 201.50413223140495, 39.107438016528924
286, 587.3335156598193, 199.04863636363635, 254.95867768595042, 201.7520661157025, 38.710743801652896
287, 587.0670961468336, 199.9626223140495, 254.93388429752065, 203.41322314049586, 38.239669421487605
288, 586.8006766338478, 200.17547107438017, 254.95867768595042, 203.8595041322314, 37.743801652892564
289, 586.5342571208622, 200.84502479338835, 254.95867768595042, 205.11570247933884, 37.14876033057851
290, 586.2678376078765, 200.9561892561982, 254.96694214876032, 205.41322314049586, 36.570247933884296
291, 586.0014180948908, 201.5508842975207, 254.95867768595042, 206.51239669421489, 36.14876033057851
292, 585.7349985819051, 201.24439008264466, 254.94214876033058, 206.23140495867767, 34.950413223140494
293, 585.4685790689194, 202.2627429752067, 254.96694214876032, 207.9504132231405, 34.96694214876033
294, 585.2021595559337, 202.08730743801644, 254.94214876033058, 207.87603305785123, 33.87603305785124
295, 584.935740042948, 202.48998181818195, 254.97520661157026, 208.70247933884298, 33.06611570247934
296, 584.6693205299623, 202.6578983471073, 254.98347107438016, 209.12396694214877, 32.34710743801653
297, 584.4029010169766, 203.16347603305766, 254.9917355371901, 210.06611570247935, 31.90909090909091
298, 584.1364815039909, 203.1871710743801, 254.98347107438016, 210.3305785123967, 30.776859504132233
299, 583.8700619910052, 203.7023933884297, 254.9917355371901, 211.39669421487602, 29.785123966942148
300, 583.6036424780195, 203.72165454545447, 254.94214876033058, 211.62809917355372, 28.892561983471076
301, 583.3372229650338, 204.4186371900827, 254.9504132231405, 212.96694214876032, 28.09090909090909
302, 583.0708034520482, 203.93939008264465, 254.94214876033058, 212.5206611570248, 26.206611570247933
303, 582.8043839390624, 204.53024132231403, 254.94214876033058, 213.63636363636363, 25.644628099173552
304, 582.5379644260768, 204.35446033057866, 254.900826446281, 213.77685950413223, 23.487603305785125
305, 582.271544913091, 204.9024900826445, 254.93388429752065, 214.78512396694214, 23.016528925619834
306, 582.0051254001053, 204.93534380165286, 254.9917355371901, 215.0909090909091, 21.578512396694215
307, 581.7387058871196, 205.22775123966943, 254.96694214876032, 215.76859504132233, 20.71900826446281
308, 581.4722863741339, 205.28179752066123, 254.91735537190084, 216.27272727272728, 18.727272727272727
309, 581.2058668611483, 205.53221652892555, 254.94214876033058, 216.93388429752065, 17.454545454545453
310, 580.9394473481625, 205.73331900826435, 254.9917355371901, 217.69421487603304, 15.173553719008265
311, 580.6730278351769, 206.24105537190076, 254.98347107438016, 218.77685950413223, 14.074380165289256
312, 580.4066083221911, 206.241005785124, 254.98347107438016, 219.27272727272728, 11.520661157024794
313, 580.1401888092055, 206.46934049586773, 254.94214876033058, 220.07438016528926, 9.50413223140496
314, 579.8737692962197, 206.79075785123965, 254.98347107438016, 221.07438016528926, 7.066115702479339
315, 579.6073497832341, 207.47249421487595, 254.97520661157026, 222.30578512396696, 6.7272727272727275
316, 579.3409302702484, 207.94201404958665, 254.98347107438016, 223.45454545454547, 4.909090909090909
317, 579.0745107572627, 208.87392479338826, 254.96694214876032, 225.08264462809916, 4.743801652892562
318, 578.808091244277, 209.14664876033038, 254.83471074380165, 225.82644628099175, 3.652892561983471
319, 578.5416717312912, 209.70182396694204, 254.15702479338842, 227.11570247933884, 3.6611570247933884
320, 578.2752522183056, 209.53039917355346, 252.45454545454547, 227.900826446281, 2.5785123966942147
321, 578.0088327053198, 209.88220082644622, 250.96694214876032, 229.30578512396696, 2.330578512396694
322, 577.7424131923342, 210.20910578512388, 249.1900826446281, 230.78512396694214, 2.239669421487603
323, 577.4759936793484, 210.41957851239678, 248.099173553719, 231.8099173553719, 1.6694214876033058
324, 577.2095741663628, 210.28957024793382, 245.45454545454547, 232.97520661157026, 1.462809917355372
325, 576.9431546533771, 210.6009826446279, 242.40495867768595, 235.08264462809916, 1.3388429752066116
326, 576.6767351403914, 210.7217297520661, 239.31404958677686, 236.84297520661158, 1.43801652892562
327, 576.4103156274057, 211.41560909090902, 237.54545454545453, 238.92561983471074, 1.43801652892562
328, 576.1438961144199, 211.90866694214878, 234.65289256198346, 241.19834710743802, 1.6446280991735538
329, 575.8774766014343, 212.80246033057858, 232.17355371900825, 243.98347107438016, 1.6446280991735538
330, 575.6110570884485, 213.61319173553733, 229.900826446281, 246.39669421487602, 2.2892561983471076
331, 575.3446375754629, 214.3550123966942, 228.55371900826447, 248.32231404958677, 2.4132231404958677
332, 575.0782180624772, 214.16566942148762, 225.9504132231405, 249.37190082644628, 2.1735537190082646
333, 574.8117985494915, 214.43625041322326, 224.76859504132233, 250.48760330578511, 1.9008264462809918
334, 574.5453790365058, 214.21960743801657, 222.35537190082644, 251.35537190082644, 1.859504132231405
335, 574.2789595235201, 214.0262198347108, 220.52892561983472, 251.97520661157026, 1.7603305785123966
336, 574.0125400105344, 213.56639173553728, 217.8181818181818, 252.63636363636363, 1.4297520661157024
337, 573.7461204975486, 213.24717107438016, 215.4793388429752, 253.25619834710744, 1.5702479338842976
338, 573.479700984563, 212.67810661157023, 212.65289256198346, 253.79338842975207, 1.2231404958677685
339, 573.2132814715774, 212.38252479338834, 211.19834710743802, 254.0, 1.3801652892561984
340, 572.9468619585916, 211.3584743801652, 207.98347107438016, 254.0, 0.8264462809917356
341, 572.6804424456059, 210.89292809917353, 205.34710743801654, 254.34710743801654, 1.8677685950413223
342, 572.4140229326202, 209.8800933884296, 201.71074380165288, 254.60330578512398, 1.1983471074380165
343, 572.1476034196345, 209.18345289256203, 199.43801652892563, 254.47107438016528, 1.7272727272727273
344, 571.8811839066489, 207.92720247933897, 195.41322314049586, 254.55371900826447, 0.8347107438016529
345, 571.6147643936631, 207.11792148760327, 192.5206611570248, 254.53719008264463, 1.4049586776859504
346, 571.3483448806775, 206.032038016529, 188.95867768595042, 254.6198347107438, 0.7933884297520661
347, 571.0819253676917, 205.49789173553714, 186.86776859504133, 254.58677685950414, 1.7603305785123966
348, 570.8155058547061, 204.31934132231424, 183.28099173553719, 254.58677685950414, 0.8264462809917356
349, 570.5490863417203, 203.6634942148762, 181.0082644628099, 254.47107438016528, 1.628099173553719
350, 570.2826668287346, 202.32361239669416, 176.76859504132233, 254.5206611570248, 0.7355371900826446
351, 570.016247315749, 201.55316280991738, 173.9917355371901, 254.4214876033058, 1.7685950413223142
352, 569.7498278027632, 200.31548512396697, 169.69421487603304, 254.62809917355372, 1.115702479338843
353, 569.4834082897776, 199.26288842975222, 165.5785123966942, 254.71074380165288, 2.2479338842975207
354, 569.2169887767918, 197.5691578512396, 160.73553719008265, 254.52892561983472, 1.024793388429752
355, 568.9505692638062, 196.34245454545461, 157.1900826446281, 254.2396694214876, 1.0495867768595042
356, 568.6841497508204, 194.6977694214875, 151.64462809917356, 254.3305785123967, 0.6942148760330579
357, 568.4177302378348, 192.89546528925615, 145.67768595041323, 254.22314049586777, 1.0826446280991735
358, 568.151310724849, 191.09917851239678, 139.45454545454547, 254.4297520661157, 0.5785123966942148
359, 567.8848912118633, 189.41685785123974, 133.900826446281, 254.28099173553719, 1.1487603305785123
360, 567.6184716988777, 187.40964793388434, 127.32231404958678, 254.31404958677686, 0.6198347107438017
361, 567.3520521858919, 185.69053719008278, 121.32231404958678, 254.30578512396696, 1.3140495867768596
362, 567.0856326729063, 183.61425041322315, 114.60330578512396, 254.29752066115702, 0.7603305785123967
363, 566.8192131599205, 181.70266776859515, 108.11570247933884, 254.25619834710744, 1.2148760330578512
364, 566.5527936469349, 179.3726239669422, 100.86776859504133, 254.10743801652893, 0.5454545454545454
365, 566.2863741339492, 177.5197165289257, 94.48760330578513, 254.13223140495867, 0.8925619834710744
366, 566.0199546209635, 175.918420661157, 88.52066115702479, 254.48760330578511, 0.6611570247933884
367, 565.7535351079778, 174.19459338842975, 82.9090909090909, 254.35537190082644, 0.9338842975206612
368, 565.4871155949921, 172.43329669421485, 77.03305785123968, 254.39669421487602, 0.6776859504132231
369, 565.2206960820064, 170.98641900826456, 71.84297520661157, 254.38842975206612, 1.6363636363636365
370, 564.9542765690207, 169.17382561983473, 65.7107438016529, 254.58677685950414, 0.7933884297520661
371, 564.687857056035, 167.5297181818181, 60.421487603305785, 254.36363636363637, 1.3884297520661157
372, 564.4214375430493, 165.39629917355373, 53.70247933884298, 254.26446280991735, 0.8016528925619835
373, 564.1550180300636, 163.6499917355373, 47.603305785123965, 254.28925619834712, 1.3471074380165289
374, 563.8885985170779, 161.34369669421486, 40.63636363636363, 254.03305785123968, 0.7024793388429752
375, 563.6221790040922, 159.68500991735533, 34.85950413223141, 254.099173553719, 0.9586776859504132
376, 563.3557594911065, 157.89404380165288, 28.65289256198347, 254.27272727272728, 0.628099173553719
377, 563.0893399781208, 155.93531487603306, 22.71900826446281, 253.8595041322314, 1.1322314049586777
378, 562.8229204651351, 154.47553966942147, 17.578512396694215, 254.0495867768595, 0.8264462809917356
379, 562.5565009521495, 153.93647024793395, 14.553719008264462, 254.46280991735537, 1.9008264462809918
380, 562.2900814391637, 152.2415876033057, 9.661157024793388, 254.19834710743802, 1.2231404958677685
381, 562.023661926178, 151.0340338842975, 5.9421487603305785, 254.04132231404958, 1.1900826446280992
382, 561.7572424131923, 150.49833057851242, 3.3057851239669422, 254.52892561983472, 0.8925619834710744
383, 561.4908229002066, 150.22292066115713, 2.115702479338843, 254.65289256198346, 0.9586776859504132
384, 561.224403387221, 149.93538181818187, 1.140495867768595, 254.71900826446281, 0.6528925619834711
385, 560.9579838742352, 149.9731165289258, 1.2314049586776858, 254.6198347107438, 1.256198347107438
386, 560.6915643612496, 150.0091735537191, 1.0743801652892562, 254.73553719008265, 1.3884297520661157
387, 560.4251448482638, 150.24970826446278, 1.512396694214876, 254.8099173553719, 1.9669421487603307
388, 560.1587253352782, 150.0148628099173, 0.9586776859504132, 254.77685950413223, 1.5289256198347108
389, 559.8923058222924, 150.1512694214877, 1.2727272727272727, 254.78512396694214, 1.859504132231405
390, 559.6258863093067, 149.96941900826457, 0.8512396694214877, 254.76859504132233, 1.4545454545454546
391, 559.359466796321, 150.01653057851252, 0.8925619834710744, 254.8181818181818, 1.5041322314049588
392, 559.0930472833353, 150.03718347107448, 0.9752066115702479, 254.80165289256198, 1.5537190082644627
393, 558.8266277703497, 150.03002561983482, 0.9008264462809917, 254.80165289256198, 1.6859504132231404
394, 558.5602082573639, 149.96890826446284, 0.8347107438016529, 254.7520661157025, 1.578512396694215
395, 558.2937887443783, 150.1088413223141, 0.9256198347107438, 254.900826446281, 1.8016528925619835
396, 558.0273692313925, 149.98547355371912, 0.8842975206611571, 254.74380165289256, 1.6363636363636365
397, 557.7609497184069, 150.07110165289265, 1.0495867768595042, 254.76859504132233, 1.8264462809917354
398, 557.4945302054211, 149.86800082644652, 0.7355371900826446, 254.6611570247934, 1.421487603305785
399, 557.2281106924355, 150.06496446280988, 0.9338842975206612, 254.83471074380165, 1.7355371900826446
400, 556.9616911794498, 149.9031685950415, 0.7107438016528925, 254.72727272727272, 1.4545454545454546
401, 556.6952716664641, 150.15553305785133, 1.115702479338843, 254.8595041322314, 1.9256198347107438
402, 556.4288521534784, 149.94905785123984, 0.8264462809917356, 254.72727272727272, 1.5537190082644627
403, 556.1624326404926, 150.07406859504144, 1.0495867768595042, 254.77685950413223, 1.8099173553719008
404, 555.896013127507, 149.9410611570249, 0.7933884297520661, 254.72727272727272, 1.5702479338842976
405, 555.6295936145212, 149.9488669421489, 0.9173553719008265, 254.6694214876033, 1.6115702479338843
406, 555.3631741015356, 149.9927057851241, 0.8760330578512396, 254.7603305785124, 1.6363636363636365
407, 555.0967545885499, 150.10303553719024, 1.0495867768595042, 254.8181818181818, 1.8512396694214877
408, 554.8303350755642, 150.02444876033059, 0.9669421487603306, 254.7520661157025, 1.71900826446281
409, 554.5639155625785, 150.0081504132232, 0.8925619834710744, 254.76859504132233, 1.6859504132231404
410, 554.2974960495928, 150.01726694214898, 0.8842975206611571, 254.78512396694214, 1.7024793388429753
411, 554.0310765366071, 150.104690909091, 1.1074380165289257, 254.78512396694214, 1.884297520661157
412, 553.7646570236213, 149.91487024793398, 0.8842975206611571, 254.63636363636363, 1.5702479338842976
413, 553.4982375106357, 150.03820082644637, 0.9669421487603306, 254.78512396694214, 1.6694214876033058
414, 553.23181799765, 149.98234214876044, 0.8760330578512396, 254.7603305785124, 1.5454545454545454
415, 552.9653984846643, 150.17390743801673, 1.1735537190082646, 254.86776859504133, 1.8925619834710743
416, 552.6989789716786, 149.95579421487625, 0.9008264462809917, 254.70247933884298, 1.5454545454545454
417, 552.4325594586929, 150.08967933884318, 0.8925619834710744, 254.9090909090909, 1.677685950413223
418, 552.1661399457072, 150.01346115702492, 0.9256198347107438, 254.77685950413223, 1.603305785123967
419, 551.8997204327216, 149.9153041322315, 0.7603305785123967, 254.73553719008265, 1.3884297520661157
420, 551.6333009197358, 150.00965454545474, 0.8925619834710744, 254.80165289256198, 1.5289256198347108
421, 551.36688140675, 150.3146743801653, 1.6859504132231404, 254.8595041322314, 1.8264462809917354
422, 551.1004618937644, 150.0840578512397, 1.2396694214876034, 254.79338842975207, 1.3140495867768596
423, 550.8340423807788, 150.20487685950403, 1.3140495867768596, 254.88429752066116, 1.7107438016528926
424, 550.567622867793, 150.00993719008272, 1.0413223140495869, 254.7520661157025, 1.396694214876033
425, 550.3012033548073, 150.14983801652892, 1.0413223140495869, 254.83471074380165, 2.1983471074380163
426, 550.0347838418216, 150.21825785123974, 0.9752066115702479, 254.86776859504133, 2.8016528925619837
427, 549.7683643288359, 150.53627438016525, 1.3884297520661157, 254.89256198347107, 4.380165289256198
428, 549.5019448158503, 150.49132892561977, 1.1735537190082646, 254.7520661157025, 5.2727272727272725
429, 549.2355253028645, 150.9826057851239, 1.628099173553719, 254.87603305785123, 7.75206611570248
430, 548.9691057898789, 150.8990371900827, 1.28099173553719, 254.67768595041323, 8.950413223140496
431, 548.7026862768931, 151.2341553719009, 1.3388429752066116, 254.7520661157025, 11.355371900826446
432, 548.4362667639075, 151.54608099173555, 1.5041322314049588, 254.84297520661158, 13.190082644628099
433, 548.1698472509217, 151.62333553719003, 1.1074380165289257, 254.83471074380165, 14.950413223140496
434, 547.903427737936, 151.74736776859507, 1.1983471074380165, 254.76859504132233, 16.140495867768596
435, 547.6370082249504, 152.0647975206611, 1.5289256198347108, 254.82644628099175, 17.760330578512395
436, 547.3705887119646, 152.26877438016527, 1.512396694214876, 254.86776859504133, 19.380165289256198
437, 547.104169198979, 152.61282396694213, 1.5950413223140496, 254.8099173553719, 22.479338842975206
438, 546.8377496859932, 152.65398264462814, 1.2479338842975207, 254.74380165289256, 24.09090909090909
439, 546.5713301730076, 153.16510991735535, 1.7107438016528926, 254.89256198347107, 26.59504132231405
440, 546.3049106600218, 153.16333966942142, 1.56198347107438, 254.74380165289256, 27.735537190082646
441, 546.0384911470362, 153.5299190082645, 1.6363636363636365, 254.82644628099175, 30.330578512396695
442, 545.7720716340505, 153.53762148760327, 1.4710743801652892, 254.69421487603304, 31.512396694214875
443, 545.5056521210647, 153.90918181818185, 1.487603305785124, 254.86776859504133, 33.83471074380165
444, 545.2392326080791, 154.05284958677677, 1.6694214876033058, 254.80165289256198, 34.95867768595041
445, 544.9728130950933, 154.23899586776852, 1.5289256198347108, 254.8099173553719, 36.917355371900825
446, 544.7063935821077, 154.36330743801648, 1.4710743801652892, 254.82644628099175, 38.074380165289256
447, 544.439974069122, 154.57440578512396, 1.396694214876033, 254.7520661157025, 40.50413223140496
448, 544.1735545561363, 154.7420842975208, 1.3884297520661157, 254.78512396694214, 41.82644628099174
449, 543.9071350431506, 154.9565619834711, 1.4049586776859504, 254.7520661157025, 43.83471074380165
450, 543.6407155301649, 154.97645454545463, 1.2396694214876034, 254.72727272727272, 44.570247933884296
451, 543.3742960171792, 155.139232231405, 1.396694214876033, 254.6694214876033, 45.88429752066116
452, 543.1078765041935, 155.26476611570254, 1.2644628099173554, 254.73553719008265, 46.99173553719008
453, 542.8414569912078, 155.53119173553716, 1.2231404958677685, 254.78512396694214, 49.18181818181818
454, 542.5750374782222, 155.55737272727274, 1.2314049586776858, 254.62809917355372, 50.19834710743802
455, 542.3086179652364, 155.97878264462813, 1.3471074380165289, 254.82644628099175, 52.570247933884296
456, 542.0421984522507, 156.12409421487607, 1.4545454545454546, 254.83471074380165, 53.52066115702479
457, 541.775778939265, 156.53160909090903, 1.677685950413223, 254.87603305785123, 56.29752066115702
458, 541.5093594262793, 156.5100570247934, 1.4958677685950412, 254.8099173553719, 56.925619834710744
459, 541.2429399132936, 156.662841322314, 1.0909090909090908, 254.900826446281, 58.85950413223141
460, 540.9765204003079, 156.6431983471074, 0.9917355371900827, 254.76859504132233, 59.62809917355372
461, 540.7101008873223, 156.96519256198337, 1.1322314049586777, 254.83471074380165, 61.743801652892564
462, 540.4436813743365, 157.13801983471072, 1.371900826446281, 254.80165289256198, 62.80165289256198
463, 540.1772618613509, 157.42782148760327, 1.371900826446281, 254.83471074380165, 65.17355371900827
464, 539.9108423483651, 157.57076033057848, 1.322314049586777, 254.8595041322314, 66.4297520661157
465, 539.6444228353794, 157.69460082644628, 1.1818181818181819, 254.69421487603304, 68.73553719008264
466, 539.3780033223937, 157.94895289256198, 1.3801652892561984, 254.7520661157025, 70.14876033057851
467, 539.111583809408, 158.41240991735535, 1.7685950413223142, 254.900826446281, 72.4297520661157
468, 538.8451642964224, 158.34990578512398, 1.5206611570247934, 254.7520661157025, 73.29752066115702
469, 538.5787447834366, 158.7234933884299, 1.7603305785123966, 254.83471074380165, 75.52066115702479
470, 538.312325270451, 158.7385685950414, 1.5867768595041323, 254.72727272727272, 76.66115702479338
471, 538.0459057574652, 159.0000669421487, 1.4793388429752066, 254.8181818181818, 78.76859504132231
472, 537.7794862444796, 159.37483305785125, 2.0, 254.8512396694215, 80.52066115702479
473, 537.5130667314938, 159.45879669421495, 1.7024793388429753, 254.76859504132233, 82.46280991735537
474, 537.2466472185081, 159.77970330578523, 1.975206611570248, 254.88429752066116, 83.96694214876032
475, 536.9802277055225, 159.93235702479342, 1.884297520661157, 254.71074380165288, 86.43801652892562
476, 536.7138081925368, 160.1042743801652, 1.9669421487603307, 254.6694214876033, 87.94214876033058
477, 536.4473886795511, 160.2364371900827, 1.2479338842975207, 254.80165289256198, 90.30578512396694
478, 536.1809691665653, 160.15771157024795, 1.0661157024793388, 254.58677685950414, 91.19834710743801
479, 535.9145496535797, 160.6651256198347, 1.3057851239669422, 254.72727272727272, 94.29752066115702
480, 535.6481301405939, 160.8372247933884, 1.3884297520661157, 254.7520661157025, 95.46280991735537
481, 535.3817106276083, 161.07516611570253, 1.3140495867768596, 254.7603305785124, 97.70247933884298
482, 535.1152911146226, 161.32207107438012, 1.603305785123967, 254.77685950413223, 99.02479338842976
483, 534.8488716016368, 161.47848595041336, 1.421487603305785, 254.7603305785124, 100.95867768595042
484, 534.5824520886512, 161.8337429752066, 1.8264462809917354, 254.79338842975207, 102.84297520661157
485, 534.3160325756655, 161.99202231404956, 1.4297520661157024, 254.78512396694214, 105.31404958677686
486, 534.0496130626798, 162.1003413223141, 1.3801652892561984, 254.76859504132233, 106.47933884297521
487, 533.783193549694, 162.279841322314, 1.256198347107438, 254.7603305785124, 108.42148760330579
488, 533.5167740367084, 162.48936528925623, 1.5537190082644627, 254.7603305785124, 109.47933884297521
489, 533.2503545237226, 162.8507, 1.677685950413223, 254.82644628099175, 111.98347107438016
490, 532.983935010737, 162.8282446280992, 1.603305785123967, 254.70247933884298, 112.6198347107438
491, 532.7175154977513, 163.04006611570247, 1.2396694214876034, 254.76859504132233, 115.0909090909091
492, 532.4510959847656, 163.04692396694213, 1.1735537190082646, 254.72727272727272, 115.53719008264463
493, 532.1846764717799, 163.35091239669424, 1.1239669421487604, 254.8595041322314, 117.65289256198348
494, 531.9182569587942, 163.4056975206612, 1.1239669421487604, 254.86776859504133, 118.0909090909091
495, 531.6518374458085, 163.6734223140496, 1.1487603305785123, 254.88429752066116, 120.2892561983471
496, 531.3854179328227, 163.58995123966938, 0.9008264462809917, 254.77685950413223, 120.7603305785124
497, 531.1189984198371, 164.16248264462803, 1.371900826446281, 254.900826446281, 123.9090909090909
498, 530.8525789068515, 164.15589256198353, 1.2396694214876034, 254.84297520661158, 124.49586776859505
499, 530.5861593938657, 164.29606198347116, 1.115702479338843, 254.79338842975207, 126.30578512396694
500, 530.31973988088, 164.39124710743806, 1.165289256198347, 254.8099173553719, 126.92561983471074
501, 530.0533203678943, 164.84768429752066, 1.5867768595041323, 254.8512396694215, 129.61157024793388
502, 529.7869008549086, 164.73072809917358, 1.396694214876033, 254.69421487603304, 129.89256198347107
503, 529.520481341923, 165.0158892561983, 1.5206611570247934, 254.76859504132233, 131.68595041322314
504, 529.2540618289372, 165.11926446280984, 1.7355371900826446, 254.74380165289256, 132.15702479338842
505, 528.9876423159515, 165.2030173553718, 1.56198347107438, 254.68595041322314, 133.64462809917356
506, 528.7212228029658, 165.25212561983471, 1.5537190082644627, 254.72727272727272, 133.88429752066116
507, 528.4548032899802, 165.66598677685948, 1.8677685950413223, 254.8181818181818, 136.22314049586777
508, 528.1883837769944, 165.54395289256198, 1.628099173553719, 254.73553719008265, 136.20661157024793
509, 527.9219642640087, 165.76302975206602, 1.43801652892562, 254.89256198347107, 137.8181818181818
510, 527.6555447510231, 165.6822123966941, 1.3471074380165289, 254.78512396694214, 137.900826446281
511, 527.3891252380373, 165.98611487603299, 1.578512396694215, 254.79338842975207, 139.91735537190084
512, 527.1227057250517, 166.180867768595, 1.7355371900826446, 254.84297520661158, 140.95867768595042
513, 526.8562862120659, 166.42113388429766, 1.5537190082644627, 254.82644628099175, 143.62809917355372
514, 526.5898666990803, 166.6577644628101, 1.859504132231405, 254.83471074380165, 144.8595041322314
515, 526.3234471860945, 166.87497107438023, 2.024793388429752, 254.78512396694214, 146.58677685950414
516, 526.0570276731089, 166.8792785123967, 1.8429752066115703, 254.74380165289256, 147.31404958677686
517, 525.7906081601232, 167.0918115702479, 1.3884297520661157, 254.84297520661158, 149.8595041322314
518, 525.5241886471374, 166.95938264462802, 1.1322314049586777, 254.6611570247934, 150.30578512396696
519, 525.2577691341518, 167.49586363636368, 1.6942148760330578, 254.83471074380165, 152.64462809917356
520, 524.991349621166, 167.42321652892565, 1.5537190082644627, 254.69421487603304, 153.099173553719
521, 524.7249301081804, 167.82631404958684, 1.6528925619834711, 254.82644628099175, 155.69421487603304
522, 524.4585105951946, 167.59668429752068, 1.256198347107438, 254.61157024793388, 155.82644628099175
523, 524.192091082209, 167.6569024793388, 1.6363636363636365, 254.07438016528926, 158.12396694214877
524, 523.9256715692233, 168.15152479338846, 1.5289256198347108, 254.74380165289256, 159.29752066115702
525, 523.6592520562376, 168.66914214876036, 2.1322314049586777, 254.74380165289256, 162.25619834710744
526, 523.3928325432519, 168.35706694214866, 1.56198347107438, 254.50413223140495, 162.2479338842975
527, 523.1264130302661, 168.60667685950406, 1.4958677685950412, 254.38842975206612, 165.20661157024793
528, 522.8599935172805, 168.8816611570247, 1.7355371900826446, 254.54545454545453, 166.1818181818182
529, 522.5935740042949, 169.08781983471079, 1.71900826446281, 254.43801652892563, 168.58677685950414
530, 522.3271544913091, 169.1667454545455, 1.8016528925619835, 254.41322314049586, 169.1900826446281
531, 522.0607349783234, 169.22800909090907, 1.8925619834710743, 254.0909090909091, 171.1487603305785
532, 521.7943154653377, 169.28858512396687, 1.6694214876033058, 254.20661157024793, 171.6694214876033
533, 521.527895952352, 169.77062644628097, 1.9173553719008265, 254.37190082644628, 174.39669421487602
534, 521.2614764393663, 169.50166363636365, 1.628099173553719, 254.0, 174.71074380165288
535, 520.9950569263806, 168.82969173553718, 2.0082644628099175, 252.51239669421489, 175.4793388429752
536, 520.7286374133948, 168.48294297520658, 1.56198347107438, 252.099173553719, 175.73553719008265
537, 520.4622179004092, 169.03889999999998, 2.074380165289256, 252.2396694214876, 178.54545454545453
538, 520.1957983874236, 169.06658677685948, 2.231404958677686, 252.0495867768595, 179.35537190082644
539, 519.9293788744378, 169.14933966942147, 2.4710743801652892, 251.59504132231405, 181.79338842975207
540, 519.6629593614521, 168.52767933884294, 1.884297520661157, 250.89256198347107, 181.49586776859505
541, 519.3965398484664, 168.13697768595043, 1.7933884297520661, 249.95867768595042, 183.11570247933884
542, 519.1301203354807, 167.76497355371905, 1.7520661157024793, 249.36363636363637, 183.02479338842974
543, 518.863700822495, 167.9274719008264, 2.1404958677685952, 248.93388429752065, 185.64462809917356
544, 518.5972813095093, 167.1973380165289, 1.6611570247933884, 247.94214876033058, 185.60330578512398
545, 518.3308617965237, 166.8278611570248, 1.9669421487603307, 246.76859504132233, 187.60330578512398
546, 518.0644422835379, 165.60989669421502, 1.115702479338843, 245.28925619834712, 186.76859504132233
547, 517.7980227705523, 165.5404876033058, 1.7355371900826446, 244.49586776859505, 188.6198347107438
548, 517.5316032575665, 165.16191570247932, 1.421487603305785, 243.87603305785123, 189.31404958677686
549, 517.2651837445808, 165.15923388429763, 1.9586776859504131, 243.1404958677686, 191.6694214876033
550, 516.9987642315951, 164.71603140495878, 1.7520661157024793, 242.37190082644628, 192.28099173553719
551, 516.7323447186095, 164.22074462809914, 1.7272727272727273, 241.27272727272728, 193.6611570247934
552, 516.4659252056238, 163.3983008264463, 1.2892561983471074, 240.16528925619835, 193.29752066115702
553, 516.199505692638, 162.9815958677685, 1.2314049586776858, 239.11570247933884, 195.19834710743802
554, 515.9330861796524, 162.57649586776856, 1.1570247933884297, 238.4297520661157, 195.37190082644628
555, 515.6666666666666, 163.11061735537194, 2.1735537190082646, 238.23140495867767, 198.41322314049586
556, 515.400247153681, 162.30064049586787, 1.6942148760330578, 237.19834710743802, 197.88429752066116
557, 515.1338276406952, 161.69131157024788, 1.677685950413223, 235.78512396694214, 199.8595041322314
558, 514.8674081277095, 160.95469008264462, 1.28099173553719, 234.84297520661158, 199.28925619834712
559, 514.6009886147239, 160.42199421487598, 1.8760330578512396, 233.28099173553719, 201.099173553719
560, 514.3345691017382, 159.90420909090912, 1.462809917355372, 232.64462809917356, 200.91735537190084
561, 514.0681495887525, 159.69904793388434, 1.834710743801653, 231.6611570247934, 203.20661157024793
562, 513.8017300757667, 159.41666528925617, 1.5289256198347108, 231.28925619834712, 203.44628099173553
563, 513.5353105627811, 158.86952975206611, 1.56198347107438, 230.05785123966942, 204.900826446281
564, 513.2688910497953, 158.7219388429751, 1.43801652892562, 229.8181818181818, 205.16528925619835
565, 513.0024715368097, 158.85064380165284, 1.578512396694215, 229.48760330578511, 207.62809917355372
566, 512.736052023824, 158.53640743801637, 1.3801652892561984, 229.06611570247935, 207.56198347107437
567, 512.4696325108383, 158.81297603305788, 1.8099173553719008, 228.96694214876032, 209.37190082644628
568, 512.2032129978526, 158.3970950413224, 1.4462809917355373, 228.5206611570248, 208.97520661157026
569, 511.9367934848669, 157.8072148760331, 1.322314049586777, 227.31404958677686, 210.3388429752066
570, 511.6703739718812, 157.6564685950414, 1.1818181818181819, 227.12396694214877, 210.36363636363637
571, 511.4039544588955, 157.12892975206606, 1.5289256198347108, 225.73553719008265, 211.97520661157026
572, 511.1375349459098, 156.37101652892562, 0.9090909090909091, 224.8595041322314, 211.46280991735537
573, 510.87111543292406, 156.3177859504131, 1.6446280991735538, 223.92561983471074, 213.87603305785123
574, 510.6046959199384, 155.802282644628, 1.2231404958677685, 223.34710743801654, 213.43801652892563
575, 510.3382764069527, 155.33754049586773, 1.7024793388429753, 221.94214876033058, 215.3388429752066
576, 510.07185689396704, 154.39290247933883, 1.0578512396694215, 220.82644628099175, 214.48760330578511
577, 509.8054373809813, 155.0557016528926, 2.074380165289256, 220.82644628099175, 217.63636363636363
578, 509.5390178679956, 154.33478016528926, 1.537190082644628, 220.0082644628099, 216.93388429752065
579, 509.2725983550099, 153.9586322314049, 1.6942148760330578, 219.17355371900825, 217.5206611570248
580, 509.0061788420242, 153.5420223140495, 1.4297520661157024, 218.60330578512398, 217.49586776859505
581, 508.7397593290385, 153.49988016528917, 1.3636363636363635, 218.17355371900825, 219.51239669421489
582, 508.4733398160528, 152.99037272727273, 0.9834710743801653, 217.55371900826447, 219.23140495867767
583, 508.20692030306714, 153.23408181818178, 1.6611570247933884, 217.31404958677686, 220.82644628099175
584, 507.9405007900814, 153.19754958677686, 1.6115702479338843, 217.25619834710744, 220.93388429752065
585, 507.67408127709575, 152.7901900826446, 2.0661157024793386, 216.11570247933884, 222.04132231404958
586, 507.40766176411, 152.189567768595, 1.677685950413223, 215.3801652892562, 221.5785123966942
587, 507.14124225112437, 151.84100082644633, 1.7272727272727273, 214.45454545454547, 223.15702479338842
588, 506.8748227381386, 151.61088925619842, 1.43801652892562, 214.20661157024793, 223.17355371900825
589, 506.6084032251529, 152.02360991735537, 2.0826446280991737, 214.1818181818182, 225.23140495867767
590, 506.34198371216723, 150.98865785123965, 1.3553719008264462, 212.97520661157026, 224.27272727272728
591, 506.07556419918154, 151.11275619834714, 1.6115702479338843, 212.61157024793388, 226.56198347107437
592, 505.80914468619585, 151.26492396694212, 1.7520661157024793, 212.71900826446281, 226.97520661157026
593, 505.54272517321016, 150.59393801652885, 1.7768595041322315, 211.3305785123967, 228.17355371900825
594, 505.27630566022447, 149.90372892561982, 1.3884297520661157, 210.4793388429752, 227.5206611570248
595, 505.0098861472387, 149.71787272727272, 1.603305785123967, 209.900826446281, 228.30578512396696
596, 504.7434666342531, 149.3911, 1.396694214876033, 209.3305785123967, 228.91735537190084
597, 504.47704712126733, 149.21182231404958, 1.4462809917355373, 208.55371900826447, 231.21487603305786
598, 504.2106276082817, 148.97657768595042, 1.4132231404958677, 208.099173553719, 231.5785123966942
599, 503.94420809529595, 148.73486942148762, 1.5537190082644627, 207.37190082644628, 232.83471074380165
600, 503.67778858231026, 147.9679429752067, 0.9834710743801653, 206.4793388429752, 232.19834710743802
601, 503.41136906932456, 147.75301900826443, 1.462809917355372, 205.47107438016528, 234.2479338842975
602, 503.1449495563389, 147.01225867768605, 1.0495867768595042, 204.5206611570248, 233.72727272727272
603, 502.8785300433532, 147.246105785124, 1.9173553719008265, 204.01652892561984, 236.099173553719
604, 502.6121105303675, 146.7514950413223, 1.578512396694215, 203.3801652892562, 235.92561983471074
605, 502.3456910173818, 145.87034297520665, 1.5289256198347108, 201.74380165289256, 236.7520661157025
606, 502.07927150439605, 145.14728264462812, 1.2231404958677685, 200.77685950413223, 236.1900826446281
607, 501.8128519914104, 144.91656942148748, 1.4958677685950412, 199.86776859504133, 238.13223140495867
608, 501.54643247842466, 145.15796776859503, 1.6446280991735538, 200.0909090909091, 238.71074380165288
609, 501.280012965439, 144.58769421487602, 1.487603305785124, 198.900826446281, 240.2479338842975
610, 501.0135934524533, 144.06474380165287, 1.1570247933884297, 198.28099173553719, 239.71900826446281
611, 500.7471739394676, 143.7501190082644, 1.2066115702479339, 197.5785123966942, 240.44628099173553
612, 500.4807544264819, 143.62632314049586, 1.2314049586776858, 197.23140495867767, 241.08264462809916
613, 500.2143349134962, 143.61550247933897, 1.5867768595041323, 196.55371900826447, 243.54545454545453
614, 499.9479154005105, 142.89713388429755, 1.140495867768595, 195.56198347107437, 243.5206611570248
615, 499.68149588752476, 142.9587363636363, 1.8099173553719008, 195.0082644628099, 245.15702479338842
616, 499.4150763745391, 142.13546694214872, 1.3636363636363635, 193.94214876033058, 244.59504132231405
617, 499.1486568615534, 141.9625975206612, 1.5454545454545454, 193.15702479338842, 246.64462809917356
618, 498.88223734856774, 141.23212314049587, 1.2479338842975207, 192.10743801652893, 246.4214876033058
619, 498.615817835582, 141.1895520661157, 1.7520661157024793, 191.3801652892562, 248.47107438016528
620, 498.34939832259636, 140.63285041322305, 1.3305785123966942, 190.59504132231405, 248.73553719008265
621, 498.0829788096106, 140.56524958677682, 1.884297520661157, 189.8512396694215, 250.5206611570248
622, 497.8165592966249, 140.49046694214877, 1.9421487603305785, 189.64462809917356, 250.77685950413223
623, 497.5501397836392, 140.2853404958678, 2.2975206611570247, 188.84297520661158, 252.17355371900825
624, 497.28372027065353, 138.7937272727273, 1.2396694214876034, 186.92561983471074, 251.73553719008265
625, 497.01730075766784, 138.05333884297525, 1.4049586776859504, 185.41322314049586, 252.59504132231405
626, 496.7508812446821, 137.8061446280992, 1.3636363636363635, 185.06611570247935, 252.32231404958677
627, 496.48446173169646, 137.76182148760338, 1.9504132231404958, 184.61157024793388, 252.73553719008265
628, 496.2180422187107, 136.1704859504133, 1.0909090909090908, 182.4297520661157, 252.26446280991735
629, 495.9516227057251, 134.99637190082638, 1.0743801652892562, 180.21487603305786, 253.41322314049586
630, 495.6852031927393, 134.5700661157025, 1.4049586776859504, 179.36363636363637, 253.1900826446281
631, 495.41878367975363, 134.18843305785123, 1.537190082644628, 178.58677685950414, 253.49586776859505
632, 495.15236416676794, 133.70967603305786, 1.3388429752066116, 177.9090909090909, 253.30578512396696
633, 494.88594465378225, 132.85477190082642, 1.371900826446281, 176.36363636363637, 253.67768595041323
634, 494.61952514079655, 132.3640801652892, 1.0165289256198347, 175.69421487603304, 253.7520661157025
635, 494.35310562781086, 132.29813553719003, 1.9504132231404958, 174.95867768595042, 254.51239669421489
636, 494.08668611482517, 131.414161983471, 1.3553719008264462, 173.76859504132233, 254.44628099173553
637, 493.8202666018394, 130.6054033057851, 1.421487603305785, 172.30578512396696, 254.71074380165288
638, 493.5538470888538, 130.20597107438016, 1.115702479338843, 171.8099173553719, 254.56198347107437
639, 493.28742757586804, 129.95065371900827, 1.7272727272727273, 171.03305785123968, 254.71900826446281
640, 493.0210080628824, 129.34489421487606, 1.2231404958677685, 170.25619834710744, 254.72727272727272
641, 492.75458854989665, 128.63359669421484, 1.3884297520661157, 168.95867768595042, 254.73553719008265
642, 492.48816903691096, 128.2666570247934, 1.115702479338843, 168.46280991735537, 254.78512396694214
643, 492.22174952392527, 127.74341239669425, 1.165289256198347, 167.5702479338843, 254.6611570247934
644, 491.9553300109396, 127.12372479338843, 0.8512396694214877, 166.67768595041323, 254.64462809917356
645, 491.6889104979539, 126.76629008264464, 1.6446280991735538, 165.6198347107438, 254.87603305785123
646, 491.4224909849682, 126.08552231404958, 1.2231404958677685, 164.68595041322314, 254.8181818181818
647, 491.1560714719825, 125.377652892562, 1.9008264462809918, 163.11570247933884, 254.91735537190084
648, 490.88965195899675, 124.07555454545457, 0.9834710743801653, 161.39669421487602, 254.7520661157025
649, 490.6232324460111, 122.33021570247931, 1.0661157024793388, 158.36363636363637, 254.84297520661158
650, 490.35681293302537, 121.09172231404965, 0.5454545454545454, 156.5702479338843, 254.5785123966942
651, 490.09039342003973, 120.03170909090905, 1.1735537190082646, 154.38842975206612, 254.86776859504133
652, 489.823973907054, 119.01033884297526, 0.9090909090909091, 152.82644628099175, 254.64462809917356
653, 489.5575543940683, 117.88915537190091, 1.3388429752066116, 150.64462809917356, 254.91735537190084
654, 489.2911348810826, 116.79071404958682, 1.1239669421487604, 148.94214876033058, 254.61157024793388
655, 489.0247153680969, 115.31079421487605, 1.396694214876033, 146.26446280991735, 254.70247933884298
656, 488.7582958551112, 114.24896942148769, 0.8016528925619835, 144.8099173553719, 254.43801652892563
657, 488.4918763421255, 113.85017685950419, 1.7024793388429753, 143.58677685950414, 254.87603305785123
658, 488.22545682913983, 112.75035619834708, 0.9834710743801653, 142.13223140495867, 254.60330578512398
659, 487.9590373161541, 112.32591983471075, 1.5454545454545454, 141.0909090909091, 254.76859504132233
660, 487.69261780316845, 111.52985619834706, 1.1074380165289257, 139.98347107438016, 254.63636363636363
661, 487.4261982901827, 111.45329421487597, 1.6859504132231404, 139.49586776859505, 254.95867768595042
662, 487.15977877719706, 110.27413553719003, 1.1239669421487604, 137.8181818181818, 254.72727272727272
663, 486.8933592642113, 108.85733305785116, 1.3801652892561984, 135.26446280991735, 254.77685950413223
664, 486.6269397512256, 107.18959090909085, 0.8677685950413223, 132.79338842975207, 254.21487603305786
665, 486.3605202382399, 106.49475454545454, 1.628099173553719, 131.0909090909091, 254.89256198347107
666, 486.09410072525424, 104.88285537190079, 1.0330578512396693, 128.70247933884298, 254.61157024793388
667, 485.82768121226854, 103.39328347107433, 1.2148760330578512, 126.05785123966942, 254.68595041322314
668, 485.5612616992828, 102.17675785123964, 1.0165289256198347, 124.15702479338843, 254.32231404958677
669, 485.29484218629716, 101.14826611570248, 1.2231404958677685, 122.20661157024793, 254.80165289256198
670, 485.0284226733114, 99.6521752066116, 0.8099173553719008, 119.94214876033058, 254.4214876033058
671, 484.7620031603258, 98.73365041322317, 1.512396694214876, 117.95867768595042, 254.73553719008265
672, 484.49558364734, 97.26853801652895, 1.4793388429752066, 115.48760330578513, 254.69421487603304
673, 484.22916413435433, 94.97842066115707, 1.165289256198347, 111.76859504132231, 254.5785123966942
674, 483.96274462136864, 93.36587520661156, 1.0, 109.15702479338843, 254.31404958677686
675, 483.69632510838295, 91.73172148760334, 1.1322314049586777, 106.30578512396694, 254.31404958677686
676, 483.42990559539726, 90.13059421487604, 0.9173553719008265, 103.68595041322314, 254.32231404958677
677, 483.16348608241157, 88.75016611570251, 1.2314049586776858, 101.0909090909091, 254.7520661157025
678, 482.8970665694259, 87.04091570247934, 1.1735537190082646, 98.27272727272727, 254.4214876033058
679, 482.6306470564401, 85.84809752066113, 1.5867768595041323, 95.99173553719008, 254.6198347107438
680, 482.3642275434545, 83.69795289256191, 1.2148760330578512, 92.54545454545455, 254.4793388429752
681, 482.09780803046874, 81.5729685950413, 1.140495867768595, 88.9504132231405, 254.54545454545453
682, 481.8313885174831, 79.00501157024789, 0.7933884297520661, 84.87603305785125, 253.9090909090909
683, 481.56496900449736, 77.49561074380165, 1.0826446280991735, 82.05785123966942, 254.4214876033058
684, 481.29854949151166, 76.19001818181816, 1.4710743801652892, 79.6198347107438, 254.50413223140495
685, 481.032129978526, 74.56129834710745, 1.6446280991735538, 76.69421487603306, 254.82644628099175
686, 480.7657104655403, 71.7022611570248, 1.1074380165289257, 72.14049586776859, 254.60330578512398
687, 480.4992909525546, 68.90421735537188, 0.8842975206611571, 67.53719008264463, 254.34710743801654
688, 480.2328714395689, 65.9785603305785, 0.5950413223140496, 62.68595041322314, 254.4214876033058
689, 479.9664519265832, 63.53742148760331, 0.9917355371900827, 58.31404958677686, 254.4793388429752
690, 479.70003241359746, 61.087335537190036, 1.1900826446280992, 54.13223140495868, 254.0
691, 479.4336129006118, 58.897104132231405, 0.9421487603305785, 50.47107438016529, 254.28925619834712
692, 479.16719338762607, 56.47573966942146, 0.9504132231404959, 46.388429752066116, 254.0495867768595
693, 478.90077387464044, 55.32566446280996, 1.7024793388429753, 43.93388429752066, 254.62809917355372
694, 478.6343543616547, 53.08899090909088, 1.4958677685950412, 40.30578512396694, 254.23140495867767
695, 478.367934848669, 51.19569504132233, 1.4793388429752066, 37.074380165289256, 254.30578512396696
696, 478.1015153356833, 48.694757851239665, 0.8512396694214877, 33.18181818181818, 254.05785123966942
697, 477.8350958226976, 47.09178512396696, 1.4049586776859504, 30.074380165289256, 254.54545454545453
698, 477.5686763097119, 44.289321487603274, 1.165289256198347, 25.446280991735538, 254.4214876033058
699, 477.3022567967262, 41.432623966942124, 1.5289256198347108, 20.487603305785125, 253.94214876033058
700, 477.03583728374053, 38.038656198347105, 1.0413223140495869, 15.074380165289256, 253.32231404958677
701, 476.7694177707548, 36.25873388429752, 1.3388429752066116, 11.826446280991735, 253.65289256198346
702, 476.50299825776915, 34.01720909090911, 1.1322314049586777, 8.190082644628099, 253.25619834710744
703, 476.2365787447834, 32.71408760330579, 1.603305785123967, 5.7190082644628095, 253.31404958677686
704, 475.97015923179777, 31.270342975206617, 1.5289256198347108, 3.347107438016529, 253.05785123966942
705, 475.703739718812, 30.847542148760333, 1.603305785123967, 2.4958677685950414, 253.53719008264463
706, 475.4373202058263, 30.104305785123977, 1.5702479338842976, 1.421487603305785, 252.63636363636363
707, 475.17090069284063, 30.604360330578526, 2.2644628099173554, 1.7272727272727273, 253.62809917355372
708, 474.90448117985494, 30.673042148760334, 2.3057851239669422, 1.8264462809917354, 253.61157024793388
709, 474.63806166686925, 30.50725950413223, 2.1983471074380163, 1.6115702479338843, 253.54545454545453
710, 474.3716421538835, 30.72719504132232, 2.4297520661157024, 1.834710743801653, 253.71900826446281
711, 474.10522264089786, 30.648364462809916, 2.3057851239669422, 1.7603305785123966, 253.73553719008265
712, 473.8388031279121, 30.526790909090913, 2.1735537190082646, 1.6446280991735538, 253.61157024793388
713, 473.5723836149265, 30.500242975206632, 2.1983471074380163, 1.5867768595041323, 253.61157024793388
714, 473.30596410194073, 30.334946280991748, 2.024793388429752, 1.4545454545454546, 253.29752066115702
715, 473.0395445889551, 30.337937190082638, 2.0330578512396693, 1.4297520661157024, 253.4297520661157
716, 472.77312507596935, 30.313642975206623, 2.0, 1.4132231404958677, 253.38842975206612
717, 472.50670556298365, 30.74057768595041, 2.487603305785124, 1.8264462809917354, 253.72727272727272
718, 472.24028604999796, 30.78434214876034, 2.5289256198347108, 1.9008264462809918, 253.6198347107438
719, 471.97386653701227, 30.28200330578513, 1.9504132231404958, 1.421487603305785, 253.19834710743802
720, 471.7074470240266, 30.41434876033059, 2.1322314049586777, 1.5206611570247934, 253.37190082644628
721, 471.44102751104083, 30.234548760330586, 1.8677685950413223, 1.4132231404958677, 253.04132231404958
722, 471.1746079980552, 30.13333636363637, 1.7603305785123966, 1.3388429752066116, 252.8181818181818
723, 470.90818848506945, 30.285888429752074, 1.9421487603305785, 1.462809917355372, 253.04132231404958
724, 470.6417689720838, 30.310819834710756, 1.9669421487603307, 1.4958677685950412, 253.02479338842974
725, 470.37534945909806, 30.5799479338843, 2.3388429752066116, 1.8099173553719008, 252.79338842975207
726, 470.10892994611237, 30.146860330578523, 1.8925619834710743, 1.3057851239669422, 252.7603305785124
727, 469.8425104331267, 30.161380991735545, 1.975206611570248, 1.371900826446281, 252.3305785123967
728, 469.576090920141, 30.413696694214885, 2.2892561983471076, 1.603305785123967, 252.52892561983472
729, 469.3096714071553, 30.246135537190085, 2.115702479338843, 1.5041322314049588, 252.02479338842974
730, 469.0432518941696, 29.915987603305783, 1.7768595041322315, 1.2314049586776858, 251.4214876033058
731, 468.7768323811839, 30.049851239669422, 1.9834710743801653, 1.371900826446281, 251.3305785123967
732, 468.51041286819816, 29.941081818181825, 1.9090909090909092, 1.3801652892561984, 250.52892561983472
733, 468.2439933552125, 29.873866115702494, 1.834710743801653, 1.3388429752066116, 250.34710743801654
734, 467.9775738422268, 30.0262438016529, 2.024793388429752, 1.5289256198347108, 250.20661157024793
735, 467.71115432924114, 29.66332314049586, 1.7272727272727273, 1.2066115702479339, 249.46280991735537
736, 467.4447348162554, 29.670823140495877, 1.7685950413223142, 1.1983471074380165, 249.46280991735537
737, 467.1783153032697, 30.261290082644607, 2.3884297520661155, 1.8677685950413223, 249.5702479338843
738, 466.911895790284, 29.441394214876016, 1.512396694214876, 1.0743801652892562, 248.7603305785124
739, 466.6454762772983, 29.851145454545446, 2.0991735537190084, 1.5041322314049588, 248.60330578512398
740, 466.3790567643126, 29.523879338842963, 1.7851239669421488, 1.2975206611570247, 247.6198347107438
741, 466.11263725132693, 29.613107438016534, 2.1487603305785123, 1.371900826446281, 247.06611570247935
742, 465.84621773834124, 29.065933884297525, 1.6528925619834711, 0.9586776859504132, 245.69421487603304
743, 465.5797982253555, 29.338604132231424, 1.975206611570248, 1.3553719008264462, 245.19834710743802
744, 465.31337871236985, 28.937945454545464, 1.6198347107438016, 1.0495867768595042, 244.1900826446281
745, 465.0469591993841, 29.29441983471074, 2.0, 1.4793388429752066, 244.10743801652893
746, 464.78053968639847, 28.986030578512416, 1.677685950413223, 1.1983471074380165, 243.69421487603304
747, 464.5141201734127, 28.743270247933914, 1.5950413223140496, 1.1735537190082646, 241.9090909090909
748, 464.24770066042703, 28.613423966942158, 1.5454545454545454, 1.0578512396694215, 241.49586776859505
749, 463.98128114744134, 28.556022314049617, 1.5950413223140496, 1.1322314049586777, 240.4793388429752
750, 463.71486163445564, 28.55165867768595, 1.677685950413223, 1.140495867768595, 240.1818181818182
751, 463.44844212146995, 28.80045289256199, 2.0, 1.462809917355372, 239.8595041322314
752, 463.18202260848426, 28.375639669421492, 1.537190082644628, 1.1818181818181819, 238.79338842975207
753, 462.91560309549857, 28.21617851239669, 1.43801652892562, 1.0826446280991735, 238.16528925619835
754, 462.6491835825128, 28.850412396694207, 2.074380165289256, 1.6528925619834711, 239.12396694214877
755, 462.3827640695272, 28.323404132231403, 1.578512396694215, 1.2066115702479339, 238.099173553719
756, 462.11634455654143, 28.386782644628095, 1.5950413223140496, 1.4297520661157024, 237.46280991735537
757, 461.8499250435558, 28.376711570247917, 1.975206611570248, 1.4132231404958677, 236.46280991735537
758, 461.58350553057005, 28.02495950413223, 1.6446280991735538, 1.165289256198347, 235.5206611570248
759, 461.31708601758436, 28.088880165289233, 1.7768595041322315, 1.2148760330578512, 235.4793388429752
760, 461.05066650459867, 28.023080165289247, 1.7603305785123966, 1.1818181818181819, 235.11570247933884
761, 460.784246991613, 28.001792561983446, 2.15702479338843, 1.1570247933884297, 234.01652892561984
762, 460.5178274786273, 27.856229752066092, 2.0, 1.0082644628099173, 233.91735537190084
763, 460.25140796564153, 28.144804132231393, 2.371900826446281, 1.4132231404958677, 233.38842975206612
764, 459.9849884526559, 27.80445619834709, 1.9669421487603307, 1.1487603305785123, 232.82644628099175
765, 459.71856893967015, 28.14076363636363, 2.5289256198347108, 1.462809917355372, 232.68595041322314
766, 459.4521494266845, 27.66249338842972, 2.0082644628099175, 1.0495867768595042, 231.98347107438016
767, 459.18572991369876, 27.866454545454552, 2.3140495867768593, 1.2975206611570247, 231.69421487603304
768, 458.9193104007131, 27.76205950413225, 2.2148760330578514, 1.2231404958677685, 231.4214876033058
769, 458.6528908877274, 27.801933057851244, 2.322314049586777, 1.3471074380165289, 230.8512396694215
770, 458.3864713747417, 27.588506611570253, 2.041322314049587, 1.2148760330578512, 230.39669421487602
771, 458.120051861756, 28.129019008264457, 2.7024793388429753, 1.7107438016528926, 230.8512396694215
772, 457.8536323487703, 27.473471074380164, 1.9834710743801653, 1.1735537190082646, 229.7520661157025
773, 457.5872128357846, 27.62274214876034, 2.2479338842975207, 1.3140495867768596, 229.64462809917356
774, 457.32079332279886, 27.17961322314049, 1.8016528925619835, 0.8842975206611571, 229.1404958677686
775, 457.0543738098132, 27.610868595041335, 2.3057851239669422, 1.371900826446281, 229.0909090909091
776, 456.7879542968275, 27.23987438016532, 1.834710743801653, 1.1322314049586777, 228.30578512396696
777, 456.52153478384184, 27.219063636363646, 2.0082644628099175, 1.1239669421487604, 227.71074380165288
778, 456.2551152708561, 27.35382727272729, 2.1404958677685952, 1.2396694214876034, 227.9504132231405
779, 455.9886957578704, 27.01800661157026, 1.834710743801653, 1.0495867768595042, 226.78512396694214
780, 455.7222762448847, 26.92541404958679, 1.7272727272727273, 0.9834710743801653, 226.59504132231405
781, 455.455856731899, 27.09680661157025, 1.9338842975206612, 1.28099173553719, 226.02479338842974
782, 455.1894372189133, 26.765767768595044, 1.578512396694215, 1.024793388429752, 225.37190082644628
783, 454.92301770592763, 27.395923140495874, 2.3388429752066116, 1.6694214876033058, 225.58677685950414
784, 454.65659819294194, 26.88593801652893, 1.7768595041322315, 1.28099173553719, 224.58677685950414
785, 454.3901786799562, 26.90379752066115, 2.024793388429752, 1.2975206611570247, 224.0082644628099
786, 454.12375916697056, 26.55203140495866, 1.6694214876033058, 1.0413223140495869, 223.17355371900825
787, 453.8573396539848, 26.49796280991734, 1.6942148760330578, 1.0826446280991735, 222.4214876033058
788, 453.5909201409992, 26.628047107438, 1.8429752066115703, 1.2975206611570247, 222.06611570247935
789, 453.3245006280134, 26.55614132231404, 2.0578512396694215, 1.2148760330578512, 221.29752066115702
790, 453.05808111502773, 26.517499173553706, 2.0330578512396693, 1.2066115702479339, 221.06611570247935
791, 452.79166160204204, 26.60574462809916, 2.1404958677685952, 1.4049586776859504, 220.53719008264463
792, 452.52524208905635, 26.348934710743794, 1.8925619834710743, 1.1322314049586777, 220.3388429752066
793, 452.25882257607066, 26.325793388429748, 1.9834710743801653, 1.165289256198347, 219.72727272727272
794, 451.99240306308496, 26.320689256198346, 2.0330578512396693, 1.1570247933884297, 219.59504132231405
795, 451.7259835500993, 26.275497520661162, 2.049586776859504, 1.256198347107438, 218.64462809917356
796, 451.4595640371135, 26.240418181818185, 2.0165289256198347, 1.2148760330578512, 218.63636363636363
797, 451.1931445241279, 26.42071157024794, 2.2231404958677685, 1.537190082644628, 218.01652892561984
798, 450.92672501114214, 25.80920578512396, 1.578512396694215, 1.0082644628099173, 217.06611570247935
799, 450.6603054981565, 25.967076033057847, 1.8016528925619835, 1.2727272727272727, 216.50413223140495
800, 450.39388598517075, 25.846050413223157, 1.6446280991735538, 1.1818181818181819, 216.32231404958677
801, 450.12746647218506, 26.08556033057853, 2.0, 1.4297520661157024, 216.21487603305786
802, 449.86104695919937, 26.05431487603307, 1.975206611570248, 1.4132231404958677, 216.0909090909091
803, 449.5946274462137, 25.745264462809917, 1.6528925619834711, 1.1487603305785123, 215.58677685950414
804, 449.328207933228, 25.505790909090933, 1.4297520661157024, 1.0165289256198347, 214.7520661157025
805, 449.06178842024224, 25.959476859504132, 2.0082644628099175, 1.4049586776859504, 215.21487603305786
806, 448.7953689072566, 25.873798347107442, 1.9338842975206612, 1.3305785123966942, 215.04132231404958
807, 448.52894939427085, 25.519126446281007, 1.5454545454545454, 1.0413223140495869, 214.43801652892563
808, 448.2625298812852, 25.605366942148773, 1.6198347107438016, 1.1487603305785123, 214.44628099173553
809, 447.99611036829947, 25.738072727272733, 1.834710743801653, 1.2975206611570247, 214.28099173553719
810, 447.72969085531383, 25.274290909090915, 1.3057851239669422, 0.8842975206611571, 213.72727272727272
811, 447.4632713423281, 25.79019586776861, 1.7603305785123966, 1.5702479338842976, 213.52892561983472
812, 447.1968518293424, 25.53127603305787, 1.537190082644628, 1.3471074380165289, 212.9917355371901
813, 446.9304323163567, 25.634282644628094, 1.8016528925619835, 1.537190082644628, 212.22314049586777
814, 446.664012803371, 25.40687520661157, 1.578512396694215, 1.3388429752066116, 211.83471074380165
815, 446.3975932903853, 25.295831404958665, 1.8512396694214877, 1.2066115702479339, 210.82644628099175
816, 446.13117377739957, 25.239987603305785, 1.859504132231405, 1.1570247933884297, 210.5702479338843
817, 445.86475426441393, 25.51392892561983, 2.5289256198347108, 1.2892561983471074, 210.53719008264463
818, 445.5983347514282, 25.299533057851235, 2.272727272727273, 1.1074380165289257, 210.26446280991735
819, 445.33191523844255, 25.16487685950411, 2.2231404958677685, 1.0413223140495869, 209.55371900826447
820, 445.0654957254568, 24.892601652892544, 1.9173553719008265, 0.8760330578512396, 208.8181818181818
821, 444.7990762124711, 25.429074380165275, 2.809917355371901, 1.3884297520661157, 208.54545454545453
822, 444.5326566994854, 25.22990743801651, 2.5785123966942147, 1.2231404958677685, 208.25619834710744
823, 444.2662371864997, 25.215155371900817, 2.5785123966942147, 1.2975206611570247, 207.74380165289256
824, 443.99981767351403, 24.973536363636352, 2.322314049586777, 1.0661157024793388, 207.48760330578511
825, 443.73339816052834, 25.067461983471066, 2.4049586776859506, 1.3140495867768596, 206.8181818181818
826, 443.46697864754265, 24.991866942148746, 2.4049586776859506, 1.1900826446280992, 206.79338842975207
827, 443.2005591345569, 25.023936363636377, 2.5371900826446283, 1.3057851239669422, 206.13223140495867
828, 442.93413962157126, 24.454436363636358, 1.834710743801653, 0.8842975206611571, 205.1487603305785
829, 442.6677201085855, 24.863400000000002, 2.446280991735537, 1.3305785123966942, 204.83471074380165
830, 442.4013005955999, 24.2982305785124, 1.743801652892562, 0.9421487603305785, 203.71900826446281
831, 442.13488108261413, 24.62431404958677, 2.231404958677686, 1.2975206611570247, 203.47107438016528
832, 441.86846156962844, 24.765583471074375, 2.347107438016529, 1.421487603305785, 203.76859504132233
833, 441.60204205664274, 24.63602479338844, 2.231404958677686, 1.487603305785124, 202.59504132231405
834, 441.33562254365705, 24.241652066115705, 1.8264462809917354, 1.1487603305785123, 201.94214876033058
835, 441.06920303067136, 24.701195867768604, 2.3388429752066116, 1.603305785123967, 202.28925619834712
836, 440.80278351768567, 24.63386363636365, 2.272727272727273, 1.5206611570247934, 202.29752066115702
837, 440.5363640047, 24.396461157024813, 2.165289256198347, 1.4710743801652892, 200.7520661157025
838, 440.2699444917142, 23.793270247933894, 1.512396694214876, 0.9669421487603306, 199.76859504132233
839, 440.0035249787286, 24.46359256198348, 2.3388429752066116, 1.537190082644628, 200.54545454545453
840, 439.73710546574284, 24.08928595041323, 1.9338842975206612, 1.2148760330578512, 199.98347107438016
841, 439.4706859527572, 24.109641322314054, 2.0165289256198347, 1.3471074380165289, 199.26446280991735
842, 439.20426643977146, 24.10511900826447, 2.0330578512396693, 1.2892561983471074, 199.4793388429752
843, 438.93784692678577, 23.856467768595056, 1.8512396694214877, 1.165289256198347, 198.41322314049586
844, 438.6714274138001, 23.845658677685954, 1.8429752066115703, 1.1735537190082646, 198.29752066115702
845, 438.4050079008144, 23.838374380165295, 2.041322314049587, 1.2479338842975207, 197.3305785123967
846, 438.1385883878287, 23.995027272727274, 2.206611570247934, 1.4049586776859504, 197.46280991735537
847, 437.872168874843, 23.76297603305785, 2.1404958677685952, 1.165289256198347, 196.83471074380165
848, 437.6057493618573, 23.34565867768595, 1.677685950413223, 0.8264462809917356, 196.13223140495867
849, 437.33932984887156, 23.829506611570235, 2.4545454545454546, 1.3305785123966942, 195.74380165289256
850, 437.0729103358859, 23.554871074380163, 2.1983471074380163, 1.0413223140495869, 195.49586776859505
851, 436.8064908229002, 23.398529752066114, 1.975206611570248, 1.0330578512396693, 194.7520661157025
852, 436.54007130991454, 23.227306611570235, 1.8099173553719008, 1.0165289256198347, 193.76859504132233
853, 436.2736517969288, 23.53225619834711, 2.396694214876033, 1.322314049586777, 193.3305785123967
854, 436.0072322839431, 23.15107107438016, 2.0165289256198347, 1.1570247933884297, 191.83471074380165
855, 435.7408127709574, 23.026147933884303, 1.9090909090909092, 1.2396694214876034, 190.59504132231405
856, 435.4743932579717, 22.697329752066103, 1.578512396694215, 1.0661157024793388, 189.47107438016528
857, 435.207973744986, 23.16963719008266, 2.2231404958677685, 1.5537190082644627, 189.41322314049586
858, 434.94155423200027, 22.554507438016547, 1.6198347107438016, 1.0826446280991735, 188.02479338842974
859, 434.67513471901464, 22.667761157024806, 1.8925619834710743, 1.2314049586776858, 187.53719008264463
860, 434.4087152060289, 22.550573553719016, 1.7851239669421488, 1.2148760330578512, 186.87603305785123
861, 434.14229569304325, 22.121566942148768, 1.603305785123967, 0.9008264462809917, 185.20661157024793
862, 433.8758761800575, 22.676515702479353, 2.1983471074380163, 1.4132231404958677, 185.87603305785123
863, 433.60945666707187, 22.630076859504154, 2.206611570247934, 1.5289256198347108, 184.8512396694215
864, 433.3430371540861, 21.927726446280996, 1.4958677685950412, 0.9752066115702479, 183.40495867768595
865, 433.0766176411004, 22.074023966942157, 1.743801652892562, 1.2314049586776858, 182.71900826446281
866, 432.81019812811473, 22.023850413223126, 1.743801652892562, 1.2727272727272727, 182.06611570247935
867, 432.54377861512904, 21.82685371900826, 1.628099173553719, 1.140495867768595, 181.32231404958677
868, 432.27735910214335, 21.911646280991732, 1.8016528925619835, 1.2479338842975207, 181.05785123966942
869, 432.0109395891576, 21.618766942148742, 1.7520661157024793, 1.0743801652892562, 179.51239669421489
870, 431.74452007617197, 21.463720661157016, 1.5537190082644627, 0.9834710743801653, 179.1404958677686
871, 431.4781005631862, 21.626030578512385, 1.7603305785123966, 1.1900826446280992, 178.95867768595042
872, 431.2116810502006, 21.67590743801654, 1.834710743801653, 1.2644628099173554, 178.8181818181818
873, 430.94526153721483, 21.577585123966962, 1.834710743801653, 1.3553719008264462, 177.48760330578511
874, 430.67884202422914, 21.166418181818194, 1.43801652892562, 0.9917355371900827, 176.79338842975207
875, 430.41242251124345, 21.51896528925621, 2.0, 1.4297520661157024, 176.15702479338842
876, 430.14600299825776, 21.081458677685962, 1.5289256198347108, 1.1570247933884297, 174.95867768595042
877, 429.87958348527206, 21.327610743801667, 2.074380165289256, 1.4462809917355373, 174.19834710743802
878, 429.6131639722864, 21.11580247933885, 1.8925619834710743, 1.2727272727272727, 173.71074380165288
879, 429.3467444593007, 20.561407438016534, 1.7107438016528926, 0.8429752066115702, 171.53719008264463
880, 429.08032494631493, 20.85872148760331, 2.12396694214876, 1.0909090909090908, 171.78512396694214
881, 428.8139054333293, 20.838747933884303, 2.355371900826446, 1.2231404958677685, 170.32231404958677
882, 428.54748592034355, 20.81711239669421, 2.347107438016529, 1.1487603305785123, 170.53719008264463
883, 428.2810664073579, 20.368224793388425, 1.884297520661157, 0.8925619834710744, 169.13223140495867
884, 428.01464689437216, 20.697092561983467, 2.2975206611570247, 1.2231404958677685, 169.23140495867767
885, 427.74822738138647, 20.429752066115707, 2.0661157024793386, 1.1487603305785123, 167.87603305785123
886, 427.4818078684008, 20.293276033057843, 1.9504132231404958, 1.140495867768595, 167.02479338842974
887, 427.2153883554151, 20.403654545454547, 2.1322314049586777, 1.3884297520661157, 166.2396694214876
888, 426.9489688424294, 20.36758181818181, 2.115702479338843, 1.3305785123966942, 166.26446280991735
889, 426.6825493294437, 20.04065619834711, 1.8677685950413223, 1.256198347107438, 164.4297520661157
890, 426.416129816458, 19.89611487603305, 1.743801652892562, 1.140495867768595, 164.08264462809916
891, 426.14971030347226, 19.713872727272715, 1.7685950413223142, 1.1239669421487604, 162.50413223140495
892, 425.8832907904866, 19.839346280991734, 1.9917355371900827, 1.256198347107438, 162.3388429752066
893, 425.6168712775009, 19.520354545454545, 1.9917355371900827, 1.0578512396694215, 160.56198347107437
894, 425.35045176451524, 19.16542314049588, 1.6363636363636365, 0.8925619834710744, 159.23140495867767
895, 425.0840322515295, 19.15017107438016, 1.9256198347107438, 0.9504132231404959, 158.04132231404958
896, 424.8176127385438, 19.132452066115707, 1.9256198347107438, 1.0165289256198347, 157.54545454545453
897, 424.5511932255581, 19.097103305785133, 1.9421487603305785, 1.140495867768595, 156.55371900826447
898, 424.2847737125724, 18.966261983471078, 1.7603305785123966, 1.0743801652892562, 156.22314049586777
899, 424.0183541995867, 19.163484297520665, 2.0165289256198347, 1.5206611570247934, 154.98347107438016
900, 423.751934686601, 18.63599669421488, 1.5206611570247934, 1.1570247933884297, 153.52892561983472
901, 423.48551517361534, 18.53513966942148, 1.9090909090909092, 0.9752066115702479, 152.56198347107437
902, 423.2190956606296, 18.307259504132226, 1.6198347107438016, 1.024793388429752, 151.06611570247935
903, 422.95267614764396, 18.590908264462808, 2.074380165289256, 1.4049586776859504, 150.40495867768595
904, 422.6862566346582, 17.934351239669418, 1.4462809917355373, 0.9834710743801653, 148.46280991735537
905, 422.4198371216726, 18.178035537190087, 2.206611570247934, 1.1735537190082646, 147.62809917355372
906, 422.1534176086868, 17.804523140495878, 1.9586776859504131, 1.0743801652892562, 145.51239669421489
907, 421.88699809570113, 18.220495041322327, 2.7355371900826446, 1.5206611570247934, 144.82644628099175
908, 421.62057858271544, 17.51122066115703, 2.0082644628099175, 1.0165289256198347, 143.10743801652893
909, 421.35415906972975, 17.63311157024794, 2.272727272727273, 1.2644628099173554, 142.20661157024793
910, 421.08773955674405, 17.491963636363636, 2.2644628099173554, 1.1983471074380165, 141.3305785123967
911, 420.8213200437583, 17.10593553719008, 1.9669421487603307, 1.1239669421487604, 139.10743801652893
912, 420.55490053077267, 16.97166611570248, 1.8512396694214877, 1.1900826446280992, 137.89256198347107
913, 420.2884810177869, 16.727120661157027, 1.7685950413223142, 1.115702479338843, 136.34710743801654
914, 420.0220615048013, 16.716892561983475, 1.9008264462809918, 1.1818181818181819, 135.5702479338843
915, 419.75564199181554, 16.700128925619843, 2.0991735537190084, 1.3636363636363635, 133.96694214876032
916, 419.48922247882984, 16.333352892561983, 1.677685950413223, 1.165289256198347, 132.87603305785123
917, 419.22280296584415, 16.479754545454544, 2.371900826446281, 1.1735537190082646, 132.29752066115702
918, 418.95638345285846, 16.107676859504135, 2.074380165289256, 1.0330578512396693, 130.53719008264463
919, 418.68996393987277, 16.06003636363636, 2.115702479338843, 1.2727272727272727, 128.77685950413223
920, 418.4235444268871, 15.602500000000001, 1.7768595041322315, 1.0991735537190082, 126.54545454545455
921, 418.1571249139014, 15.53979917355372, 1.9256198347107438, 1.0578512396694215, 125.81818181818181
922, 417.89070540091564, 15.485680165289253, 1.9586776859504131, 1.3388429752066116, 123.8099173553719
923, 417.62428588793, 15.512890909090903, 2.330578512396694, 1.3884297520661157, 122.81818181818181
924, 417.35786637494425, 15.27141157024793, 2.2479338842975207, 1.2727272727272727, 121.51239669421487
925, 417.0914468619586, 14.999621487603306, 2.3801652892561984, 1.0826446280991735, 119.7603305785124
926, 416.82502734897287, 15.125140495867761, 2.644628099173554, 1.322314049586777, 118.93388429752066
927, 416.5586078359872, 14.50451818181819, 2.256198347107438, 0.8512396694214877, 116.93388429752066
928, 416.2921883230015, 14.45097107438017, 2.272727272727273, 1.1239669421487604, 115.01652892561984
929, 416.0257688100158, 14.872500826446284, 3.1735537190082646, 1.3801652892561984, 115.03305785123968
930, 415.7593492970301, 14.20016363636363, 2.4958677685950414, 1.1239669421487604, 112.23140495867769
931, 415.4929297840444, 14.446737190082644, 3.041322314049587, 1.43801652892562, 111.34710743801652
932, 415.2265102710587, 13.936727272727271, 2.644628099173554, 1.1900826446280992, 109.1900826446281
933, 414.96009075807297, 14.218885123966942, 3.958677685950413, 1.2231404958677685, 108.0495867768595
