Extraction [ img/s4/seq3/b2.jpg ] effectuee 2026-05-28 17:17:23.511857
Calibration: -0.2664195129856975*x + 663.5294963737288 [largueur 2619 + 934]

pixel, longueur d'onde, intensite, r, g, b
0, 663.5294963737288, 92.98893924050634, 191.74683544303798, 45.30379746835443, 79.67088607594937
1, 663.263076860743, 93.06752025316453, 193.27848101265823, 44.55696202531646, 80.18987341772151
2, 662.9966573477574, 93.6665329113924, 193.91139240506328, 45.151898734177216, 80.72151898734177
3, 662.7302378347716, 94.06674050632915, 195.0, 45.139240506329116, 81.44303797468355
4, 662.463818321786, 93.89970379746838, 194.9873417721519, 44.87341772151899, 81.37974683544304
5, 662.1973988088002, 94.66924810126585, 197.64556962025316, 44.50632911392405, 83.0506329113924
6, 661.9309792958146, 94.36690506329113, 197.53164556962025, 44.08860759493671, 82.84810126582279
7, 661.6645597828289, 94.7494417721519, 198.36708860759492, 44.177215189873415, 83.55696202531645
8, 661.3981402698432, 94.73161645569623, 198.39240506329114, 44.12658227848101, 83.59493670886076
9, 661.1317207568575, 95.37975569620257, 200.0379746835443, 44.151898734177216, 84.83544303797468
10, 660.8653012438718, 95.19113037974685, 199.9620253164557, 43.89873417721519, 84.68354430379746
11, 660.5988817308861, 95.18974556962026, 201.0253164556962, 43.20253164556962, 85.46835443037975
12, 660.3324622179003, 95.10972784810126, 201.0759493670886, 43.037974683544306, 85.48101265822785
13, 660.0660427049147, 95.57541265822786, 202.70886075949366, 42.56962025316456, 87.69620253164557
14, 659.799623191929, 95.724935443038, 202.9240506329114, 42.65822784810127, 87.9873417721519
15, 659.5332036789433, 95.64502531645574, 203.79746835443038, 41.78481012658228, 89.49367088607595
16, 659.2667841659576, 95.60001265822785, 203.79746835443038, 41.68354430379747, 89.62025316455696
17, 659.0003646529719, 96.79243417721517, 206.16455696202533, 42.0253164556962, 92.11392405063292
18, 658.7339451399862, 96.87104683544305, 206.2405063291139, 42.08860759493671, 92.27848101265823
19, 658.4675256270006, 98.21786835443035, 208.0253164556962, 43.075949367088604, 94.32911392405063
20, 658.2011061140148, 97.8589265822785, 207.9493670886076, 42.48101265822785, 94.44303797468355
21, 657.9346866010292, 98.79670126582276, 210.45569620253164, 42.20253164556962, 97.53164556962025
22, 657.6682670880434, 98.7439455696203, 210.67088607594937, 41.936708860759495, 97.87341772151899
23, 657.4018475750577, 99.23589113924054, 211.46835443037975, 42.25316455696203, 98.46835443037975
24, 657.135428062072, 99.14364556962025, 211.39240506329114, 42.151898734177216, 98.37974683544304
25, 656.8690085490863, 99.87543417721514, 213.50632911392404, 42.08860759493671, 99.58227848101266
26, 656.6025890361007, 99.60468481012659, 213.27848101265823, 41.79746835443038, 99.30379746835443
27, 656.3361695231149, 99.65233037974677, 214.16455696202533, 41.32911392405063, 99.81012658227849
28, 656.0697500101293, 100.0122253164557, 214.58227848101265, 41.65822784810127, 100.17721518987342
29, 655.8033304971435, 100.29641645569623, 216.08860759493672, 41.22784810126582, 100.9367088607595
30, 655.5369109841579, 100.10683544303795, 215.9493670886076, 41.0126582278481, 100.74683544303798
31, 655.2704914711721, 99.68476835443037, 216.49367088607596, 39.9746835443038, 100.9620253164557
32, 655.0040719581864, 99.80769113924048, 216.63291139240508, 40.08860759493671, 101.0886075949367
33, 654.7376524452008, 100.01439999999998, 217.77215189873417, 39.77215189873418, 101.54430379746836
34, 654.471232932215, 100.18836075949366, 218.0379746835443, 39.89873417721519, 101.72151898734177
35, 654.2048134192294, 99.86729620253169, 218.0506329113924, 39.379746835443036, 101.54430379746836
36, 653.9383939062436, 100.33484430379745, 218.64556962025316, 39.78481012658228, 102.0
37, 653.671974393258, 100.01074683544302, 220.126582278481, 38.48101265822785, 101.9873417721519
38, 653.4055548802722, 99.6701810126582, 219.9620253164557, 38.063291139240505, 101.58227848101266
39, 653.1391353672866, 99.61787974683543, 220.44303797468353, 37.734177215189874, 101.55696202531645
40, 652.8727158543008, 99.95817594936715, 220.8987341772152, 38.0253164556962, 101.84810126582279
41, 652.6062963413152, 100.06610632911386, 221.9746835443038, 37.59493670886076, 102.18987341772151
42, 652.3398768283295, 99.6227037974683, 221.56962025316454, 37.139240506329116, 101.70886075949367
43, 652.0734573153437, 100.16270759493673, 223.0506329113924, 37.177215189873415, 102.36708860759494
44, 651.8070378023581, 100.43016202531648, 223.31645569620252, 37.45569620253165, 102.58227848101266
45, 651.5406182893723, 100.02340759493669, 223.8987341772152, 36.48101265822785, 102.50632911392405
46, 651.2741987763867, 100.22591898734179, 224.1012658227848, 36.68354430379747, 102.70886075949367
47, 651.007779263401, 99.71364050632913, 224.86075949367088, 35.46835443037975, 102.48101265822785
48, 650.7413597504153, 100.11515316455697, 225.30379746835442, 35.848101265822784, 102.88607594936708
49, 650.4749402374296, 99.93000506329113, 226.0253164556962, 35.18987341772152, 102.75949367088607
50, 650.2085207244439, 100.21787848101262, 226.40506329113924, 35.43037974683544, 103.0506329113924
51, 649.9421012114582, 100.70223924050633, 227.48101265822785, 35.58227848101266, 103.69620253164557
52, 649.6756816984725, 100.08856202531648, 227.0379746835443, 34.860759493670884, 103.18987341772151
53, 649.4092621854868, 100.8886670886076, 229.15189873417722, 34.91139240506329, 104.40506329113924
54, 649.142842672501, 101.18332658227848, 229.64556962025316, 35.075949367088604, 104.84810126582279
55, 648.8764231595154, 101.45328354430383, 230.83544303797467, 34.87341772151899, 105.13924050632912
56, 648.6100036465297, 100.79732658227849, 230.27848101265823, 34.177215189873415, 104.43037974683544
57, 648.343584133544, 101.63850632911391, 232.15189873417722, 34.50632911392405, 105.20253164556962
58, 648.0771646205583, 101.11764177215191, 231.81012658227849, 33.89873417721519, 104.65822784810126
59, 647.8107451075726, 101.27827215189873, 233.35443037974684, 33.34177215189873, 104.88607594936708
60, 647.5443255945869, 101.4112405063291, 233.67088607594937, 33.392405063291136, 104.9620253164557
61, 647.2779060816013, 102.05092531645569, 235.68354430379748, 33.34177215189873, 105.55696202531645
62, 647.0114865686155, 101.9845405063291, 235.73417721518987, 33.21518987341772, 105.49367088607595
63, 646.7450670556299, 102.17390126582283, 237.8227848101266, 32.41772151898734, 105.78481012658227
64, 646.4786475426441, 100.97905822784811, 236.7594936708861, 31.164556962025316, 104.54430379746836
65, 646.2122280296584, 102.29517594936706, 239.37974683544303, 31.78481012658228, 106.0253164556962
66, 645.9458085166727, 101.01132405063291, 238.15189873417722, 30.481012658227847, 104.69620253164557
67, 645.679389003687, 101.47464556962026, 239.49367088607596, 30.49367088607595, 105.17721518987342
68, 645.4129694907014, 101.51612911392407, 239.72151898734177, 30.455696202531644, 105.13924050632912
69, 645.1465499777156, 102.24236835443037, 242.0126582278481, 30.430379746835442, 105.63291139240506
70, 644.88013046473, 101.55766708860759, 241.55696202531647, 29.658227848101266, 104.79746835443038
71, 644.6137109517442, 102.3084974683544, 243.50632911392404, 29.873417721518987, 105.16455696202532
72, 644.3472914387586, 101.77224683544303, 243.1012658227848, 29.303797468354432, 104.45569620253164
73, 644.0808719257728, 102.39785569620257, 245.36708860759492, 29.151898734177216, 104.78481012658227
74, 643.8144524127872, 102.82723924050634, 245.9620253164557, 29.518987341772153, 105.10126582278481
75, 643.5480328998015, 102.67074936708859, 247.31645569620252, 28.670886075949365, 104.54430379746836
76, 643.2816133868157, 102.89479240506331, 247.64556962025316, 28.848101265822784, 104.73417721518987
77, 643.0151938738301, 102.91524177215193, 248.59493670886076, 28.468354430379748, 104.37974683544304
78, 642.7487743608443, 102.58224303797469, 248.45569620253164, 28.050632911392405, 103.9746835443038
79, 642.4823548478587, 102.76230632911387, 250.1012658227848, 27.620253164556964, 103.45569620253164
80, 642.2159353348729, 102.45497215189872, 249.8987341772152, 27.27848101265823, 103.0506329113924
81, 641.9495158218873, 102.97861012658223, 252.37974683544303, 26.936708860759495, 102.89873417721519
82, 641.6830963089016, 103.09825822784804, 252.48101265822785, 27.10126582278481, 102.83544303797468
83, 641.4166767959159, 103.76695822784806, 253.70886075949366, 27.531645569620252, 103.26582278481013
84, 641.1502572829302, 103.73768607594936, 253.51898734177215, 27.620253164556964, 103.0506329113924
85, 640.8838377699444, 104.5248430379746, 254.35443037974684, 28.50632911392405, 103.20253164556962
86, 640.6174182569588, 104.13933037974672, 254.41772151898735, 27.974683544303797, 102.39240506329114
87, 640.350998743973, 104.17936835443031, 254.41772151898735, 28.037974683544302, 102.41772151898734
88, 640.0845792309874, 104.35849620253155, 254.53164556962025, 28.253164556962027, 102.58227848101266
89, 639.8181597180017, 104.75142658227843, 254.72151898734177, 28.759493670886076, 102.92405063291139
90, 639.551740205016, 104.7085810126582, 254.69620253164558, 28.72151898734177, 102.81012658227849
91, 639.2853206920303, 104.71995949367093, 254.83544303797467, 28.810126582278482, 102.0886075949367
92, 639.0189011790446, 104.79948987341774, 254.84810126582278, 28.936708860759495, 102.10126582278481
93, 638.7524816660589, 104.32136455696202, 254.83544303797467, 28.367088607594937, 100.87341772151899
94, 638.4860621530732, 103.75760000000001, 254.7594936708861, 27.60759493670886, 100.0379746835443
95, 638.2196426400875, 103.91042151898742, 254.77215189873417, 27.88607594936709, 99.9113924050633
96, 637.9532231271018, 103.68109873417727, 254.83544303797467, 27.544303797468356, 99.49367088607595
97, 637.6868036141161, 104.04788101265825, 254.9873417721519, 28.11392405063291, 99.37974683544304
98, 637.4203841011304, 103.94580632911399, 254.84810126582278, 28.037974683544302, 99.24050632911393
99, 637.1539645881447, 103.9185835443038, 254.9240506329114, 27.9873417721519, 99.0632911392405
100, 636.887545075159, 103.97073670886077, 254.78481012658227, 28.240506329113924, 98.58227848101266
101, 636.6211255621733, 104.47545696202533, 254.79746835443038, 29.10126582278481, 98.54430379746836
102, 636.3547060491876, 104.64979367088607, 254.84810126582278, 29.468354430379748, 98.0506329113924
103, 636.088286536202, 104.9055278481012, 254.84810126582278, 29.911392405063292, 98.0126582278481
104, 635.8218670232162, 105.01893670886075, 254.9367088607595, 30.10126582278481, 97.79746835443038
105, 635.5554475102306, 105.71485822784805, 254.9620253164557, 31.29113924050633, 97.70886075949367
106, 635.2890279972448, 105.69407215189867, 254.84810126582278, 31.39240506329114, 97.30379746835443
107, 635.0226084842591, 106.00217468354431, 254.70886075949366, 32.10126582278481, 96.72151898734177
108, 634.7561889712734, 106.11266075949369, 254.78481012658227, 32.34177215189873, 96.25316455696202
109, 634.4897694582877, 106.6677202531645, 254.8227848101266, 33.34177215189873, 95.87341772151899
110, 634.2233499453021, 106.76217468354427, 254.83544303797467, 33.58227848101266, 95.43037974683544
111, 633.9569304323163, 106.94226708860757, 254.79746835443038, 34.063291139240505, 94.63291139240506
112, 633.6905109193307, 107.23221012658223, 254.86075949367088, 34.55696202531646, 94.46835443037975
113, 633.4240914063449, 107.7381012658227, 254.9367088607595, 35.392405063291136, 94.40506329113924
114, 633.1576718933593, 107.37920632911381, 254.77215189873417, 35.0, 93.70886075949367
115, 632.8912523803735, 107.81888481012653, 254.8227848101266, 35.69620253164557, 93.84810126582279
116, 632.6248328673878, 108.14289873417718, 254.81012658227849, 36.30379746835443, 93.59493670886076
117, 632.3584133544022, 108.88851392405066, 254.86075949367088, 37.59493670886076, 93.35443037974683
118, 632.0919938414164, 109.14436962025316, 254.91139240506328, 38.08860759493671, 92.92405063291139
119, 631.8255743284308, 109.5272594936709, 254.873417721519, 38.78481012658228, 92.79746835443038
120, 631.559154815445, 109.91361898734178, 254.9493670886076, 39.379746835443036, 92.92405063291139
121, 631.2927353024594, 110.34139113924056, 254.9493670886076, 40.265822784810126, 92.11392405063292
122, 631.0263157894736, 110.92807594936717, 254.9367088607595, 41.21518987341772, 92.40506329113924
123, 630.759896276488, 111.65957468354429, 254.8860759493671, 42.607594936708864, 91.78481012658227
124, 630.4934767635023, 111.47577341772153, 254.9240506329114, 42.41772151898734, 91.0506329113924
125, 630.2270572505166, 112.56183670886082, 254.9240506329114, 44.25316455696203, 91.12658227848101
126, 629.9606377375309, 112.74394936708866, 254.9367088607595, 44.55696202531646, 91.12658227848101
127, 629.6942182245452, 112.97787088607595, 254.9620253164557, 45.139240506329116, 90.11392405063292
128, 629.4277987115595, 113.05603670886076, 254.9493670886076, 45.29113924050633, 90.0506329113924
129, 629.1613791985737, 113.43181645569629, 254.873417721519, 46.151898734177216, 89.11392405063292
130, 628.8949596855881, 113.67610126582281, 254.9367088607595, 46.50632911392405, 89.26582278481013
131, 628.6285401726024, 114.0347265822785, 254.8860759493671, 47.10126582278481, 89.48101265822785
132, 628.3621206596167, 114.34025443037974, 254.9240506329114, 47.68354430379747, 89.0632911392405
133, 628.095701146631, 115.1378392405063, 254.8987341772152, 49.037974683544306, 89.15189873417721
134, 627.8292816336453, 115.54772278481012, 254.9240506329114, 49.78481012658228, 88.83544303797468
135, 627.5628621206596, 116.10412531645567, 254.9493670886076, 50.74683544303797, 88.69620253164557
136, 627.296442607674, 116.49040506329113, 254.9367088607595, 51.36708860759494, 88.92405063291139
137, 627.0300230946882, 116.8936025316455, 254.86075949367088, 52.22784810126582, 88.22784810126582
138, 626.7636035817025, 117.30997721518982, 254.91139240506328, 52.91139240506329, 88.22784810126582
139, 626.4971840687168, 117.84214683544306, 254.86075949367088, 54.037974683544306, 87.22784810126582
140, 626.2307645557311, 118.17758987341776, 254.86075949367088, 54.67088607594937, 86.9113924050633
141, 625.9643450427454, 119.06698101265826, 255.0, 56.24050632911393, 86.26582278481013
142, 625.6979255297597, 119.46494683544307, 254.9620253164557, 56.9746835443038, 86.07594936708861
143, 625.431506016774, 120.24902025316453, 254.9873417721519, 58.34177215189873, 85.84810126582279
144, 625.1650865037883, 120.21154303797466, 254.9493670886076, 58.41772151898734, 85.22784810126582
145, 624.8986669908027, 121.37351645569618, 254.9620253164557, 60.50632911392405, 84.63291139240506
146, 624.6322474778169, 121.80203797468351, 254.9367088607595, 61.20253164556962, 84.87341772151899
147, 624.3658279648313, 122.580517721519, 254.9493670886076, 62.63291139240506, 84.30379746835443
148, 624.0994084518455, 123.16906075949369, 254.9620253164557, 63.67088607594937, 84.0886075949367
149, 623.8329889388598, 124.07316835443034, 254.8987341772152, 65.25316455696202, 84.0379746835443
150, 623.5665694258741, 124.66153924050633, 254.9873417721519, 66.30379746835443, 83.55696202531645
151, 623.3001499128884, 125.5766303797469, 254.9620253164557, 67.9493670886076, 83.17721518987342
152, 623.0337303999028, 126.2305037974684, 254.9620253164557, 69.0632911392405, 83.17721518987342
153, 622.767310886917, 127.4946392405063, 255.0, 71.11392405063292, 83.60759493670886
154, 622.5008913739314, 128.0512620253165, 254.9746835443038, 72.21518987341773, 82.88607594936708
155, 622.2344718609456, 129.2951784810126, 254.9240506329114, 74.37974683544304, 82.78481012658227
156, 621.96805234796, 129.82040126582282, 254.9746835443038, 75.35443037974683, 82.24050632911393
157, 621.7016328349742, 130.31065949367087, 254.9240506329114, 76.39240506329114, 81.32911392405063
158, 621.4352133219886, 131.12704683544302, 254.9746835443038, 77.77215189873418, 81.25316455696202
159, 621.1687938090029, 132.28300632911396, 255.0, 79.70886075949367, 81.35443037974683
160, 620.9023742960171, 132.45481265822784, 254.91139240506328, 80.25316455696202, 80.29113924050633
161, 620.6359547830315, 133.1028835443038, 254.9620253164557, 81.49367088607595, 79.45569620253164
162, 620.3695352700457, 133.4105784810127, 254.9746835443038, 82.13924050632912, 78.79746835443038
163, 620.1031157570601, 134.2018455696202, 254.9620253164557, 83.49367088607595, 78.79746835443038
164, 619.8366962440743, 134.44807215189866, 254.9746835443038, 84.0886075949367, 77.86075949367088
165, 619.5702767310887, 135.18627721518988, 254.9493670886076, 85.43037974683544, 77.49367088607595
166, 619.303857218103, 135.9684037974683, 254.9493670886076, 86.87341772151899, 76.92405063291139
167, 619.0374377051173, 137.0614886075949, 254.9873417721519, 88.70886075949367, 76.9620253164557
168, 618.7710181921316, 137.59890632911387, 254.9873417721519, 89.84810126582279, 75.81012658227849
169, 618.5045986791458, 138.2705164556962, 254.9620253164557, 91.17721518987342, 74.92405063291139
170, 618.2381791661602, 139.0018215189873, 254.9493670886076, 92.56962025316456, 74.20253164556962
171, 617.9717596531744, 139.94705949367085, 254.9746835443038, 94.16455696202532, 74.21518987341773
172, 617.7053401401888, 140.61343797468356, 254.9873417721519, 95.36708860759494, 73.83544303797468
173, 617.4389206272031, 141.49043797468357, 254.9873417721519, 96.87341772151899, 73.77215189873418
174, 617.1725011142174, 142.2465632911392, 255.0, 98.17721518987342, 73.65822784810126
175, 616.9060816012317, 142.9898430379746, 254.9873417721519, 99.59493670886076, 72.9113924050633
176, 616.639662088246, 143.7921139240507, 254.9367088607595, 101.07594936708861, 72.45569620253164
177, 616.3732425752603, 144.9627189873418, 254.9620253164557, 103.0253164556962, 72.62025316455696
178, 616.1068230622747, 145.30560379746836, 254.9746835443038, 103.87341772151899, 71.22784810126582
179, 615.8404035492889, 146.44329113924044, 254.9367088607595, 105.84810126582279, 71.13924050632912
180, 615.5739840363033, 147.12410506329118, 254.8987341772152, 107.17721518987342, 70.36708860759494
181, 615.3075645233175, 148.8099936708861, 255.0, 109.83544303797468, 71.20253164556962
182, 615.0411450103318, 149.43851645569623, 254.9620253164557, 110.9746835443038, 70.9493670886076
183, 614.7747254973461, 150.51738607594928, 255.0, 112.82278481012658, 70.79746835443038
184, 614.5083059843604, 150.66799367088603, 255.0, 113.27848101265823, 69.77215189873418
185, 614.2418864713748, 151.28060632911397, 254.9493670886076, 114.46835443037975, 69.15189873417721
186, 613.975466958389, 151.67939620253173, 254.8987341772152, 115.30379746835443, 68.48101265822785
187, 613.7090474454034, 152.04735696202522, 254.78481012658227, 116.20253164556962, 67.37974683544304
188, 613.4426279324176, 152.3973253164556, 254.84810126582278, 116.74683544303798, 67.48101265822785
189, 613.176208419432, 153.50271645569612, 254.9873417721519, 118.54430379746836, 67.55696202531645
190, 612.9097889064462, 153.9466658227847, 254.9873417721519, 119.27848101265823, 67.67088607594937
191, 612.6433693934605, 154.91365443037978, 254.9746835443038, 121.0379746835443, 67.12658227848101
192, 612.3769498804749, 155.01996835443032, 255.0, 121.32911392405063, 66.49367088607595
193, 612.1105303674891, 155.91237974683543, 254.9367088607595, 122.9873417721519, 65.9493670886076
194, 611.8441108545035, 156.67160126582277, 255.0, 124.17721518987342, 66.31645569620254
195, 611.5776913415177, 157.50466455696198, 255.0, 125.64556962025317, 66.0632911392405
196, 611.3112718285321, 158.05773417721517, 254.9367088607595, 126.69620253164557, 65.67088607594937
197, 611.0448523155463, 158.94741265822785, 254.9873417721519, 128.22784810126583, 65.45569620253164
198, 610.7784328025607, 159.10967974683544, 254.9746835443038, 128.65822784810126, 64.69620253164557
199, 610.512013289575, 160.14718354430389, 255.0, 130.41772151898735, 64.67088607594937
200, 610.2455937765892, 160.9690063291139, 255.0, 131.73417721518987, 65.10126582278481
201, 609.9791742636036, 161.98671645569624, 254.9873417721519, 133.50632911392404, 64.9367088607595
202, 609.7127547506178, 163.02368987341768, 255.0, 135.20253164556962, 65.26582278481013
203, 609.4463352376322, 164.1999936708861, 255.0, 137.25316455696202, 65.0253164556962
204, 609.1799157246464, 164.63293417721513, 254.9620253164557, 138.1772151898734, 64.16455696202532
205, 608.9134962116608, 165.70813544303803, 254.9746835443038, 140.0, 64.17721518987342
206, 608.647076698675, 166.481582278481, 254.9367088607595, 141.43037974683546, 63.69620253164557
207, 608.3806571856894, 167.3724303797469, 254.9367088607595, 142.9873417721519, 63.49367088607595
208, 608.1142376727037, 167.84211392405075, 254.9367088607595, 143.9620253164557, 62.59493670886076
209, 607.847818159718, 168.92486075949367, 254.9367088607595, 145.77215189873417, 62.77215189873418
210, 607.5813986467323, 169.5361620253165, 254.9620253164557, 146.8227848101266, 62.65822784810127
211, 607.3149791337466, 170.10504810126577, 254.9620253164557, 147.86075949367088, 62.30379746835443
212, 607.0485596207609, 170.7151215189873, 254.9873417721519, 148.9240506329114, 62.11392405063291
213, 606.7821401077751, 171.6236215189874, 254.9240506329114, 150.59493670886076, 61.64556962025316
214, 606.5157205947895, 172.4047670886076, 254.9873417721519, 151.8860759493671, 61.68354430379747
215, 606.2493010818038, 173.00320126582278, 254.9493670886076, 153.0379746835443, 61.10126582278481
216, 605.9828815688181, 173.51761392405055, 255.0, 153.8860759493671, 61.11392405063291
217, 605.7164620558324, 174.48774050632906, 255.0, 155.60759493670886, 60.75949367088607
218, 605.4500425428467, 174.66266455696191, 255.0, 156.0506329113924, 60.0126582278481
219, 605.183623029861, 175.65075316455702, 255.0, 157.81012658227849, 59.620253164556964
220, 604.9172035168754, 176.0260974683545, 254.9746835443038, 158.51898734177215, 59.32911392405063
221, 604.6507840038896, 176.62582278481005, 254.9367088607595, 159.74683544303798, 58.36708860759494
222, 604.3843644909039, 177.01717721518992, 254.9367088607595, 160.44303797468353, 58.21518987341772
223, 604.1179449779182, 177.67049493670888, 254.9240506329114, 161.74683544303798, 57.265822784810126
224, 603.8515254649325, 178.31970886075953, 254.9367088607595, 162.873417721519, 57.12658227848101
225, 603.5851059519468, 179.32093670886076, 254.9367088607595, 164.55696202531647, 57.24050632911393
226, 603.3186864389611, 179.7701341772152, 254.9873417721519, 165.30379746835442, 57.20253164556962
227, 603.0522669259755, 180.57889620253167, 254.9620253164557, 166.72151898734177, 57.063291139240505
228, 602.7858474129897, 181.1808202531645, 254.9620253164557, 167.83544303797467, 56.607594936708864
229, 602.5194279000041, 182.22220126582278, 254.9493670886076, 169.55696202531647, 56.91139240506329
230, 602.2530083870183, 182.46782405063294, 254.9240506329114, 170.18987341772151, 55.87341772151899
231, 601.9865888740327, 183.05262658227852, 255.0, 171.25316455696202, 55.32911392405063
232, 601.7201693610469, 183.1172227848102, 254.9873417721519, 171.45569620253164, 54.88607594936709
233, 601.4537498480612, 184.3244126582278, 254.9873417721519, 173.45569620253164, 55.177215189873415
234, 601.1873303350756, 184.36494430379742, 254.9873417721519, 173.63291139240508, 54.620253164556964
235, 600.9209108220898, 184.80810759493664, 255.0, 174.60759493670886, 53.45569620253165
236, 600.6544913091042, 185.1249430379746, 255.0, 175.16455696202533, 53.36708860759494
237, 600.3880717961184, 185.76716202531648, 254.9620253164557, 176.43037974683546, 52.58227848101266
238, 600.1216522831328, 186.02533670886072, 254.9873417721519, 176.91139240506328, 52.30379746835443
239, 599.855232770147, 186.5933518987342, 254.9620253164557, 178.08860759493672, 51.29113924050633
240, 599.5888132571614, 186.90905949367092, 254.9746835443038, 178.69620253164558, 50.89873417721519
241, 599.3223937441757, 187.42921265822787, 254.9620253164557, 179.72151898734177, 50.21518987341772
242, 599.05597423119, 187.80129873417735, 254.9873417721519, 180.36708860759492, 50.08860759493671
243, 598.7895547182043, 188.17619746835447, 254.9873417721519, 181.1139240506329, 49.53164556962025
244, 598.5231352052185, 188.4654000000001, 254.9873417721519, 181.65822784810126, 49.265822784810126
245, 598.2567156922329, 189.0237962025317, 254.9493670886076, 182.74683544303798, 48.65822784810127
246, 597.9902961792471, 189.4842278481013, 254.9367088607595, 183.56962025316454, 48.49367088607595
247, 597.7238766662615, 190.06399746835433, 254.9620253164557, 184.63291139240508, 48.037974683544306
248, 597.4574571532758, 190.4539303797469, 255.0, 185.34177215189874, 47.70886075949367
249, 597.1910376402901, 191.24328734177215, 254.9746835443038, 186.72151898734177, 47.59493670886076
250, 596.9246181273044, 191.46813544303794, 254.9746835443038, 187.21518987341773, 47.0253164556962
251, 596.6581986143187, 191.9711240506329, 254.9620253164557, 188.16455696202533, 46.58227848101266
252, 596.391779101333, 192.3976784810127, 254.9873417721519, 188.873417721519, 46.607594936708864
253, 596.1253595883472, 192.87682278481006, 254.9367088607595, 189.9367088607595, 45.46835443037975
254, 595.8589400753616, 193.00300886075945, 254.9746835443038, 190.2405063291139, 44.91139240506329
255, 595.5925205623759, 193.93411012658225, 254.9746835443038, 191.873417721519, 44.67088607594937
256, 595.3261010493902, 194.3796810126583, 254.9620253164557, 192.67088607594937, 44.50632911392405
257, 595.0596815364045, 194.40551518987346, 254.9746835443038, 192.9493670886076, 43.265822784810126
258, 594.7932620234188, 194.62893544303805, 254.9493670886076, 193.37974683544303, 43.075949367088604
259, 594.5268425104331, 195.236453164557, 254.9620253164557, 194.43037974683546, 42.962025316455694
260, 594.2604229974474, 195.62436582278477, 254.9493670886076, 195.31645569620252, 41.835443037974684
261, 593.9940034844617, 195.78281265822784, 254.91139240506328, 195.79746835443038, 40.848101265822784
262, 593.7275839714761, 195.79045443037958, 254.9493670886076, 196.08860759493672, 39.31645569620253
263, 593.4611644584903, 196.55978227848098, 254.9620253164557, 197.40506329113924, 39.25316455696203
264, 593.1947449455047, 196.54232531645562, 254.9746835443038, 197.68354430379748, 37.63291139240506
265, 592.9283254325189, 196.8056164556961, 254.9746835443038, 198.31645569620252, 36.68354430379747
266, 592.6619059195332, 197.05265189873413, 255.0, 199.0759493670886, 34.87341772151899
267, 592.3954864065475, 197.12850379746837, 254.9620253164557, 199.36708860759492, 34.139240506329116
268, 592.1290668935618, 197.5849113924051, 254.9367088607595, 200.43037974683546, 32.734177215189874
269, 591.8626473805762, 198.3503392405064, 254.83544303797467, 201.8227848101266, 32.54430379746835
270, 591.5962278675904, 198.00016329113922, 254.8227848101266, 201.73417721518987, 29.962025316455698
271, 591.3298083546048, 198.78981518987337, 254.8860759493671, 203.1012658227848, 29.68354430379747
272, 591.063388841619, 199.2192367088607, 254.9746835443038, 204.13924050632912, 27.873417721518987
273, 590.7969693286334, 199.88337468354428, 254.9873417721519, 205.37974683544303, 27.27848101265823
274, 590.5305498156476, 199.9991392405064, 254.9367088607595, 205.9493670886076, 25.49367088607595
275, 590.2641303026619, 200.16626582278494, 254.9367088607595, 206.44303797468353, 24.417721518987342
276, 589.9977107896763, 200.61155443037975, 254.9620253164557, 207.40506329113924, 23.303797468354432
277, 589.7312912766905, 201.58870253164557, 255.0, 209.126582278481, 22.911392405063292
278, 589.4648717637049, 201.36029240506335, 254.9240506329114, 209.16455696202533, 20.911392405063292
279, 589.1984522507191, 201.78794430379745, 254.9873417721519, 209.9493670886076, 20.455696202531644
280, 588.9320327377335, 201.8495658227847, 254.9746835443038, 210.31645569620252, 19.139240506329113
281, 588.6656132247477, 202.19646455696196, 254.9746835443038, 211.1139240506329, 18.075949367088608
282, 588.3991937117621, 202.16789367088595, 254.9873417721519, 211.41772151898735, 16.227848101265824
283, 588.1327741987764, 202.6646063291139, 254.9493670886076, 212.44303797468353, 15.405063291139241
284, 587.8663546857906, 202.584705063291, 254.9746835443038, 212.64556962025316, 13.594936708860759
285, 587.599935172805, 203.1316721518987, 254.9240506329114, 213.70886075949366, 13.050632911392405
286, 587.3335156598193, 202.871746835443, 254.9367088607595, 213.64556962025316, 11.063291139240507
287, 587.0670961468336, 203.0066746835443, 254.8987341772152, 214.1012658227848, 10.0
288, 586.8006766338478, 203.03974556962027, 254.9493670886076, 214.39240506329114, 8.658227848101266
289, 586.5342571208622, 203.65861898734178, 254.9493670886076, 215.56962025316454, 8.025316455696203
290, 586.2678376078765, 203.68756962025324, 254.9367088607595, 215.79746835443038, 7.139240506329114
291, 586.0014180948908, 204.26152531645573, 255.0, 216.78481012658227, 6.924050632911392
292, 585.7349985819051, 204.2479607594937, 254.9493670886076, 216.9620253164557, 6.025316455696203
293, 585.4685790689194, 205.18237848101253, 254.9493670886076, 218.62025316455697, 5.6835443037974684
294, 585.2021595559337, 205.1601139240505, 254.9367088607595, 218.72151898734177, 5.0
295, 584.935740042948, 206.1178303797468, 254.9873417721519, 220.26582278481013, 5.3164556962025316
296, 584.6693205299623, 206.10595569620253, 255.0, 220.27848101265823, 5.113924050632911
297, 584.4029010169766, 206.76041645569617, 254.9493670886076, 221.46835443037975, 4.860759493670886
298, 584.1364815039909, 206.93422278481, 254.9873417721519, 221.77215189873417, 4.7215189873417724
299, 583.8700619910052, 207.25139999999985, 254.9873417721519, 222.51898734177215, 3.6582278481012658
300, 583.6036424780195, 207.24678227848085, 254.9620253164557, 222.60759493670886, 3.2278481012658227
301, 583.3372229650338, 207.9586405063292, 254.9873417721519, 223.8860759493671, 2.8227848101265822
302, 583.0708034520482, 207.82762784810114, 254.9873417721519, 223.73417721518987, 2.4556962025316458
303, 582.8043839390624, 208.44841139240503, 255.0, 224.8860759493671, 1.9367088607594938
304, 582.5379644260768, 208.33678227848094, 254.9620253164557, 224.7594936708861, 1.7088607594936709
305, 582.271544913091, 209.05651645569625, 254.9620253164557, 226.0126582278481, 1.5696202531645569
306, 582.0051254001053, 209.23041645569634, 254.9493670886076, 226.27848101265823, 1.759493670886076
307, 581.7387058871196, 209.77560506329118, 254.9620253164557, 227.22784810126583, 1.620253164556962
308, 581.4722863741339, 210.12057721518994, 254.9873417721519, 227.72151898734177, 2.037974683544304
309, 581.2058668611483, 210.65246329113936, 254.9873417721519, 228.62025316455697, 2.0759493670886076
310, 580.9394473481625, 210.63604430379752, 255.0, 228.62025316455697, 1.8987341772151898
311, 580.6730278351769, 211.0500987341773, 254.9620253164557, 229.36708860759492, 1.7848101265822784
312, 580.4066083221911, 211.4500265822785, 254.9240506329114, 229.9620253164557, 2.329113924050633
313, 580.1401888092055, 211.9586936708862, 254.9620253164557, 230.9493670886076, 1.6075949367088607
314, 579.8737692962197, 212.15681645569632, 255.0, 231.2405063291139, 1.7468354430379747
315, 579.6073497832341, 212.75986835443055, 254.9873417721519, 232.30379746835442, 1.5949367088607596
316, 579.3409302702484, 213.22117088607604, 255.0, 232.9873417721519, 2.088607594936709
317, 579.0745107572627, 213.43825696202535, 254.8987341772152, 233.53164556962025, 1.4556962025316456
318, 578.808091244277, 213.71577341772155, 254.9240506329114, 233.9620253164557, 1.6075949367088607
319, 578.5416717312912, 214.72726075949373, 254.9873417721519, 235.64556962025316, 1.6455696202531647
320, 578.2752522183056, 215.02665822784815, 254.9367088607595, 236.15189873417722, 1.7974683544303798
321, 578.0088327053198, 215.7703632911393, 254.9746835443038, 237.46835443037975, 1.4430379746835442
322, 577.7424131923342, 216.36320886075956, 255.0, 238.36708860759492, 1.9493670886075949
323, 577.4759936793484, 217.1168569620253, 254.9746835443038, 239.68354430379748, 1.8481012658227849
324, 577.2095741663628, 218.09107088607584, 254.9873417721519, 241.25316455696202, 2.278481012658228
325, 576.9431546533771, 218.7895316455696, 254.9367088607595, 242.56962025316454, 1.759493670886076
326, 576.6767351403914, 220.24911772151899, 254.8987341772152, 244.9746835443038, 2.278481012658228
327, 576.4103156274057, 221.14932531645573, 254.72151898734177, 246.63291139240508, 2.1012658227848102
328, 576.1438961144199, 222.359024050633, 254.31645569620252, 248.77215189873417, 2.759493670886076
329, 575.8774766014343, 222.80490126582268, 253.51898734177215, 249.9746835443038, 2.569620253164557
330, 575.6110570884485, 223.32254050632915, 252.0632911392405, 251.60759493670886, 2.518987341772152
331, 575.3446375754629, 223.4716974683544, 249.9873417721519, 252.91139240506328, 2.5569620253164556
332, 575.0782180624772, 222.45366202531653, 246.54430379746836, 253.13924050632912, 1.481012658227848
333, 574.8117985494915, 222.18265316455685, 243.21518987341773, 254.39240506329114, 1.379746835443038
334, 574.5453790365058, 220.93713417721523, 239.16455696202533, 254.46835443037975, 0.6835443037974683
335, 574.2789595235201, 220.7689873417722, 237.9746835443038, 254.63291139240508, 1.481012658227848
336, 574.0125400105344, 220.02113924050616, 235.69620253164558, 254.60759493670886, 1.0253164556962024
337, 573.7461204975486, 220.0736784810126, 234.9873417721519, 254.79746835443038, 2.367088607594937
338, 573.479700984563, 218.95913291139235, 232.08860759493672, 254.63291139240508, 1.0379746835443038
339, 573.2132814715774, 218.5280569620252, 230.31645569620252, 254.74683544303798, 1.3164556962025316
340, 572.9468619585916, 217.5801683544304, 227.30379746835442, 254.7594936708861, 0.8354430379746836
341, 572.6804424456059, 217.0660025316456, 225.41772151898735, 254.62025316455697, 1.9873417721518987
342, 572.4140229326202, 215.89518101265818, 221.86075949367088, 254.56962025316454, 1.3037974683544304
343, 572.1476034196345, 215.5645645569619, 220.81012658227849, 254.44303797468353, 1.8101265822784811
344, 571.8811839066489, 214.4811911392405, 217.20253164556962, 254.56962025316454, 1.1139240506329113
345, 571.6147643936631, 213.81059620253163, 214.54430379746836, 254.64556962025316, 1.8101265822784811
346, 571.3483448806775, 212.22975443037976, 209.9240506329114, 254.51898734177215, 0.7088607594936709
347, 571.0819253676917, 211.7105683544303, 207.22784810126583, 254.74683544303798, 2.050632911392405
348, 570.8155058547061, 210.00902784810134, 202.37974683544303, 254.58227848101265, 0.6835443037974683
349, 570.5490863417203, 208.73537215189884, 198.43037974683546, 254.27848101265823, 1.4303797468354431
350, 570.2826668287346, 207.6290620253165, 194.8227848101266, 254.32911392405063, 0.9240506329113924
351, 570.016247315749, 206.92786582278484, 191.84810126582278, 254.51898734177215, 1.5949367088607596
352, 569.7498278027632, 205.74360506329108, 187.74683544303798, 254.7594936708861, 0.7215189873417721
353, 569.4834082897776, 204.8121088607595, 184.73417721518987, 254.63291139240508, 1.1012658227848102
354, 569.2169887767918, 203.9314240506328, 181.70886075949366, 254.74683544303798, 0.7215189873417721
355, 568.9505692638062, 203.38262784810115, 180.0506329113924, 254.50632911392404, 1.4936708860759493
356, 568.6841497508204, 202.26077848101275, 176.77215189873417, 254.39240506329114, 0.8354430379746836
357, 568.4177302378348, 201.68034050632915, 174.18987341772151, 254.53164556962025, 1.7974683544303798
358, 568.151310724849, 200.67363037974675, 170.91139240506328, 254.56962025316454, 1.3670886075949367
359, 567.8848912118633, 199.67241139240502, 167.40506329113924, 254.60759493670886, 1.5822784810126582
360, 567.6184716988777, 198.35596202531647, 163.29113924050634, 254.59493670886076, 0.8860759493670886
361, 567.3520521858919, 197.01462784810118, 158.65822784810126, 254.51898734177215, 1.6582278481012658
362, 567.0856326729063, 195.51753924050627, 153.46835443037975, 254.73417721518987, 1.0253164556962024
363, 566.8192131599205, 193.9342392405063, 148.2405063291139, 254.62025316455697, 1.4303797468354431
364, 566.5527936469349, 191.94778734177214, 141.873417721519, 254.55696202531647, 1.0253164556962024
365, 566.2863741339492, 190.0823164556962, 135.69620253164558, 254.36708860759492, 1.8354430379746836
366, 566.0199546209635, 187.34409493670893, 126.89873417721519, 254.34177215189874, 1.0126582278481013
367, 565.7535351079778, 184.31597721518978, 117.0632911392405, 254.2405063291139, 0.759493670886076
368, 565.4871155949921, 180.65439746835443, 106.15189873417721, 253.62025316455697, 0.4430379746835443
369, 565.2206960820064, 177.77709240506326, 96.41772151898734, 253.73417721518987, 0.13924050632911392
370, 564.9542765690207, 175.72218987341765, 88.86075949367088, 254.0126582278481, 0.4936708860759494
371, 564.687857056035, 174.2006658227848, 82.9620253164557, 254.30379746835442, 1.1139240506329113
372, 564.4214375430493, 172.04202658227842, 76.31645569620254, 254.1012658227848, 0.6455696202531646
373, 564.1550180300636, 170.45674936708863, 70.22784810126582, 254.40506329113924, 1.139240506329114
374, 563.8885985170779, 168.8521443037976, 64.88607594936708, 254.53164556962025, 0.4177215189873418
375, 563.6221790040922, 167.45763164556973, 60.64556962025316, 254.18987341772151, 1.0632911392405062
376, 563.3557594911065, 166.09013924050626, 55.949367088607595, 254.36708860759492, 0.46835443037974683
377, 563.0893399781208, 164.7165455696204, 51.0, 254.39240506329114, 1.2658227848101267
378, 562.8229204651351, 163.5221962025317, 46.64556962025316, 254.67088607594937, 0.7721518987341772
379, 562.5565009521495, 162.40137468354433, 42.45569620253165, 254.68354430379748, 1.860759493670886
380, 562.2900814391637, 161.19796455696203, 38.70886075949367, 254.69620253164558, 1.0632911392405062
381, 562.023661926178, 160.2828075949367, 35.59493670886076, 254.59493670886076, 1.7215189873417722
382, 561.7572424131923, 158.8837670886075, 31.31645569620253, 254.56962025316454, 0.7974683544303798
383, 561.4908229002066, 157.87941772151905, 27.59493670886076, 254.55696202531647, 1.8101265822784811
384, 561.224403387221, 155.853429113924, 21.911392405063292, 254.2405063291139, 0.569620253164557
385, 560.9579838742352, 154.49052784810127, 17.253164556962027, 254.18987341772151, 1.0886075949367089
386, 560.6915643612496, 153.03706582278483, 12.50632911392405, 254.18987341772151, 0.7848101265822784
387, 560.4251448482638, 152.2961037974684, 9.468354430379748, 254.34177215189874, 1.4683544303797469
388, 560.1587253352782, 151.01996708860761, 5.518987341772152, 254.31645569620252, 0.759493670886076
389, 559.8923058222924, 150.88350126582293, 3.5949367088607596, 254.8227848101266, 2.0
390, 559.6258863093067, 150.1802405063292, 1.7721518987341771, 254.67088607594937, 1.3924050632911393
391, 559.359466796321, 150.23593670886078, 1.7721518987341771, 254.72151898734177, 1.620253164556962
392, 559.0930472833353, 150.0778101265824, 1.2658227848101267, 254.74683544303798, 1.4303797468354431
393, 558.8266277703497, 150.0376531645571, 0.9367088607594937, 254.86075949367088, 1.3544303797468353
394, 558.5602082573639, 150.02402025316462, 0.9367088607594937, 254.8227848101266, 1.4303797468354431
395, 558.2937887443783, 150.1061430379748, 0.9746835443037974, 254.91139240506328, 1.5949367088607596
396, 558.0273692313925, 149.85343417721523, 0.7215189873417721, 254.68354430379748, 1.2151898734177216
397, 557.7609497184069, 150.20817721518995, 1.2658227848101267, 254.86075949367088, 1.9873417721518987
398, 557.4945302054211, 149.91180253164566, 0.8354430379746836, 254.67088607594937, 1.4936708860759493
399, 557.2281106924355, 150.12084683544313, 1.0253164556962024, 254.8860759493671, 1.7215189873417722
400, 556.9616911794498, 150.22820632911402, 1.2278481012658229, 254.9240506329114, 1.9367088607594938
401, 556.6952716664641, 150.10152025316467, 1.0, 254.873417721519, 1.6835443037974684
402, 556.4288521534784, 150.1426506329115, 1.0886075949367089, 254.8860759493671, 1.7468354430379747
403, 556.1624326404926, 150.0658101265824, 0.8860759493670886, 254.86075949367088, 1.7341772151898733
404, 555.896013127507, 150.12378987341782, 0.9620253164556962, 254.8987341772152, 1.8481012658227849
405, 555.6295936145212, 150.1351215189874, 1.1898734177215189, 254.78481012658227, 1.9367088607594938
406, 555.3631741015356, 150.13018734177223, 1.0379746835443038, 254.873417721519, 1.8354430379746836
407, 555.0967545885499, 150.10266962025327, 1.0253164556962024, 254.83544303797467, 1.8227848101265822
408, 554.8303350755642, 150.14064050632922, 1.0632911392405062, 254.873417721519, 1.860759493670886
409, 554.5639155625785, 150.09896455696207, 0.9873417721518988, 254.86075949367088, 1.759493670886076
410, 554.2974960495928, 150.08505949367094, 1.0506329113924051, 254.79746835443038, 1.7974683544303798
411, 554.0310765366071, 150.1303822784811, 1.1139240506329113, 254.8227848101266, 1.8987341772151898
412, 553.7646570236213, 149.8763088607596, 0.8354430379746836, 254.62025316455697, 1.4430379746835442
413, 553.4982375106357, 150.20858734177222, 1.3417721518987342, 254.8227848101266, 1.9873417721518987
414, 553.23181799765, 149.8992822784811, 0.8481012658227848, 254.64556962025316, 1.481012658227848
415, 552.9653984846643, 150.17793037974693, 1.2025316455696202, 254.873417721519, 1.8227848101265822
416, 552.6989789716786, 150.03025949367097, 0.9493670886075949, 254.79746835443038, 1.5822784810126582
417, 552.4325594586929, 150.03419873417732, 0.7974683544303798, 254.8987341772152, 1.4936708860759493
418, 552.1661399457072, 149.94189493670893, 0.6708860759493671, 254.83544303797467, 1.3417721518987342
419, 551.8997204327216, 150.03355569620263, 1.0253164556962024, 254.7594936708861, 1.6075949367088607
420, 551.6333009197358, 149.93081772151916, 0.6835443037974683, 254.81012658227849, 1.3417721518987342
421, 551.36688140675, 150.2319341772153, 1.4177215189873418, 254.86075949367088, 1.7974683544303798
422, 551.1004618937644, 149.96079493670894, 1.0379746835443038, 254.67088607594937, 1.3924050632911393
423, 550.8340423807788, 150.12863037974688, 1.1645569620253164, 254.84810126582278, 1.620253164556962
424, 550.567622867793, 149.97897088607596, 0.9240506329113924, 254.77215189873417, 1.3291139240506329
425, 550.3012033548073, 150.20188101265825, 1.3164556962025316, 254.873417721519, 1.7341772151898733
426, 550.0347838418216, 149.91781265822794, 0.9873417721518988, 254.64556962025316, 1.2784810126582278
427, 549.7683643288359, 150.0828189873418, 1.0506329113924051, 254.83544303797467, 1.5822784810126582
428, 549.5019448158503, 149.9522139240507, 0.8987341772151899, 254.74683544303798, 1.2911392405063291
429, 549.2355253028645, 150.19883797468353, 1.3670886075949367, 254.8227848101266, 1.8354430379746836
430, 548.9691057898789, 150.01134303797465, 1.0, 254.74683544303798, 1.5443037974683544
431, 548.7026862768931, 150.29134936708866, 1.3164556962025316, 254.873417721519, 2.518987341772152
432, 548.4362667639075, 150.0988810126583, 1.0632911392405062, 254.70886075949366, 2.3417721518987342
433, 548.1698472509217, 150.26668860759492, 1.0886075949367089, 254.79746835443038, 3.2911392405063293
434, 547.903427737936, 150.20106329113926, 1.0126582278481013, 254.73417721518987, 3.240506329113924
435, 547.6370082249504, 150.53828987341774, 1.5316455696202531, 254.83544303797467, 4.3164556962025316
436, 547.3705887119646, 150.51651518987345, 1.3037974683544304, 254.7594936708861, 5.113924050632911
437, 547.104169198979, 150.9385215189874, 1.620253164556962, 254.83544303797467, 7.594936708860759
438, 546.8377496859932, 150.89462784810135, 1.3164556962025316, 254.70886075949366, 8.658227848101266
439, 546.5713301730076, 151.11317721518986, 1.2658227848101267, 254.873417721519, 9.860759493670885
440, 546.3049106600218, 151.3663278481013, 1.6582278481012658, 254.8860759493671, 10.987341772151899
441, 546.0384911470362, 151.32432025316461, 1.1012658227848102, 254.8227848101266, 12.405063291139241
442, 545.7720716340505, 151.491970886076, 1.1772151898734178, 254.86075949367088, 13.481012658227849
443, 545.5056521210647, 151.77971139240512, 1.4936708860759493, 254.84810126582278, 15.240506329113924
444, 545.2392326080791, 151.82196202531657, 1.3924050632911393, 254.78481012658227, 16.20253164556962
445, 544.9728130950933, 152.14528734177213, 1.4303797468354431, 254.8860759493671, 18.417721518987342
446, 544.7063935821077, 152.37561265822782, 1.4683544303797469, 254.9493670886076, 20.0126582278481
447, 544.439974069122, 152.7258848101266, 1.6582278481012658, 254.8987341772152, 22.848101265822784
448, 544.1735545561363, 152.6237544303797, 1.3164556962025316, 254.64556962025316, 24.151898734177216
449, 543.9071350431506, 152.93724177215188, 1.0, 254.79746835443038, 26.949367088607595
450, 543.6407155301649, 153.36623417721512, 1.4556962025316456, 254.873417721519, 29.126582278481013
451, 543.3742960171792, 153.6726898734177, 1.5822784810126582, 254.8860759493671, 31.417721518987342
452, 543.1078765041935, 153.92224303797465, 1.7468354430379747, 254.873417721519, 33.24050632911393
453, 542.8414569912078, 154.07058734177215, 1.3417721518987342, 254.84810126582278, 35.734177215189874
454, 542.5750374782222, 154.09567341772157, 1.240506329113924, 254.70886075949366, 36.936708860759495
455, 542.3086179652364, 154.4465949367088, 1.2658227848101267, 254.873417721519, 39.10126582278481
456, 542.0421984522507, 154.51394556962026, 1.3037974683544304, 254.77215189873417, 40.11392405063291
457, 541.775778939265, 155.01487215189877, 1.5316455696202531, 254.9367088607595, 43.063291139240505
458, 541.5093594262793, 155.0644898734177, 1.4303797468354431, 254.79746835443038, 44.48101265822785
459, 541.2429399132936, 155.464570886076, 1.6329113924050633, 254.8227848101266, 47.32911392405063
460, 540.9765204003079, 155.7052873417721, 1.8101265822784811, 254.74683544303798, 49.36708860759494
461, 540.7101008873223, 155.8752962025316, 1.2151898734177216, 254.83544303797467, 51.962025316455694
462, 540.4436813743365, 156.07076835443038, 1.3037974683544304, 254.7594936708861, 53.835443037974684
463, 540.1772618613509, 156.3595670886076, 1.0379746835443038, 254.86075949367088, 56.54430379746835
464, 539.9108423483651, 156.71220632911394, 1.2278481012658229, 254.9493670886076, 58.68354430379747
465, 539.6444228353794, 156.85870253164558, 1.2025316455696202, 254.7594936708861, 61.0126582278481
466, 539.3780033223937, 157.04084050632915, 1.2151898734177216, 254.81012658227849, 62.31645569620253
467, 539.111583809408, 157.3276759493671, 1.3417721518987342, 254.77215189873417, 64.69620253164557
468, 538.8451642964224, 157.55964050632915, 1.5696202531645569, 254.73417721518987, 66.32911392405063
469, 538.5787447834366, 158.14593670886083, 1.7721518987341771, 254.84810126582278, 70.35443037974683
470, 538.312325270451, 158.03592911392406, 1.3417721518987342, 254.67088607594937, 71.43037974683544
471, 538.0459057574652, 158.65003037974682, 1.8481012658227849, 254.8987341772152, 74.31645569620254
472, 537.7794862444796, 158.86701772151906, 1.9746835443037976, 254.91139240506328, 75.82278481012658
473, 537.5130667314938, 159.00065949367084, 1.6329113924050633, 254.86075949367088, 78.15189873417721
474, 537.2466472185081, 159.32065696202525, 2.037974683544304, 254.84810126582278, 79.9620253164557
475, 536.9802277055225, 159.63398987341765, 2.0, 254.84810126582278, 82.81012658227849
476, 536.7138081925368, 159.63752531645568, 1.9620253164556962, 254.62025316455697, 84.11392405063292
477, 536.4473886795511, 159.89352025316452, 1.5063291139240507, 254.77215189873417, 86.77215189873418
478, 536.1809691665653, 159.84514556962029, 1.2025316455696202, 254.72151898734177, 87.40506329113924
479, 535.9145496535797, 160.33637974683546, 1.3924050632911393, 254.8987341772152, 90.30379746835443
480, 535.6481301405939, 160.2424265822784, 1.1772151898734178, 254.68354430379748, 91.15189873417721
481, 535.3817106276083, 160.57836708860754, 1.2658227848101267, 254.72151898734177, 93.67088607594937
482, 535.1152911146226, 160.7774962025317, 1.240506329113924, 254.91139240506328, 94.50632911392405
483, 534.8488716016368, 160.98344177215196, 1.2784810126582278, 254.8987341772152, 96.27848101265823
484, 534.5824520886512, 160.9934746835443, 1.3291139240506329, 254.68354430379748, 97.34177215189874
485, 534.3160325756655, 161.3816417721519, 1.3037974683544304, 254.873417721519, 99.83544303797468
486, 534.0496130626798, 161.61466075949363, 1.4936708860759493, 254.8860759493671, 101.31645569620254
487, 533.783193549694, 161.731188607595, 1.4050632911392404, 254.81012658227849, 102.9620253164557
488, 533.5167740367084, 161.89695189873413, 1.620253164556962, 254.83544303797467, 103.72151898734177
489, 533.2503545237226, 162.25056202531655, 1.8481012658227849, 254.8227848101266, 106.29113924050633
490, 532.983935010737, 162.2717759493671, 1.7341772151898733, 254.84810126582278, 106.64556962025317
491, 532.7175154977513, 162.4317443037975, 1.4177215189873418, 254.79746835443038, 109.13924050632912
492, 532.4510959847656, 162.32063797468356, 1.2151898734177216, 254.70886075949366, 109.15189873417721
493, 532.1846764717799, 162.68955696202536, 1.139240506329114, 254.91139240506328, 111.54430379746836
494, 531.9182569587942, 162.67533417721532, 0.9620253164556962, 254.8987341772152, 111.9493670886076
495, 531.6518374458085, 162.75377088607598, 0.8987341772151899, 254.68354430379748, 113.9113924050633
496, 531.3854179328227, 163.01696329113926, 1.1265822784810127, 254.78481012658227, 115.10126582278481
497, 531.1189984198371, 163.21155189873417, 1.0632911392405062, 254.69620253164558, 117.43037974683544
498, 530.8525789068515, 163.40908227848098, 1.2025316455696202, 254.78481012658227, 118.34177215189874
499, 530.5861593938657, 163.66577088607593, 1.2784810126582278, 254.79746835443038, 120.32911392405063
500, 530.31973988088, 163.6514278481013, 1.1645569620253164, 254.68354430379748, 121.0886075949367
501, 530.0533203678943, 163.9996367088608, 1.2278481012658229, 254.78481012658227, 123.45569620253164
502, 529.7869008549086, 164.05429493670889, 1.3544303797468353, 254.67088607594937, 124.18987341772151
503, 529.520481341923, 164.5526721518988, 1.6329113924050633, 254.8987341772152, 126.65822784810126
504, 529.2540618289372, 164.46701645569624, 1.481012658227848, 254.8227848101266, 126.69620253164557
505, 528.9876423159515, 164.69863670886087, 1.481012658227848, 254.69620253164558, 129.37974683544303
506, 528.7212228029658, 164.81683544303803, 1.518987341772152, 254.78481012658227, 129.86075949367088
507, 528.4548032899802, 165.25481012658233, 1.8987341772151898, 254.77215189873417, 132.77215189873417
508, 528.1883837769944, 165.09539367088607, 1.5063291139240507, 254.67088607594937, 132.9240506329114
509, 527.9219642640087, 165.6618670886077, 1.8354430379746836, 254.873417721519, 135.9873417721519
510, 527.6555447510231, 165.62808101265824, 1.5949367088607596, 254.8227848101266, 136.58227848101265
511, 527.3891252380373, 165.8568556962026, 1.4430379746835442, 254.8227848101266, 138.9873417721519
512, 527.1227057250517, 166.14972911392405, 1.8227848101265822, 254.84810126582278, 140.43037974683546
513, 526.8562862120659, 166.39176455696204, 1.7215189873417722, 254.8227848101266, 142.9493670886076
514, 526.5898666990803, 166.62338481012654, 2.1012658227848102, 254.81012658227849, 144.0506329113924
515, 526.3234471860945, 166.8192278481014, 2.0253164556962027, 254.84810126582278, 145.77215189873417
516, 526.0570276731089, 166.74809113924053, 1.8734177215189873, 254.60759493670886, 146.78481012658227
517, 525.7906081601232, 166.9807594936711, 1.2658227848101267, 254.78481012658227, 149.50632911392404
518, 525.5241886471374, 167.14006075949365, 1.2911392405063291, 254.79746835443038, 150.77215189873417
519, 525.2577691341518, 167.62745443037986, 1.5316455696202531, 254.9620253164557, 153.56962025316454
520, 524.991349621166, 167.76751012658232, 1.7341772151898733, 254.8860759493671, 154.65822784810126
521, 524.7249301081804, 167.84017088607595, 1.3291139240506329, 254.8227848101266, 156.68354430379748
522, 524.4585105951946, 168.10392531645576, 1.6329113924050633, 254.81012658227849, 158.26582278481013
523, 524.192091082209, 168.4447772151899, 1.7215189873417722, 254.79746835443038, 161.08860759493672
524, 523.9256715692233, 168.51663544303807, 1.7468354430379747, 254.7594936708861, 161.84810126582278
525, 523.6592520562376, 168.67798734177214, 1.2658227848101267, 254.79746835443038, 164.32911392405063
526, 523.3928325432519, 168.79661139240505, 1.3544303797468353, 254.78481012658227, 165.20253164556962
527, 523.1264130302661, 169.2148341772152, 1.6582278481012658, 254.86075949367088, 167.68354430379748
528, 522.8599935172805, 169.14321518987344, 1.518987341772152, 254.70886075949366, 168.20253164556962
529, 522.5935740042949, 169.48547215189862, 1.481012658227848, 254.79746835443038, 170.84810126582278
530, 522.3271544913091, 169.4698278481013, 1.3417721518987342, 254.79746835443038, 171.0759493670886
531, 522.0607349783234, 169.75717215189874, 1.4430379746835442, 254.81012658227849, 173.26582278481013
532, 521.7943154653377, 169.85461645569617, 1.4303797468354431, 254.8227848101266, 174.08860759493672
533, 521.527895952352, 170.1684949367089, 1.379746835443038, 254.8227848101266, 176.9746835443038
534, 521.2614764393663, 170.08480506329118, 1.0632911392405062, 254.78481012658227, 177.26582278481013
535, 520.9950569263806, 170.28574683544315, 1.2658227848101267, 254.81012658227849, 178.36708860759492
536, 520.7286374133948, 170.44145063291145, 1.4430379746835442, 254.91139240506328, 178.74683544303798
537, 520.4622179004092, 170.61832025316454, 1.481012658227848, 254.8860759493671, 180.32911392405063
538, 520.1957983874236, 170.59606582278485, 1.4936708860759493, 254.79746835443038, 180.55696202531647
539, 519.9293788744378, 170.41042784810125, 1.1645569620253164, 254.41772151898735, 181.74683544303798
540, 519.6629593614521, 170.33588860759494, 1.240506329113924, 254.21518987341773, 181.9367088607595
541, 519.3965398484664, 171.1638455696202, 1.4177215189873418, 254.8987341772152, 185.21518987341773
542, 519.1301203354807, 171.0699987341772, 1.2784810126582278, 254.79746835443038, 185.27848101265823
543, 518.863700822495, 171.36809113924045, 1.4936708860759493, 254.79746835443038, 187.32911392405063
544, 518.5972813095093, 171.33899367088603, 1.4556962025316456, 254.77215189873417, 187.30379746835442
545, 518.3308617965237, 171.5513012658228, 1.6708860759493671, 254.73417721518987, 188.79746835443038
546, 518.0644422835379, 171.53831265822782, 1.5569620253164558, 254.78481012658227, 188.72151898734177
547, 517.7980227705523, 171.6209316455697, 1.4430379746835442, 254.77215189873417, 189.81012658227849
548, 517.5316032575665, 171.80801139240518, 1.7848101265822784, 254.7594936708861, 190.62025316455697
549, 517.2651837445808, 172.07091518987352, 1.6075949367088607, 254.83544303797467, 193.0
550, 516.9987642315951, 172.11765822784815, 1.518987341772152, 254.8987341772152, 193.31645569620252
551, 516.7323447186095, 172.2714316455696, 1.379746835443038, 254.84810126582278, 195.29113924050634
552, 516.4659252056238, 172.3345582278481, 1.379746835443038, 254.91139240506328, 195.51898734177215
553, 516.199505692638, 172.68075949367082, 1.6455696202531647, 254.8987341772152, 197.9240506329114
554, 515.9330861796524, 172.64011392405052, 1.7721518987341771, 254.69620253164558, 198.27848101265823
555, 515.6666666666666, 172.86173417721517, 1.8987341772151898, 254.55696202531647, 200.60759493670886
556, 515.400247153681, 172.38613291139237, 1.4556962025316456, 254.0632911392405, 200.13924050632912
557, 515.1338276406952, 172.67158481012657, 1.7468354430379747, 253.9367088607595, 202.53164556962025
558, 514.8674081277095, 172.2845594936709, 1.240506329113924, 253.56962025316454, 202.35443037974684
559, 514.6009886147239, 172.2312620253165, 1.9367088607594938, 252.70886075949366, 204.49367088607596
560, 514.3345691017382, 171.33201012658233, 1.1645569620253164, 251.67088607594937, 203.9746835443038
561, 514.0681495887525, 170.75007848101265, 1.240506329113924, 250.22784810126583, 206.1012658227848
562, 513.8017300757667, 170.8482291139241, 1.5063291139240507, 250.13924050632912, 206.72151898734177
563, 513.5353105627811, 170.3146873417721, 1.860759493670886, 248.68354430379748, 208.60759493670886
564, 513.2688910497953, 169.39136329113919, 1.4303797468354431, 247.26582278481013, 208.9367088607595
565, 513.0024715368097, 168.24986075949369, 1.518987341772152, 245.0253164556962, 210.22784810126583
566, 512.736052023824, 167.3274582278481, 1.3670886075949367, 243.51898734177215, 210.29113924050634
567, 512.4696325108383, 167.74396708860758, 2.3544303797468356, 243.18987341772151, 213.0506329113924
568, 512.2032129978526, 166.28160886075946, 1.2531645569620253, 241.46835443037975, 211.9746835443038
569, 511.9367934848669, 165.79970000000003, 1.481012658227848, 240.0126582278481, 214.64556962025316
570, 511.6703739718812, 165.02748607594944, 0.9620253164556962, 239.0253164556962, 214.31645569620252
571, 511.4039544588955, 165.26090759493667, 2.0632911392405062, 238.31645569620252, 217.126582278481
572, 511.1375349459098, 164.85888607594933, 1.6455696202531647, 237.8860759493671, 216.91139240506328
573, 510.87111543292406, 164.110493670886, 1.518987341772152, 236.49367088607596, 217.84810126582278
574, 510.6046959199384, 163.04758734177213, 0.9620253164556962, 235.20253164556962, 216.63291139240508
575, 510.3382764069527, 163.61615443037974, 1.7468354430379747, 235.2405063291139, 219.36708860759492
576, 510.07185689396704, 163.34887341772148, 1.518987341772152, 234.8987341772152, 219.37974683544303
577, 509.8054373809813, 162.5167873417721, 1.7468354430379747, 232.9620253164557, 221.45569620253164
578, 509.5390178679956, 161.7100189873417, 1.2025316455696202, 232.0, 220.7594936708861
579, 509.2725983550099, 161.0416835443038, 1.2658227848101267, 230.62025316455697, 221.83544303797467
580, 509.0061788420242, 161.05794683544306, 1.4177215189873418, 230.51898734177215, 222.1012658227848
581, 508.7397593290385, 161.50018354430375, 2.3417721518987342, 230.35443037974684, 224.40506329113924
582, 508.4733398160528, 160.62895949367092, 1.6708860759493671, 229.35443037974684, 223.67088607594937
583, 508.20692030306714, 160.54219873417722, 1.8101265822784811, 228.84810126582278, 225.15189873417722
584, 507.9405007900814, 159.68349493670885, 1.1265822784810127, 227.873417721519, 224.43037974683546
585, 507.67408127709575, 159.6824075949367, 1.620253164556962, 227.27848101265823, 226.18987341772151
586, 507.40766176411, 159.44245063291143, 1.4430379746835442, 226.9746835443038, 226.1139240506329
587, 507.14124225112437, 159.8960151898734, 2.2531645569620253, 226.84810126582278, 228.62025316455697
588, 506.8748227381386, 158.95111012658228, 1.4303797468354431, 225.79746835443038, 227.8987341772152
589, 506.6084032251529, 158.2445316455696, 1.518987341772152, 224.35443037974684, 228.8987341772152
590, 506.34198371216723, 157.70119620253163, 1.0759493670886076, 223.69620253164558, 228.68354430379748
591, 506.07556419918154, 157.53860126582282, 1.4556962025316456, 222.73417721518987, 231.21518987341773
592, 505.80914468619585, 157.38419999999994, 1.4177215189873418, 222.46835443037975, 231.32911392405063
593, 505.54272517321016, 156.4224670886076, 1.2784810126582278, 220.63291139240508, 232.70886075949366
594, 505.27630566022447, 156.26615696202532, 1.3417721518987342, 220.34177215189874, 232.67088607594937
595, 505.0098861472387, 156.03401012658233, 1.4177215189873418, 219.69620253164558, 233.7594936708861
596, 504.7434666342531, 155.12914050632918, 0.8734177215189873, 218.48101265822785, 233.50632911392404
597, 504.47704712126733, 155.58012784810114, 1.6329113924050633, 218.32911392405063, 236.25316455696202
598, 504.2106276082817, 155.4918683544304, 1.4430379746835442, 218.08860759493672, 237.21518987341773
599, 503.94420809529595, 155.47689240506327, 1.5822784810126582, 217.64556962025316, 239.0
600, 503.67778858231026, 154.79838734177204, 1.0632911392405062, 216.8227848101266, 238.64556962025316
601, 503.41136906932456, 154.56125569620252, 1.240506329113924, 215.8860759493671, 240.9240506329114
602, 503.1449495563389, 154.036853164557, 0.8354430379746836, 215.16455696202533, 241.1012658227848
603, 502.8785300433532, 153.66807088607592, 1.1898734177215189, 214.0632911392405, 242.60759493670886
604, 502.6121105303675, 153.4605784810127, 0.9240506329113924, 213.74683544303798, 243.1139240506329
605, 502.3456910173818, 153.43081772151902, 1.8227848101265822, 212.74683544303798, 245.64556962025316
606, 502.07927150439605, 152.73234177215187, 1.3924050632911393, 211.8227848101266, 245.40506329113924
607, 501.8128519914104, 153.07168101265825, 2.3037974683544302, 211.43037974683546, 248.0126582278481
608, 501.54643247842466, 152.60742278481018, 1.7215189873417722, 210.91139240506328, 248.13924050632912
609, 501.280012965439, 152.3782405063292, 1.7721518987341771, 210.29113924050634, 249.18987341772151
610, 501.0135934524533, 151.17625696202543, 0.8481012658227848, 208.8860759493671, 248.30379746835442
611, 500.7471739394676, 151.1988734177215, 1.3924050632911393, 208.45569620253164, 249.29113924050634
612, 500.4807544264819, 150.39145316455694, 0.7848101265822784, 207.37974683544303, 249.34177215189874
613, 500.2143349134962, 150.78189873417722, 1.7721518987341771, 207.21518987341773, 251.0253164556962
614, 499.9479154005105, 150.9813088607595, 1.9746835443037976, 207.40506329113924, 251.26582278481013
615, 499.68149588752476, 150.93426582278474, 2.0253164556962027, 207.22784810126583, 251.63291139240508
616, 499.4150763745391, 149.46503670886065, 0.7721518987341772, 205.48101265822785, 251.0253164556962
617, 499.1486568615534, 149.37378860759492, 0.8481012658227848, 204.9746835443038, 252.63291139240508
618, 498.88223734856774, 149.40616202531646, 1.0379746835443038, 204.8987341772152, 252.81012658227849
619, 498.615817835582, 149.00360759493674, 1.3924050632911393, 203.84810126582278, 253.7594936708861
620, 498.34939832259636, 148.76692531645574, 1.2531645569620253, 203.49367088607596, 253.873417721519
621, 498.0829788096106, 147.63846329113915, 1.3164556962025316, 201.53164556962025, 253.91139240506328
622, 497.8165592966249, 146.9323050632911, 0.8734177215189873, 200.63291139240508, 253.50632911392404
623, 497.5501397836392, 146.82063291139244, 1.7721518987341771, 199.8227848101266, 254.34177215189874
624, 497.28372027065353, 145.96040126582267, 1.0506329113924051, 198.74683544303798, 254.22784810126583
625, 497.01730075766784, 145.38633417721516, 1.8481012658227849, 197.30379746835442, 254.53164556962025
626, 496.7508812446821, 144.2411392405063, 1.0126582278481013, 195.8987341772152, 253.91139240506328
627, 496.48446173169646, 144.422935443038, 1.4050632911392404, 195.873417721519, 254.60759493670886
628, 496.2180422187107, 143.74302658227847, 1.1265822784810127, 194.8987341772152, 254.39240506329114
629, 495.9516227057251, 142.92045949367088, 1.7341772151898733, 193.126582278481, 254.70886075949366
630, 495.6852031927393, 142.21096075949373, 1.0253164556962024, 192.29113924050634, 254.64556962025316
631, 495.41878367975363, 142.16429113924056, 1.139240506329114, 192.126582278481, 254.78481012658227
632, 495.15236416676794, 142.2556594936709, 1.1265822784810127, 192.29113924050634, 254.77215189873417
633, 494.88594465378225, 141.83827594936707, 1.9240506329113924, 191.15189873417722, 254.8860759493671
634, 494.61952514079655, 141.04072531645568, 1.2278481012658229, 190.1772151898734, 254.73417721518987
635, 494.35310562781086, 139.61011392405072, 1.139240506329114, 187.79746835443038, 254.67088607594937
636, 494.08668611482517, 139.3685012658228, 1.1898734177215189, 187.37974683544303, 254.56962025316454
637, 493.8202666018394, 140.058535443038, 2.240506329113924, 187.9367088607595, 255.0
638, 493.5538470888538, 138.98707341772155, 1.5443037974683544, 186.46835443037975, 254.9873417721519
639, 493.28742757586804, 137.7660949367089, 1.7088607594936709, 184.32911392405063, 254.86075949367088
640, 493.0210080628824, 135.88581392405067, 0.5949367088607594, 181.7594936708861, 254.51898734177215
641, 492.75458854989665, 134.67427594936703, 0.7848101265822784, 179.64556962025316, 254.27848101265823
642, 492.48816903691096, 134.57539873417718, 0.8227848101265823, 179.44303797468353, 254.35443037974684
643, 492.22174952392527, 135.43067341772144, 1.7468354430379747, 180.31645569620252, 254.9367088607595
644, 491.9553300109396, 134.59292911392404, 1.2151898734177216, 179.1772151898734, 254.84810126582278
645, 491.6889104979539, 133.98602405063292, 2.037974683544304, 177.73417721518987, 254.79746835443038
646, 491.4224909849682, 132.52375443037968, 0.9367088607594937, 175.84810126582278, 254.56962025316454
647, 491.1560714719825, 131.67610886075954, 1.4430379746835442, 174.126582278481, 254.67088607594937
648, 490.88965195899675, 130.44946962025313, 0.7468354430379747, 172.44303797468353, 254.40506329113924
649, 490.6232324460111, 129.75205063291142, 1.518987341772152, 170.81012658227849, 254.67088607594937
650, 490.35681293302537, 129.05203164556966, 1.0759493670886076, 169.84810126582278, 254.64556962025316
651, 490.09039342003973, 128.71550759493672, 2.0126582278481013, 168.81012658227849, 254.58227848101265
652, 489.823973907054, 128.14823670886076, 1.4303797468354431, 168.08860759493672, 254.84810126582278
653, 489.5575543940683, 127.76749493670891, 1.6329113924050633, 167.34177215189874, 254.8227848101266
654, 489.2911348810826, 127.03962658227847, 1.0759493670886076, 166.40506329113924, 254.72151898734177
655, 489.0247153680969, 126.15621772151907, 1.8734177215189873, 164.50632911392404, 254.65822784810126
656, 488.7582958551112, 125.33456202531643, 1.3417721518987342, 163.37974683544303, 254.64556962025316
657, 488.4918763421255, 124.29046708860766, 1.7848101265822784, 161.31645569620252, 254.9493670886076
658, 488.22545682913983, 123.03295822784813, 1.1772151898734178, 159.56962025316454, 254.50632911392404
659, 487.9590373161541, 121.23634556962025, 0.8481012658227848, 156.69620253164558, 254.40506329113924
660, 487.69261780316845, 120.7254215189873, 0.7215189873417721, 155.86075949367088, 254.55696202531647
661, 487.4261982901827, 120.86997594936705, 1.5063291139240507, 155.65822784810126, 254.81012658227849
662, 487.15977877719706, 120.49149240506327, 1.4050632911392404, 155.0379746835443, 254.9493670886076
663, 486.8933592642113, 119.49753924050626, 1.5696202531645569, 153.26582278481013, 254.9240506329114
664, 486.6269397512256, 118.02852784810123, 1.0506329113924051, 151.1012658227848, 254.54430379746836
665, 486.3605202382399, 117.24537341772152, 1.5822784810126582, 149.41772151898735, 254.9493670886076
666, 486.09410072525424, 115.92313544303794, 1.3037974683544304, 147.32911392405063, 254.83544303797467
667, 485.82768121226854, 113.90726202531647, 1.3037974683544304, 143.9367088607595, 254.62025316455697
668, 485.5612616992828, 111.51210506329119, 0.46835443037974683, 140.39240506329114, 254.0506329113924
669, 485.29484218629716, 110.1745417721519, 0.9113924050632911, 137.873417721519, 254.126582278481
670, 485.0284226733114, 109.33317215189872, 0.9367088607594937, 136.40506329113924, 254.2405063291139
671, 484.7620031603258, 108.69455189873418, 1.8227848101265822, 134.78481012658227, 254.65822784810126
672, 484.49558364734, 107.02164303797468, 1.5443037974683544, 132.1012658227848, 254.53164556962025
673, 484.22916413435433, 105.38152151898731, 1.8734177215189873, 129.15189873417722, 254.46835443037975
674, 483.96274462136864, 103.5464088607595, 1.1012658227848102, 126.45569620253164, 254.27848101265823
675, 483.69632510838295, 102.27612531645566, 1.2784810126582278, 124.16455696202532, 254.46835443037975
676, 483.42990559539726, 100.2798088607595, 0.7721518987341772, 121.0632911392405, 254.25316455696202
677, 483.16348608241157, 98.95562025316455, 1.139240506329114, 118.54430379746836, 254.64556962025316
678, 482.8970665694259, 98.0311949367089, 1.7215189873417722, 116.65822784810126, 254.72151898734177
679, 482.6306470564401, 95.95381139240504, 1.759493670886076, 113.13924050632912, 254.51898734177215
680, 482.3642275434545, 92.85366075949368, 0.4810126582278481, 108.59493670886076, 254.0759493670886
681, 482.09780803046874, 90.75421392405067, 0.7721518987341772, 104.75949367088607, 254.64556962025316
682, 481.8313885174831, 88.93976202531648, 1.1139240506329113, 101.51898734177215, 254.51898734177215
683, 481.56496900449736, 87.7005493670886, 1.8481012658227849, 98.9873417721519, 254.7594936708861
684, 481.29854949151166, 84.50183417721519, 0.8987341772151899, 94.0632911392405, 254.54430379746836
685, 481.032129978526, 82.36147848101263, 1.1645569620253164, 90.30379746835443, 254.43037974683546
686, 480.7657104655403, 79.54917088607596, 0.8227848101265823, 85.79746835443038, 253.86075949367088
687, 480.4992909525546, 77.95561392405067, 1.0759493670886076, 82.84810126582279, 254.40506329113924
688, 480.2328714395689, 75.16588607594937, 0.759493670886076, 78.29113924050633, 254.22784810126583
689, 479.9664519265832, 73.46386075949361, 1.139240506329114, 75.13924050632912, 254.53164556962025
690, 479.70003241359746, 71.69036075949361, 1.0759493670886076, 72.17721518987342, 254.39240506329114
691, 479.4336129006118, 70.46263164556959, 1.5316455696202531, 69.78481012658227, 254.74683544303798
692, 479.16719338762607, 68.28855316455697, 1.0506329113924051, 66.39240506329114, 254.40506329113924
693, 478.90077387464044, 66.96512784810129, 1.6329113924050633, 63.78481012658228, 254.69620253164558
694, 478.6343543616547, 65.23940759493672, 1.240506329113924, 61.10126582278481, 254.40506329113924
695, 478.367934848669, 63.657324050632916, 1.6962025316455696, 58.151898734177216, 254.51898734177215
696, 478.1015153356833, 61.19215189873416, 1.0126582278481013, 54.35443037974684, 254.2405063291139
697, 477.8350958226976, 59.24551012658226, 1.2278481012658229, 50.91139240506329, 254.32911392405063
698, 477.5686763097119, 56.479474683544346, 0.9493670886075949, 46.31645569620253, 254.45569620253164
699, 477.3022567967262, 53.68937721518994, 0.9113924050632911, 41.59493670886076, 254.39240506329114
700, 477.03583728374053, 50.83861139240502, 1.1012658227848102, 36.68354430379747, 254.1772151898734
701, 476.7694177707548, 48.602832911392376, 2.050632911392405, 32.35443037974684, 254.36708860759492
702, 476.50299825776915, 44.88953037974684, 1.4050632911392404, 26.367088607594937, 254.31645569620252
703, 476.2365787447834, 41.172940506329105, 1.481012658227848, 20.063291139240505, 253.9746835443038
704, 475.97015923179777, 36.679535443037956, 0.5949367088607594, 13.075949367088608, 252.86075949367088
705, 475.703739718812, 33.97921139240507, 1.0506329113924051, 8.265822784810126, 252.74683544303798
706, 475.4373202058263, 31.583121518987348, 0.810126582278481, 4.3924050632911396, 252.30379746835442
707, 475.17090069284063, 31.291962025316458, 1.3924050632911393, 3.3417721518987342, 253.63291139240508
708, 474.90448117985494, 30.259049367088597, 1.2784810126582278, 1.7974683544303798, 252.8227848101266
709, 474.63806166686925, 30.49284050632909, 1.9746835443037976, 1.6962025316455696, 253.56962025316454
710, 474.3716421538835, 30.7435835443038, 2.392405063291139, 1.8860759493670887, 253.69620253164558
711, 474.10522264089786, 30.56691012658229, 2.1645569620253164, 1.6962025316455696, 253.72151898734177
712, 473.8388031279121, 30.283193670886075, 1.860759493670886, 1.4683544303797469, 253.20253164556962
713, 473.5723836149265, 31.171954430379742, 2.9873417721518987, 2.278481012658228, 253.873417721519
714, 473.30596410194073, 30.49161518987341, 2.2025316455696204, 1.6075949367088607, 253.41772151898735
715, 473.0395445889551, 30.62506962025316, 2.3417721518987342, 1.7468354430379747, 253.50632911392404
716, 472.77312507596935, 30.487674683544288, 2.240506329113924, 1.5569620253164558, 253.54430379746836
717, 472.50670556298365, 30.526793670886065, 2.189873417721519, 1.6075949367088607, 253.7594936708861
718, 472.24028604999796, 30.431431645569614, 2.1392405063291138, 1.5569620253164558, 253.31645569620252
719, 471.97386653701227, 30.391213924050636, 2.037974683544304, 1.481012658227848, 253.62025316455697
720, 471.7074470240266, 30.613210126582256, 2.329113924050633, 1.6962025316455696, 253.69620253164558
721, 471.44102751104083, 30.18188101265822, 1.8227848101265822, 1.3544303797468353, 253.0
722, 471.1746079980552, 30.87545949367089, 2.6202531645569622, 1.9873417721518987, 253.73417721518987
723, 470.90818848506945, 30.43630632911391, 2.1265822784810124, 1.5569620253164558, 253.39240506329114
724, 470.6417689720838, 29.96468101265822, 1.5443037974683544, 1.1139240506329113, 253.0632911392405
725, 470.37534945909806, 30.44156962025316, 2.151898734177215, 1.5063291139240507, 253.63291139240508
726, 470.10892994611237, 30.39216962025316, 2.1012658227848102, 1.4430379746835442, 253.65822784810126
727, 469.8425104331267, 30.685153164556965, 2.392405063291139, 1.759493670886076, 253.83544303797467
728, 469.576090920141, 30.485527848101263, 2.189873417721519, 1.5569620253164558, 253.65822784810126
729, 469.3096714071553, 30.751245569620245, 2.481012658227848, 1.7974683544303798, 253.9873417721519
730, 469.0432518941696, 30.49761772151898, 2.1772151898734178, 1.5569620253164558, 253.79746835443038
731, 468.7768323811839, 30.049239240506324, 1.6582278481012658, 1.1139240506329113, 253.50632911392404
732, 468.51041286819816, 30.550507594936697, 2.2658227848101267, 1.5822784810126582, 253.8987341772152
733, 468.2439933552125, 30.431568354430365, 2.1645569620253164, 1.5443037974683544, 253.31645569620252
734, 467.9775738422268, 30.27862911392404, 1.9367088607594938, 1.3924050632911393, 253.35443037974684
735, 467.71115432924114, 30.437318987341758, 2.1265822784810124, 1.5316455696202531, 253.53164556962025
736, 467.4447348162554, 30.49952784810125, 2.189873417721519, 1.5316455696202531, 253.91139240506328
737, 467.1783153032697, 30.79889367088607, 2.5822784810126582, 1.8860759493670887, 253.68354430379748
738, 466.911895790284, 30.42955822784811, 2.1392405063291138, 1.5316455696202531, 253.43037974683546
739, 466.6454762772983, 30.35193670886076, 2.0253164556962027, 1.4303797468354431, 253.56962025316454
740, 466.3790567643126, 30.6747582278481, 2.4177215189873418, 1.7215189873417722, 253.873417721519
741, 466.11263725132693, 30.394436708860752, 2.088607594936709, 1.5443037974683544, 253.18987341772151
742, 465.84621773834124, 30.50407848101264, 2.2531645569620253, 1.620253164556962, 253.32911392405063
743, 465.5797982253555, 30.58731392405063, 2.3037974683544302, 1.7215189873417722, 253.40506329113924
744, 465.31337871236985, 30.66943797468354, 2.4556962025316458, 1.759493670886076, 253.53164556962025
745, 465.0469591993841, 30.630978481012644, 2.367088607594937, 1.7341772151898733, 253.55696202531647
746, 464.78053968639847, 30.22413924050633, 1.8987341772151898, 1.3164556962025316, 253.36708860759492
747, 464.5141201734127, 30.440363291139217, 2.189873417721519, 1.5316455696202531, 253.39240506329114
748, 464.24770066042703, 30.210275949367073, 1.9240506329113924, 1.3291139240506329, 253.1139240506329
749, 463.98128114744134, 30.52297468354428, 2.278481012658228, 1.6075949367088607, 253.49367088607596
750, 463.71486163445564, 30.213062025316447, 1.9113924050632911, 1.2911392405063291, 253.36708860759492
751, 463.44844212146995, 30.31699493670886, 2.0759493670886076, 1.4556962025316456, 253.0
752, 463.18202260848426, 30.325244303797447, 2.1139240506329116, 1.4430379746835442, 253.0379746835443
753, 462.91560309549857, 30.27717215189873, 2.0759493670886076, 1.4050632911392404, 252.91139240506328
754, 462.6491835825128, 30.29283037974683, 2.0759493670886076, 1.3924050632911393, 253.1139240506329
755, 462.3827640695272, 30.077610126582275, 1.8734177215189873, 1.2911392405063291, 252.27848101265823
756, 462.11634455654143, 29.83174936708861, 1.620253164556962, 1.1265822784810127, 251.63291139240508
757, 461.8499250435558, 30.24795949367088, 2.430379746835443, 1.518987341772152, 251.13924050632912
758, 461.58350553057005, 29.875277215189858, 2.037974683544304, 1.2658227848101267, 250.20253164556962
759, 461.31708601758436, 30.11272278481012, 2.392405063291139, 1.5316455696202531, 249.9873417721519
760, 461.05066650459867, 29.686159493670868, 1.9493670886075949, 1.2911392405063291, 248.64556962025316
761, 460.784246991613, 29.660054430379734, 1.9873417721518987, 1.379746835443038, 247.86075949367088
762, 460.5178274786273, 29.396074683544295, 1.7848101265822784, 1.1265822784810127, 247.37974683544303
763, 460.25140796564153, 29.539139240506323, 2.0253164556962027, 1.4936708860759493, 246.1139240506329
764, 459.9849884526559, 29.02892531645569, 1.5063291139240507, 1.0632911392405062, 245.21518987341773
765, 459.71856893967015, 29.40567594936708, 1.9746835443037976, 1.4936708860759493, 245.0759493670886
766, 459.4521494266845, 28.890550632911378, 1.4556962025316456, 1.1139240506329113, 243.873417721519
767, 459.18572991369876, 29.113743037974686, 1.6835443037974684, 1.4936708860759493, 243.27848101265823
768, 458.9193104007131, 28.659268354430367, 1.240506329113924, 1.139240506329114, 242.27848101265823
769, 458.6528908877274, 28.751993670886073, 1.4556962025316456, 1.3670886075949367, 241.35443037974684
770, 458.3864713747417, 28.92252151898734, 1.620253164556962, 1.5443037974683544, 241.50632911392404
771, 458.120051861756, 28.76396075949368, 1.6582278481012658, 1.481012658227848, 240.34177215189874
772, 457.8536323487703, 28.46183670886076, 1.379746835443038, 1.2531645569620253, 239.59493670886076
773, 457.5872128357846, 28.851492405063308, 2.037974683544304, 1.481012658227848, 240.1139240506329
774, 457.32079332279886, 28.801818987341765, 1.9367088607594938, 1.4430379746835442, 240.13924050632912
775, 457.0543738098132, 28.6620683544304, 1.8481012658227849, 1.3164556962025316, 239.79746835443038
776, 456.7879542968275, 28.47997594936709, 1.759493670886076, 1.0759493670886076, 239.67088607594937
777, 456.52153478384184, 29.041102531645574, 2.392405063291139, 1.7341772151898733, 239.54430379746836
778, 456.2551152708561, 28.456216455696214, 1.759493670886076, 1.2911392405063291, 238.35443037974684
779, 455.9886957578704, 28.496712658227846, 1.860759493670886, 1.4683544303797469, 237.53164556962025
780, 455.7222762448847, 28.296815189873428, 1.7215189873417722, 1.240506329113924, 237.31645569620252
781, 455.455856731899, 27.885560759493675, 1.481012658227848, 0.8860759493670886, 236.16455696202533
782, 455.1894372189133, 28.184411392405075, 1.8354430379746836, 1.1139240506329113, 236.68354430379748
783, 454.92301770592763, 28.501508860759483, 2.2531645569620253, 1.5569620253164558, 236.08860759493672
784, 454.65659819294194, 28.048392405063296, 1.7721518987341771, 1.1012658227848102, 235.72151898734177
785, 454.3901786799562, 28.233456962025304, 2.0126582278481013, 1.3924050632911393, 235.21518987341773
786, 454.12375916697056, 27.646110126582283, 1.4303797468354431, 0.8481012658227848, 234.39240506329114
787, 453.8573396539848, 28.136264556962015, 2.037974683544304, 1.3417721518987342, 234.55696202531647
788, 453.5909201409992, 27.805588607594935, 1.7088607594936709, 1.0886075949367089, 233.8227848101266
789, 453.3245006280134, 28.05817594936708, 2.2911392405063293, 1.379746835443038, 233.0126582278481
790, 453.05808111502773, 28.240910126582282, 2.5443037974683542, 1.481012658227848, 233.43037974683546
791, 452.79166160204204, 27.575444303797465, 1.8860759493670887, 0.9873417721518988, 231.86075949367088
792, 452.52524208905635, 27.684151898734175, 2.0253164556962027, 1.1139240506329113, 231.79746835443038
793, 452.25882257607066, 27.78985822784809, 2.1772151898734178, 1.2658227848101267, 231.54430379746836
794, 451.99240306308496, 27.599441772151888, 1.9113924050632911, 1.1898734177215189, 230.9620253164557
795, 451.7259835500993, 27.691035443037975, 2.3037974683544302, 1.2911392405063291, 230.21518987341773
796, 451.4595640371135, 27.50822278481012, 2.0759493670886076, 1.1645569620253164, 229.86075949367088
797, 451.1931445241279, 27.32766329113925, 1.9746835443037976, 1.1518987341772151, 228.60759493670886
798, 450.92672501114214, 27.643269620253157, 2.367088607594937, 1.4430379746835442, 228.84810126582278
799, 450.6603054981565, 27.574031645569626, 2.4683544303797467, 1.5316455696202531, 227.51898734177215
800, 450.39388598517075, 27.309813924050633, 2.1139240506329116, 1.3037974683544304, 227.30379746835442
801, 450.12746647218506, 27.11431518987341, 2.037974683544304, 1.240506329113924, 226.1139240506329
802, 449.86104695919937, 27.069401265822783, 1.9367088607594938, 1.2278481012658229, 226.0506329113924
803, 449.5946274462137, 27.269736708860766, 2.2531645569620253, 1.5063291139240507, 225.54430379746836
804, 449.328207933228, 27.230516455696193, 2.1772151898734178, 1.4683544303797469, 225.59493670886076
805, 449.06178842024224, 26.8396417721519, 1.8101265822784811, 1.2278481012658229, 224.36708860759492
806, 448.7953689072566, 26.523124050632905, 1.5443037974683544, 0.9493670886075949, 223.72151898734177
807, 448.52894939427085, 26.46206455696202, 1.5063291139240507, 0.9113924050632911, 223.48101265822785
808, 448.2625298812852, 26.755982278481007, 1.8227848101265822, 1.1772151898734178, 223.86075949367088
809, 447.99611036829947, 26.77602405063292, 1.9113924050632911, 1.3924050632911393, 222.69620253164558
810, 447.72969085531383, 26.316222784810126, 1.4430379746835442, 1.0, 221.91139240506328
811, 447.4632713423281, 26.661573417721517, 1.9873417721518987, 1.3037974683544304, 221.9493670886076
812, 447.1968518293424, 26.731778481012654, 1.9620253164556962, 1.379746835443038, 222.2405063291139
813, 446.9304323163567, 26.5631164556962, 2.0, 1.3164556962025316, 220.9873417721519
814, 446.664012803371, 26.35739367088608, 1.759493670886076, 1.2531645569620253, 220.13924050632912
815, 446.3975932903853, 26.057432911392404, 1.620253164556962, 0.9113924050632911, 219.63291139240508
816, 446.13117377739957, 26.278688607594937, 1.8481012658227849, 1.1772151898734178, 219.60759493670886
817, 445.86475426441393, 26.342311392405048, 2.0759493670886076, 1.2531645569620253, 219.1772151898734
818, 445.5983347514282, 25.741997468354423, 1.4177215189873418, 0.7721518987341772, 218.1139240506329
819, 445.33191523844255, 26.41164683544303, 2.1392405063291138, 1.4177215189873418, 218.77215189873417
820, 445.0654957254568, 25.905525316455694, 1.5822784810126582, 0.9620253164556962, 218.13924050632912
821, 444.7990762124711, 26.261569620253162, 2.0253164556962027, 1.4683544303797469, 217.49367088607596
822, 444.5326566994854, 26.39525569620253, 2.2531645569620253, 1.5063291139240507, 217.873417721519
823, 444.2662371864997, 26.431516455696205, 2.3037974683544302, 1.6455696202531647, 217.34177215189874
824, 443.99981767351403, 25.485529113924052, 1.2911392405063291, 0.8987341772151899, 215.54430379746836
825, 443.73339816052834, 25.859310126582287, 1.8354430379746836, 1.1772151898734178, 215.9620253164557
826, 443.46697864754265, 26.036062025316454, 2.037974683544304, 1.3924050632911393, 215.873417721519
827, 443.2005591345569, 25.62558860759494, 1.7088607594936709, 1.1139240506329113, 214.56962025316454
828, 442.93413962157126, 25.59686455696204, 1.7341772151898733, 1.1012658227848102, 214.31645569620252
829, 442.6677201085855, 26.041054430379752, 2.1139240506329116, 1.7088607594936709, 214.08860759493672
830, 442.4013005955999, 25.71833417721519, 1.8481012658227849, 1.4050632911392404, 213.51898734177215
831, 442.13488108261413, 25.754389873417722, 2.3037974683544302, 1.4556962025316456, 212.37974683544303
832, 441.86846156962844, 25.341174683544303, 1.7974683544303798, 1.0759493670886076, 212.0379746835443
833, 441.60204205664274, 25.10002151898734, 1.5569620253164558, 1.0506329113924051, 210.68354430379748
834, 441.33562254365705, 25.2823253164557, 1.8101265822784811, 1.1265822784810127, 211.22784810126583
835, 441.06920303067136, 25.429944303797466, 2.0759493670886076, 1.3164556962025316, 210.84810126582278
836, 440.80278351768567, 25.536486075949362, 2.3544303797468356, 1.3291139240506329, 210.9873417721519
837, 440.5363640047, 25.19383037974684, 1.9493670886075949, 1.3670886075949367, 208.84810126582278
838, 440.2699444917142, 25.203853164556968, 1.9746835443037976, 1.3417721518987342, 209.0
839, 440.0035249787286, 24.990502531645564, 1.9367088607594938, 1.0886075949367089, 208.53164556962025
840, 439.73710546574284, 25.338968354430378, 2.3417721518987342, 1.3924050632911393, 208.9620253164557
841, 439.4706859527572, 25.380810126582276, 2.6582278481012658, 1.4303797468354431, 208.30379746835442
842, 439.20426643977146, 24.76319493670886, 1.9746835443037976, 0.8860759493670886, 207.48101265822785
843, 438.93784692678577, 24.647186075949367, 2.0632911392405062, 0.8227848101265823, 206.55696202531647
844, 438.6714274138001, 24.736215189873416, 2.151898734177215, 0.9367088607594937, 206.51898734177215
845, 438.4050079008144, 24.641431645569625, 2.1392405063291138, 1.1012658227848102, 204.873417721519
846, 438.1385883878287, 24.43911898734178, 1.8481012658227849, 1.0253164556962024, 204.25316455696202
847, 437.872168874843, 24.56589113924051, 2.2278481012658227, 1.1265822784810127, 203.84810126582278
848, 437.6057493618573, 24.467656962025313, 2.037974683544304, 1.0632911392405062, 203.81012658227849
849, 437.33932984887156, 25.031088607594924, 2.7848101265822787, 1.7215189873417722, 203.40506329113924
850, 437.0729103358859, 24.069630379746826, 1.6708860759493671, 0.9113924050632911, 202.0632911392405
851, 436.8064908229002, 24.81232025316455, 2.4936708860759493, 1.6962025316455696, 202.37974683544303
852, 436.54007130991454, 24.057221518987344, 1.7088607594936709, 1.1265822784810127, 200.74683544303798
853, 436.2736517969288, 24.165450632911394, 2.2025316455696204, 1.1898734177215189, 200.0759493670886
854, 436.0072322839431, 24.049239240506328, 2.037974683544304, 1.1518987341772151, 199.68354430379748
855, 435.7408127709574, 23.659987341772148, 1.7721518987341771, 0.9240506329113924, 198.13924050632912
856, 435.4743932579717, 24.00053544303797, 2.240506329113924, 1.1772151898734178, 198.59493670886076
857, 435.207973744986, 23.84562151898735, 2.2658227848101267, 1.1265822784810127, 197.43037974683546
858, 434.94155423200027, 23.45856582278481, 1.8101265822784811, 0.8860759493670886, 196.46835443037975
859, 434.67513471901464, 23.41873417721519, 1.8987341772151898, 0.9746835443037974, 195.43037974683546
860, 434.4087152060289, 23.54951772151899, 2.037974683544304, 1.1265822784810127, 195.43037974683546
861, 434.14229569304325, 23.657670886075948, 2.278481012658228, 1.3924050632911393, 194.37974683544303
862, 433.8758761800575, 23.085756962025314, 1.6708860759493671, 1.0126582278481013, 192.91139240506328
863, 433.60945666707187, 23.540345569620253, 2.367088607594937, 1.5063291139240507, 192.53164556962025
864, 433.3430371540861, 22.675148101265822, 1.4303797468354431, 0.6962025316455697, 191.56962025316454
865, 433.0766176411004, 23.039226582278477, 1.9113924050632911, 1.1772151898734178, 191.0253164556962
866, 432.81019812811473, 22.79519620253165, 1.5822784810126582, 1.0126582278481013, 190.59493670886076
867, 432.54377861512904, 23.01013417721518, 1.8227848101265822, 1.2784810126582278, 190.48101265822785
868, 432.27735910214335, 23.01920759493671, 1.8481012658227849, 1.3670886075949367, 190.0379746835443
869, 432.0109395891576, 22.844593670886088, 1.7848101265822784, 1.2911392405063291, 189.0632911392405
870, 431.74452007617197, 22.770143037974687, 1.7341772151898733, 1.3670886075949367, 188.15189873417722
871, 431.4781005631862, 22.766854430379748, 1.8354430379746836, 1.4303797468354431, 187.53164556962025
872, 431.2116810502006, 22.79230506329115, 1.8860759493670887, 1.4430379746835442, 187.55696202531647
873, 430.94526153721483, 22.414615189873423, 1.8227848101265822, 1.0506329113924051, 186.43037974683546
874, 430.67884202422914, 22.160411392405067, 1.5822784810126582, 0.9367088607594937, 185.41772151898735
875, 430.41242251124345, 23.00451518987342, 2.569620253164557, 1.8227848101265822, 185.67088607594937
876, 430.14600299825776, 21.951336708860754, 1.4430379746835442, 0.8481012658227848, 184.40506329113924
877, 429.87958348527206, 22.616596202531653, 2.2658227848101267, 1.7468354430379747, 183.45569620253164
878, 429.6131639722864, 21.98950506329113, 1.6582278481012658, 1.1772151898734178, 182.48101265822785
879, 429.3467444593007, 21.640702531645562, 1.5822784810126582, 0.9240506329113924, 180.9240506329114
880, 429.08032494631493, 21.79779746835442, 1.7721518987341771, 1.139240506329114, 180.69620253164558
881, 428.8139054333293, 21.445677215189875, 1.5822784810126582, 0.9113924050632911, 179.27848101265823
882, 428.54748592034355, 21.447470886075955, 1.4936708860759493, 0.9620253164556962, 179.26582278481013
883, 428.2810664073579, 21.659250632911398, 1.7974683544303798, 1.2025316455696202, 179.08860759493672
884, 428.01464689437216, 21.759263291139245, 1.9240506329113924, 1.379746835443038, 178.72151898734177
885, 427.74822738138647, 21.796136708860764, 2.3037974683544302, 1.4556962025316456, 177.65822784810126
886, 427.4818078684008, 21.248675949367097, 1.7215189873417722, 1.0506329113924051, 176.46835443037975
887, 427.2153883554151, 21.253032911392417, 1.8227848101265822, 1.139240506329114, 175.78481012658227
888, 426.9489688424294, 21.186064556962027, 1.759493670886076, 1.1139240506329113, 175.49367088607596
889, 426.6825493294437, 21.510981012658227, 2.2151898734177213, 1.518987341772152, 175.0632911392405
890, 426.416129816458, 20.967110126582277, 1.6835443037974684, 1.1139240506329113, 173.77215189873417
891, 426.14971030347226, 21.05969873417722, 1.8734177215189873, 1.3544303797468353, 172.84810126582278
892, 425.8832907904866, 21.18340379746836, 2.037974683544304, 1.4936708860759493, 172.78481012658227
893, 425.6168712775009, 21.077127848101277, 2.0126582278481013, 1.5443037974683544, 171.65822784810126
894, 425.35045176451524, 20.56662025316456, 1.518987341772152, 1.0759493670886076, 170.8860759493671
895, 425.0840322515295, 20.59998607594937, 2.1645569620253164, 1.0253164556962024, 169.74683544303798
896, 424.8176127385438, 20.528091139240516, 2.1265822784810124, 1.1139240506329113, 168.7594936708861
897, 424.5511932255581, 21.035094936708866, 2.721518987341772, 1.6329113924050633, 168.9746835443038
898, 424.2847737125724, 20.645720253164555, 2.2911392405063293, 1.4050632911392404, 167.86075949367088
899, 424.0183541995867, 20.024959493670885, 1.7974683544303798, 0.9873417721518988, 165.86075949367088
900, 423.751934686601, 19.788460759493677, 1.5949367088607596, 0.8227848101265823, 165.16455696202533
901, 423.48551517361534, 20.09844556962026, 2.2531645569620253, 1.2025316455696202, 164.20253164556962
902, 423.2190956606296, 19.75129746835444, 1.8354430379746836, 1.1139240506329113, 162.70886075949366
903, 422.95267614764396, 19.53068481012658, 1.759493670886076, 1.1012658227848102, 161.0379746835443
904, 422.6862566346582, 19.53512658227848, 1.8987341772151898, 1.2911392405063291, 159.73417721518987
905, 422.4198371216726, 19.510035443037975, 2.050632911392405, 1.3037974683544304, 159.0506329113924
906, 422.1534176086868, 19.309435443037987, 1.8481012658227849, 1.4683544303797469, 156.9746835443038
907, 421.88699809570113, 19.00587848101266, 1.9746835443037976, 1.1645569620253164, 155.54430379746836
908, 421.62057858271544, 18.498489873417725, 1.5569620253164558, 0.9873417721518988, 153.1012658227848
909, 421.35415906972975, 18.747250632911392, 2.050632911392405, 1.2531645569620253, 152.62025316455697
910, 421.08773955674405, 18.92647088607595, 2.3797468354430378, 1.5949367088607596, 151.56962025316454
911, 420.8213200437583, 18.11286962025317, 1.6835443037974684, 0.9493670886075949, 149.58227848101265
912, 420.55490053077267, 18.101516455696203, 1.7974683544303798, 1.1645569620253164, 148.0759493670886
913, 420.2884810177869, 18.101591139240508, 2.3164556962025316, 1.1265822784810127, 146.91139240506328
914, 420.0220615048013, 17.79461392405063, 2.088607594936709, 0.9113924050632911, 145.9240506329114
915, 419.75564199181554, 18.314518987341778, 2.911392405063291, 1.4936708860759493, 145.32911392405063
916, 419.48922247882984, 17.42867721518987, 1.8354430379746836, 0.8987341772151899, 143.44303797468353
917, 419.22280296584415, 17.994367088607607, 2.7848101265822787, 1.3544303797468353, 143.56962025316454
918, 418.95638345285846, 17.67141518987343, 2.430379746835443, 1.1518987341772151, 142.70886075949366
919, 418.68996393987277, 17.122387341772153, 1.9493670886075949, 0.9113924050632911, 140.39240506329114
920, 418.4235444268871, 16.979043037974687, 1.8481012658227849, 1.0506329113924051, 138.68354430379748
921, 418.1571249139014, 17.229440506329112, 2.3037974683544302, 1.3164556962025316, 138.31645569620252
922, 417.89070540091564, 16.989306329113933, 2.1265822784810124, 1.3417721518987342, 136.54430379746836
923, 417.62428588793, 16.518872151898737, 1.9113924050632911, 1.0506329113924051, 134.48101265822785
924, 417.35786637494425, 16.314944303797475, 1.6962025316455696, 0.9873417721518988, 133.58227848101265
925, 417.0914468619586, 16.342810126582275, 2.278481012658228, 0.9620253164556962, 132.43037974683546
926, 416.82502734897287, 16.264475949367093, 2.2025316455696204, 1.0, 131.74683544303798
927, 416.5586078359872, 16.307475949367085, 2.8354430379746836, 0.9746835443037974, 130.59493670886076
928, 416.2921883230015, 15.797101265822779, 2.4050632911392404, 0.759493670886076, 128.35443037974684
929, 416.0257688100158, 16.33740126582279, 3.0759493670886076, 1.3924050632911393, 128.0759493670886
930, 415.7593492970301, 15.760698734177215, 2.632911392405063, 1.0632911392405062, 125.87341772151899
931, 415.4929297840444, 16.10340759493671, 3.392405063291139, 1.4177215189873418, 125.0632911392405
932, 415.2265102710587, 15.575889873417726, 3.0, 1.139240506329114, 122.89873417721519
933, 414.96009075807297, 16.145653164556954, 4.987341772151899, 1.240506329113924, 122.16455696202532
