Extraction [ img/s4/seq3/1.jpg ] effectuee 2026-06-04 17:32:15.871780
Calibration: -0.2664195129856975*x + 663.5294963737288 [largueur 2619 + 934]

pixel, longueur d'onde, intensite, r, g, b
0, 663.5294963737288, 84.10289652173913, 170.94782608695652, 43.391304347826086, 66.10434782608695
1, 663.263076860743, 84.41879043478265, 172.09565217391304, 43.19130434782609, 66.89565217391305
2, 662.9966573477574, 84.56949652173915, 172.2521739130435, 43.356521739130436, 66.95652173913044
3, 662.7302378347716, 85.4113904347826, 173.4, 44.00869565217391, 67.97391304347826
4, 662.463818321786, 85.85695565217388, 173.9217391304348, 44.426086956521736, 68.36521739130434
5, 662.1973988088002, 86.3361634782609, 175.75652173913045, 44.08695652173913, 69.50434782608696
6, 661.9309792958146, 86.02191913043478, 175.50434782608696, 43.73913043478261, 69.2
7, 661.6645597828289, 86.76802434782607, 177.0608695652174, 43.99130434782609, 70.36521739130434
8, 661.3981402698432, 86.7645817391304, 177.05217391304348, 44.0, 70.31304347826087
9, 661.1317207568575, 87.40667913043477, 178.33913043478262, 44.15652173913043, 71.76521739130435
10, 660.8653012438718, 86.50648086956515, 177.45217391304348, 43.243478260869566, 70.89565217391305
11, 660.5988817308861, 87.21689739130434, 179.54782608695652, 43.11304347826087, 72.30434782608695
12, 660.3324622179003, 87.62196173913041, 179.94782608695652, 43.52173913043478, 72.70434782608696
13, 660.0660427049147, 88.4234234782609, 182.02608695652174, 43.51304347826087, 74.33043478260869
14, 659.799623191929, 88.62065652173908, 182.2173913043478, 43.70434782608696, 74.57391304347826
15, 659.5332036789433, 89.42661652173915, 184.26956521739132, 43.66086956521739, 76.48695652173913
16, 659.2667841659576, 89.56397739130432, 184.4, 43.791304347826085, 76.67826086956522
17, 659.0003646529719, 89.6377139130435, 185.2086956521739, 43.356521739130436, 77.44347826086957
18, 658.7339451399862, 90.0855817391304, 185.66086956521738, 43.791304347826085, 77.94782608695652
19, 658.4675256270006, 90.72194956521737, 187.11304347826086, 43.91304347826087, 79.09565217391304
20, 658.2011061140148, 90.19404608695659, 186.75652173913045, 43.2695652173913, 78.71304347826087
21, 657.9346866010292, 90.83719478260872, 188.9217391304348, 42.97391304347826, 80.2
22, 657.6682670880434, 91.03744260869566, 189.22608695652173, 43.10434782608696, 80.48695652173913
23, 657.4018475750577, 90.9945017391304, 189.50434782608696, 42.8, 80.94782608695652
24, 657.135428062072, 91.26404, 189.77391304347827, 43.06956521739131, 81.21739130434783
25, 656.8690085490863, 91.92484608695653, 191.71304347826086, 42.947826086956525, 82.55652173913043
26, 656.6025890361007, 91.96202260869563, 191.77391304347827, 42.95652173913044, 82.67826086956522
27, 656.3361695231149, 91.61711913043476, 192.2, 42.0, 83.4608695652174
28, 656.0697500101293, 91.69720695652177, 192.27826086956523, 42.06956521739131, 83.6
29, 655.8033304971435, 92.61860260869572, 194.3217391304348, 42.321739130434786, 85.02608695652174
30, 655.5369109841579, 93.25515652173911, 194.95652173913044, 42.947826086956525, 85.72173913043478
31, 655.2704914711721, 93.06851913043481, 195.59130434782608, 42.208695652173915, 86.22608695652174
32, 655.0040719581864, 92.3346608695652, 194.8695652173913, 41.469565217391306, 85.48695652173913
33, 654.7376524452008, 93.28713652173914, 196.54782608695652, 41.982608695652175, 86.8
34, 654.471232932215, 92.91440000000006, 196.17391304347825, 41.61739130434783, 86.3913043478261
35, 654.2048134192294, 93.38713391304347, 197.0086956521739, 41.86086956521739, 87.09565217391304
36, 653.9383939062436, 93.61677478260864, 197.29565217391306, 42.04347826086956, 87.41739130434783
37, 653.671974393258, 94.26912260869564, 198.77391304347827, 42.12173913043478, 88.86086956521739
38, 653.4055548802722, 93.77804782608695, 198.30434782608697, 41.608695652173914, 88.42608695652174
39, 653.1391353672866, 94.04673043478265, 199.1304347826087, 41.54782608695652, 88.9304347826087
40, 652.8727158543008, 94.14534695652176, 199.22608695652173, 41.643478260869564, 89.05217391304348
41, 652.6062963413152, 94.41700173913041, 200.24347826086955, 41.426086956521736, 89.88695652173914
42, 652.3398768283295, 94.57350782608692, 200.4, 41.582608695652176, 90.04347826086956
43, 652.0734573153437, 94.3717086956522, 201.34782608695653, 40.68695652173913, 90.4
44, 651.8070378023581, 94.75824434782606, 201.73043478260868, 41.06956521739131, 90.81739130434782
45, 651.5406182893723, 94.76414, 202.94782608695652, 40.30434782608695, 91.61739130434782
46, 651.2741987763867, 94.47607304347827, 202.66086956521738, 40.00869565217391, 91.36521739130434
47, 651.007779263401, 94.99836434782614, 204.09565217391304, 39.96521739130435, 92.40869565217392
48, 650.7413597504153, 95.06792260869562, 204.16521739130434, 40.03478260869565, 92.47826086956522
49, 650.4749402374296, 95.40738347826088, 205.55652173913043, 39.73913043478261, 93.33043478260869
50, 650.2085207244439, 95.47694173913045, 205.62608695652173, 39.80869565217391, 93.4
51, 649.9421012114582, 95.4594991304348, 206.05217391304348, 39.51304347826087, 93.65217391304348
52, 649.6756816984725, 95.53418869565218, 206.28695652173914, 39.48695652173913, 93.82608695652173
53, 649.4092621854868, 95.64926, 208.0086956521739, 38.608695652173914, 94.84347826086956
54, 649.142842672501, 94.90258086956518, 207.40869565217392, 37.77391304347826, 94.16521739130435
55, 648.8764231595154, 94.96106173913041, 207.81739130434784, 37.643478260869564, 94.27826086956522
56, 648.6100036465297, 95.01597739130433, 207.87826086956522, 37.70434782608696, 94.28695652173913
57, 648.343584133544, 95.48369043478255, 209.09565217391304, 37.74782608695652, 94.97391304347826
58, 648.0771646205583, 95.25106173913039, 208.8608695652174, 37.52173913043478, 94.71304347826087
59, 647.8107451075726, 95.28370608695654, 209.80869565217392, 37.12173913043478, 94.57391304347826
60, 647.5443255945869, 95.11278434782606, 209.63478260869564, 36.947826086956525, 94.42608695652174
61, 647.2779060816013, 95.31710000000002, 210.7391304347826, 36.721739130434784, 94.48695652173913
62, 647.0114865686155, 94.98669826086956, 210.40869565217392, 36.391304347826086, 94.15652173913044
63, 646.7450670556299, 95.6260347826087, 212.0, 36.573913043478264, 94.65217391304348
64, 646.4786475426441, 94.45223913043476, 210.82608695652175, 35.4, 93.47826086956522
65, 646.2122280296584, 94.92392260869566, 212.16521739130434, 35.46086956521739, 93.79130434782608
66, 645.9458085166727, 95.46772869565223, 212.71304347826086, 36.00869565217391, 94.30434782608695
67, 645.679389003687, 95.69183913043474, 213.2608695652174, 36.06086956521739, 94.56521739130434
68, 645.4129694907014, 95.69488173913044, 213.26956521739132, 36.08695652173913, 94.43478260869566
69, 645.1465499777156, 95.79030695652173, 214.23478260869564, 35.80869565217391, 94.17391304347827
70, 644.88013046473, 95.28966869565218, 213.7478260869565, 35.3304347826087, 93.52173913043478
71, 644.6137109517442, 95.84170434782612, 214.6086956521739, 35.756521739130434, 93.91304347826087
72, 644.3472914387586, 95.46599391304348, 214.23478260869564, 35.391304347826086, 93.47826086956522
73, 644.0808719257728, 96.26205217391303, 215.91304347826087, 35.8, 93.95652173913044
74, 643.8144524127872, 96.00296434782612, 215.66086956521738, 35.54782608695652, 93.64347826086957
75, 643.5480328998015, 96.51066173913043, 216.8608695652174, 35.8, 93.65217391304348
76, 643.2816133868157, 96.47404782608697, 216.82608695652175, 35.77391304347826, 93.55652173913043
77, 643.0151938738301, 96.78732695652177, 218.12173913043478, 35.678260869565214, 93.4
78, 642.7487743608443, 96.39720086956522, 217.73043478260868, 35.29565217391304, 92.97391304347826
79, 642.4823548478587, 96.90895739130434, 219.29565217391306, 35.31304347826087, 93.2695652173913
80, 642.2159353348729, 96.64268869565223, 219.02608695652174, 35.06086956521739, 92.93913043478261
81, 641.9495158218873, 96.70079043478259, 220.0086956521739, 34.7304347826087, 92.57391304347826
82, 641.6830963089016, 96.46404869565217, 219.77391304347827, 34.495652173913044, 92.32173913043478
83, 641.4166767959159, 96.67649043478256, 220.31304347826088, 34.53913043478261, 92.54782608695652
84, 641.1502572829302, 96.73348347826085, 220.4695652173913, 34.55652173913043, 92.54782608695652
85, 640.8838377699444, 96.98013043478261, 222.2608695652174, 34.130434782608695, 92.20869565217392
86, 640.6174182569588, 96.6598452173913, 222.0695652173913, 33.756521739130434, 91.82608695652173
87, 640.350998743973, 97.24052608695654, 223.08695652173913, 34.165217391304346, 92.14782608695653
88, 640.0845792309874, 96.98280434782608, 222.82608695652175, 33.91304347826087, 91.8695652173913
89, 639.8181597180017, 97.0015591304348, 223.71304347826086, 33.59130434782609, 91.36521739130434
90, 639.551740205016, 96.94740782608694, 223.66086956521738, 33.53913043478261, 91.29565217391304
91, 639.2853206920303, 97.2286286956522, 224.84347826086957, 33.48695652173913, 90.9304347826087
92, 639.0189011790446, 97.17363391304349, 224.7913043478261, 33.44347826086957, 90.80869565217391
93, 638.7524816660589, 97.16010086956518, 225.68695652173912, 33.052173913043475, 90.35652173913043
94, 638.4860621530732, 96.72466608695652, 225.2521739130435, 32.63478260869565, 89.82608695652173
95, 638.2196426400875, 97.52607304347823, 226.83478260869566, 33.17391304347826, 89.9304347826087
96, 637.9532231271018, 96.6053382608696, 225.9217391304348, 32.2695652173913, 88.90434782608696
97, 637.6868036141161, 97.664172173913, 227.84347826086957, 33.00869565217391, 89.34782608695652
98, 637.4203841011304, 97.67462260869563, 227.8608695652174, 33.02608695652174, 89.30434782608695
99, 637.1539645881447, 98.6217417391304, 229.19130434782608, 33.8, 90.13913043478261
100, 636.887545075159, 98.57934260869564, 229.18260869565216, 33.791304347826085, 89.83478260869565
101, 636.6211255621733, 98.85334260869558, 229.96521739130435, 33.99130434782609, 89.15652173913044
102, 636.3547060491876, 98.72895217391303, 229.8695652173913, 33.89565217391304, 88.80869565217391
103, 636.088286536202, 99.8176808695652, 231.19130434782608, 34.93043478260869, 89.56521739130434
104, 635.8218670232162, 99.71104, 231.0782608695652, 34.84347826086957, 89.37391304347825
105, 635.5554475102306, 100.34296782608692, 232.23478260869564, 35.29565217391304, 89.55652173913043
106, 635.2890279972448, 99.9478852173913, 231.84347826086957, 34.91304347826087, 89.08695652173913
107, 635.0226084842591, 100.654572173913, 233.3217391304348, 35.3304347826087, 89.26086956521739
108, 634.7561889712734, 100.47685913043479, 233.1478260869565, 35.165217391304346, 89.00869565217391
109, 634.4897694582877, 101.15834956521739, 234.6782608695652, 35.573913043478264, 88.8695652173913
110, 634.2233499453021, 101.15505478260867, 234.6695652173913, 35.59130434782609, 88.77391304347826
111, 633.9569304323163, 101.36931652173911, 235.7913043478261, 35.469565217391306, 88.3391304347826
112, 633.6905109193307, 101.27756000000005, 235.70434782608694, 35.391304347826086, 88.16521739130435
113, 633.4240914063449, 101.5435173913044, 236.47826086956522, 35.504347826086956, 87.88695652173914
114, 633.1576718933593, 101.34665913043476, 236.27826086956523, 35.31304347826087, 87.66956521739131
115, 632.8912523803735, 102.2020895652174, 237.45217391304348, 36.06956521739131, 88.2
116, 632.6248328673878, 101.8751608695652, 237.2608695652174, 35.71304347826087, 87.66956521739131
117, 632.3584133544022, 102.39843391304346, 239.4, 35.530434782608694, 87.59130434782608
118, 632.0919938414164, 102.0772252173913, 239.1391304347826, 35.21739130434783, 87.0695652173913
119, 631.8255743284308, 102.95614347826087, 240.2173913043478, 36.12173913043478, 87.29565217391304
120, 631.559154815445, 102.63908695652178, 239.91304347826087, 35.82608695652174, 86.83478260869565
121, 631.2927353024594, 103.43604869565216, 241.42608695652174, 36.45217391304348, 86.63478260869566
122, 631.0263157894736, 103.66830608695659, 241.63478260869564, 36.76521739130435, 86.51304347826087
123, 630.759896276488, 104.29449478260865, 243.05217391304348, 37.19130434782609, 86.09565217391304
124, 630.4934767635023, 104.49647565217391, 243.24347826086955, 37.48695652173913, 85.84347826086956
125, 630.2270572505166, 105.12371304347829, 244.95652173913044, 37.791304347826085, 85.28695652173913
126, 629.9606377375309, 104.75688869565218, 244.59130434782608, 37.504347826086956, 84.50434782608696
127, 629.6942182245452, 105.55042521739131, 246.35652173913044, 38.04347826086956, 84.06086956521739
128, 629.4277987115595, 105.5388008695652, 246.42608695652174, 38.06086956521739, 83.68695652173913
129, 629.1613791985737, 106.15234521739126, 247.9391304347826, 38.45217391304348, 83.08695652173913
130, 628.8949596855881, 106.0908147826087, 247.8521739130435, 38.46086956521739, 82.7304347826087
131, 628.6285401726024, 106.92743999999992, 249.0782608695652, 39.23478260869565, 82.8695652173913
132, 628.3621206596167, 107.08196086956522, 249.2608695652174, 39.573913043478264, 82.0
133, 628.095701146631, 107.66733826086956, 250.5304347826087, 39.96521739130435, 81.79130434782608
134, 627.8292816336453, 108.32576695652176, 251.2, 40.8, 81.51304347826087
135, 627.5628621206596, 108.6552086956521, 251.3913043478261, 41.30434782608695, 81.30434782608695
136, 627.296442607674, 108.44316086956523, 251.2608695652174, 41.095652173913045, 80.86086956521739
137, 627.0300230946882, 109.33056086956525, 251.95652173913044, 42.28695652173913, 80.68695652173913
138, 626.7636035817025, 109.13058608695653, 251.87826086956522, 42.10434782608696, 80.07826086956521
139, 626.4971840687168, 109.35584260869562, 252.0086956521739, 42.56521739130435, 79.3391304347826
140, 626.2307645557311, 109.53972260869566, 252.0782608695652, 42.88695652173913, 79.11304347826086
141, 625.9643450427454, 109.98536434782605, 252.26956521739132, 43.69565217391305, 78.35652173913043
142, 625.6979255297597, 109.64934173913049, 252.1478260869565, 43.3304347826087, 77.6086956521739
143, 625.431506016774, 110.48111478260877, 252.6782608695652, 44.504347826086956, 77.4695652173913
144, 625.1650865037883, 110.75849391304351, 252.97391304347826, 44.834782608695654, 77.42608695652174
145, 624.8986669908027, 111.32796347826086, 253.23478260869564, 45.756521739130434, 76.99130434782609
146, 624.6322474778169, 111.89699652173906, 253.51304347826087, 46.52173913043478, 77.31304347826087
147, 624.3658279648313, 112.70691478260862, 254.15652173913043, 47.51304347826087, 77.62608695652175
148, 624.0994084518455, 113.04685913043474, 254.19130434782608, 48.12173913043478, 77.38260869565218
149, 623.8329889388598, 113.90322956521746, 254.57391304347826, 49.43478260869565, 77.1304347826087
150, 623.5665694258741, 114.06552695652174, 254.55652173913043, 49.78260869565217, 76.80869565217391
151, 623.3001499128884, 114.57683304347829, 254.8, 50.504347826086956, 76.93913043478261
152, 623.0337303999028, 114.56651913043478, 254.72173913043477, 50.573913043478264, 76.69565217391305
153, 622.767310886917, 115.1469704347826, 254.81739130434784, 51.54782608695652, 76.52173913043478
154, 622.5008913739314, 114.9561895652174, 254.88695652173914, 51.34782608695652, 75.69565217391305
155, 622.2344718609456, 115.78357739130426, 254.9217391304348, 52.756521739130434, 75.6086956521739
156, 621.96805234796, 115.73418869565205, 254.89565217391305, 52.81739130434783, 74.9304347826087
157, 621.7016328349742, 116.46294956521737, 254.8521739130435, 54.17391304347826, 74.45217391304348
158, 621.4352133219886, 116.41783217391301, 254.80869565217392, 54.208695652173915, 73.99130434782609
159, 621.1687938090029, 117.11379391304347, 254.84347826086957, 55.40869565217391, 73.82608695652173
160, 620.9023742960171, 116.90261999999996, 254.84347826086957, 55.17391304347826, 73.18260869565218
161, 620.6359547830315, 117.54722869565217, 254.9304347826087, 56.22608695652174, 73.19130434782609
162, 620.3695352700457, 117.62833565217393, 254.90434782608696, 56.38260869565217, 73.16521739130435
163, 620.1031157570601, 118.0589104347826, 254.89565217391305, 57.13913043478261, 73.0695652173913
164, 619.8366962440743, 118.16059739130436, 254.89565217391305, 57.34782608695652, 72.88695652173914
165, 619.5702767310887, 118.39589913043481, 254.9217391304348, 57.84347826086957, 72.33043478260869
166, 619.303857218103, 118.63484173913048, 254.97391304347826, 58.2695652173913, 72.09565217391304
167, 619.0374377051173, 119.06575478260875, 254.88695652173914, 59.13913043478261, 71.62608695652175
168, 618.7710181921316, 119.36926956521744, 254.95652173913044, 59.61739130434783, 71.64347826086957
169, 618.5045986791458, 119.73120260869558, 254.9304347826087, 60.37391304347826, 70.99130434782609
170, 618.2381791661602, 119.99202260869563, 254.9913043478261, 60.82608695652174, 70.79130434782608
171, 617.9717596531744, 120.5356504347826, 254.97391304347826, 61.91304347826087, 70.00869565217391
172, 617.7053401401888, 120.56231478260862, 254.9391304347826, 62.052173913043475, 69.61739130434782
173, 617.4389206272031, 121.22122260869564, 254.90434782608696, 63.28695652173913, 69.1304347826087
174, 617.1725011142174, 121.5077913043478, 254.95652173913044, 63.77391304347826, 69.0
175, 616.9060816012317, 121.90297826086956, 254.91304347826087, 64.63478260869566, 68.14782608695653
176, 616.639662088246, 122.2887539130435, 254.98260869565217, 65.28695652173913, 67.99130434782609
177, 616.3732425752603, 122.35749304347831, 254.89565217391305, 65.66956521739131, 66.85217391304347
178, 616.1068230622747, 122.41696869565219, 254.9217391304348, 65.85217391304347, 66.36521739130434
179, 615.8404035492889, 122.70340695652173, 254.88695652173914, 66.4608695652174, 65.83478260869565
180, 615.5739840363033, 122.88253478260869, 254.82608695652175, 66.9304347826087, 65.14782608695653
181, 615.3075645233175, 123.80535217391302, 254.91304347826087, 68.48695652173913, 65.0
182, 615.0411450103318, 123.72458173913043, 254.96521739130435, 68.59130434782608, 63.61739130434783
183, 614.7747254973461, 124.2352078260869, 254.96521739130435, 69.5304347826087, 63.26086956521739
184, 614.5083059843604, 124.44875478260865, 254.97391304347826, 70.04347826086956, 62.469565217391306
185, 614.2418864713748, 125.25016608695651, 254.94782608695652, 71.4608695652174, 62.2695652173913
186, 613.975466958389, 125.14167391304352, 254.91304347826087, 71.52173913043478, 61.095652173913045
187, 613.7090474454034, 125.81550956521745, 254.90434782608696, 72.82608695652173, 60.31304347826087
188, 613.4426279324176, 126.24814695652178, 254.96521739130435, 73.5304347826087, 60.321739130434786
189, 613.176208419432, 127.00325913043487, 254.97391304347826, 74.87826086956522, 59.982608695652175
190, 612.9097889064462, 127.07092086956528, 254.96521739130435, 75.10434782608695, 59.43478260869565
191, 612.6433693934605, 127.7886730434783, 254.9217391304348, 76.51304347826087, 58.59130434782609
192, 612.3769498804749, 128.025467826087, 254.97391304347826, 77.10434782608695, 57.48695652173913
193, 612.1105303674891, 128.97758000000007, 254.98260869565217, 78.66956521739131, 57.756521739130434
194, 611.8441108545035, 129.12869913043485, 254.9217391304348, 79.18260869565218, 56.6
195, 611.5776913415177, 129.82951304347822, 254.95652173913044, 80.43478260869566, 56.208695652173915
196, 611.3112718285321, 130.25411913043473, 254.98260869565217, 81.27826086956522, 55.52173913043478
197, 611.0448523155463, 130.7828591304347, 254.97391304347826, 82.2695652173913, 55.07826086956522
198, 610.7784328025607, 131.2816434782608, 254.95652173913044, 83.22608695652174, 54.573913043478264
199, 610.512013289575, 131.84209826086962, 254.9304347826087, 84.34782608695652, 53.78260869565217
200, 610.2455937765892, 132.0918547826087, 254.9304347826087, 84.8695652173913, 53.28695652173913
201, 609.9791742636036, 132.864652173913, 254.95652173913044, 86.25217391304348, 52.87826086956522
202, 609.7127547506178, 133.34332956521732, 254.96521739130435, 87.2, 52.17391304347826
203, 609.4463352376322, 133.88923478260867, 254.8695652173913, 88.3391304347826, 51.34782608695652
204, 609.1799157246464, 134.03508434782614, 254.89565217391305, 88.70434782608696, 50.678260869565214
205, 608.9134962116608, 135.0119191304348, 254.98260869565217, 90.34782608695652, 50.55652173913043
206, 608.647076698675, 135.34342782608695, 254.9391304347826, 91.07826086956521, 49.81739130434783
207, 608.3806571856894, 136.15116608695658, 254.94782608695652, 92.54782608695652, 49.31304347826087
208, 608.1142376727037, 136.6824660869566, 254.9913043478261, 93.5304347826087, 48.8
209, 607.847818159718, 137.38904000000014, 254.9913043478261, 94.8, 48.46086956521739
210, 607.5813986467323, 137.8065147826087, 254.9391304347826, 95.6086956521739, 48.095652173913045
211, 607.3149791337466, 138.56622347826092, 254.98260869565217, 96.96521739130435, 47.66086956521739
212, 607.0485596207609, 138.69036086956527, 254.91304347826087, 97.44347826086957, 46.469565217391306
213, 606.7821401077751, 139.81722869565226, 254.9304347826087, 99.3391304347826, 46.54782608695652
214, 606.5157205947895, 140.1608104347826, 254.9391304347826, 100.09565217391304, 45.643478260869564
215, 606.2493010818038, 140.8229739130435, 254.95652173913044, 101.30434782608695, 45.18260869565217
216, 605.9828815688181, 141.25170000000003, 255.0, 102.02608695652174, 45.11304347826087
217, 605.7164620558324, 142.36036347826087, 254.97391304347826, 103.96521739130435, 44.92173913043478
218, 605.4500425428467, 142.3331765217391, 254.9304347826087, 104.12173913043478, 43.99130434782609
219, 605.183623029861, 143.46402434782607, 254.97391304347826, 106.02608695652174, 43.99130434782609
220, 604.9172035168754, 144.20502347826084, 254.98260869565217, 107.24347826086957, 44.2
221, 604.6507840038896, 145.02340956521724, 254.94782608695652, 108.70434782608696, 43.947826086956525
222, 604.3843644909039, 145.4778869565217, 254.8695652173913, 109.58260869565217, 43.61739130434783
223, 604.1179449779182, 146.76166347826083, 254.9304347826087, 111.72173913043478, 43.70434782608696
224, 603.8515254649325, 147.46923999999999, 254.9913043478261, 112.91304347826087, 43.61739130434783
225, 603.5851059519468, 147.95671913043472, 254.89565217391305, 113.93913043478261, 42.86086956521739
226, 603.3186864389611, 148.57408956521724, 254.9304347826087, 114.94782608695652, 42.99130434782609
227, 603.0522669259755, 149.55502260869562, 254.9913043478261, 116.59130434782608, 42.97391304347826
228, 602.7858474129897, 149.6306973913043, 254.9391304347826, 116.88695652173914, 42.25217391304348
229, 602.5194279000041, 150.97482434782611, 254.97391304347826, 119.0695652173913, 42.71304347826087
230, 602.2530083870183, 151.11630434782612, 254.95652173913044, 119.41739130434783, 42.208695652173915
231, 601.9865888740327, 151.84101304347814, 254.91304347826087, 120.65217391304348, 42.321739130434786
232, 601.7201693610469, 152.40425826086963, 254.98260869565217, 121.5391304347826, 42.51304347826087
233, 601.4537498480612, 153.51390956521746, 254.9913043478261, 123.3913043478261, 42.68695652173913
234, 601.1873303350756, 154.37942434782616, 254.97391304347826, 124.8695652173913, 42.71304347826087
235, 600.9209108220898, 155.20312782608687, 254.98260869565217, 126.28695652173913, 42.61739130434783
236, 600.6544913091042, 155.83001826086962, 254.94782608695652, 127.50434782608696, 41.93913043478261
237, 600.3880717961184, 156.87811130434793, 254.97391304347826, 129.27826086956523, 41.93043478260869
238, 600.1216522831328, 157.52015304347822, 254.9913043478261, 130.4695652173913, 41.38260869565217
239, 599.855232770147, 158.40657217391308, 254.97391304347826, 132.0695652173913, 40.96521739130435
240, 599.5888132571614, 158.8816156521739, 254.97391304347826, 132.95652173913044, 40.56521739130435
241, 599.3223937441757, 159.8199460869565, 254.88695652173914, 134.63478260869564, 40.38260869565217
242, 599.05597423119, 160.55014608695654, 254.97391304347826, 135.76521739130436, 40.73913043478261
243, 598.7895547182043, 161.3039026086957, 254.97391304347826, 137.0695652173913, 40.63478260869565
244, 598.5231352052185, 162.04044608695656, 254.9304347826087, 138.41739130434783, 40.2695652173913
245, 598.2567156922329, 162.88528521739133, 254.97391304347826, 140.0, 39.417391304347824
246, 597.9902961792471, 163.49143739130432, 254.9304347826087, 141.2, 38.6695652173913
247, 597.7238766662615, 164.58053826086953, 254.96521739130435, 143.01739130434783, 38.77391304347826
248, 597.4574571532758, 165.81472695652167, 254.9913043478261, 145.0086956521739, 39.278260869565216
249, 597.1910376402901, 166.83002347826087, 254.98260869565217, 146.7478260869565, 39.25217391304348
250, 596.9246181273044, 167.50318869565209, 254.98260869565217, 148.03478260869565, 38.530434782608694
251, 596.6581986143187, 168.4135869565219, 255.0, 149.61739130434782, 38.321739130434786
252, 596.391779101333, 169.1457469565218, 254.96521739130435, 150.90434782608696, 38.208695652173915
253, 596.1253595883472, 170.03428260869555, 255.0, 152.4695652173913, 37.85217391304348
254, 595.8589400753616, 170.3467113043477, 254.97391304347826, 153.11304347826086, 37.34782608695652
255, 595.5925205623759, 171.176312173913, 254.96521739130435, 154.6, 36.99130434782609
256, 595.3261010493902, 171.2733026086957, 254.97391304347826, 154.90434782608696, 36.25217391304348
257, 595.0596815364045, 172.0872408695652, 254.98260869565217, 156.3304347826087, 36.02608695652174
258, 594.7932620234188, 172.2632182608696, 254.94782608695652, 156.7391304347826, 35.55652173913043
259, 594.5268425104331, 172.9955808695653, 254.97391304347826, 158.01739130434783, 35.3304347826087
260, 594.2604229974474, 173.2108791304348, 254.94782608695652, 158.48695652173913, 34.869565217391305
261, 593.9940034844617, 173.6794660869565, 254.90434782608696, 159.40869565217392, 34.34782608695652
262, 593.7275839714761, 174.02720782608685, 254.96521739130435, 160.01739130434783, 34.10434782608696
263, 593.4611644584903, 174.81607478260875, 254.9913043478261, 161.29565217391306, 34.37391304347826
264, 593.1947449455047, 175.28662260869564, 254.9913043478261, 162.03478260869565, 34.69565217391305
265, 592.9283254325189, 175.90518956521746, 254.97391304347826, 163.15652173913043, 34.391304347826086
266, 592.6619059195332, 176.22380434782605, 255.0, 163.71304347826086, 34.25217391304348
267, 592.3954864065475, 177.23217217391306, 254.97391304347826, 165.40869565217392, 34.43478260869565
268, 592.1290668935618, 177.51020695652193, 254.88695652173914, 165.97391304347826, 34.19130434782609
269, 591.8626473805762, 178.69428956521733, 254.9304347826087, 167.8608695652174, 34.74782608695652
270, 591.5962278675904, 178.9039617391304, 254.9913043478261, 168.27826086956523, 34.278260869565216
271, 591.3298083546048, 179.66027739130448, 254.96521739130435, 169.6086956521739, 34.130434782608695
272, 591.063388841619, 180.03900521739135, 254.9913043478261, 170.2608695652174, 34.02608695652174
273, 590.7969693286334, 180.8953026086957, 254.97391304347826, 171.72173913043477, 34.06086956521739
274, 590.5305498156476, 181.08999217391306, 254.94782608695652, 172.08695652173913, 33.95652173913044
275, 590.2641303026619, 181.78569391304345, 254.97391304347826, 173.19130434782608, 34.30434782608695
276, 589.9977107896763, 182.03237913043475, 254.9913043478261, 173.63478260869564, 34.13913043478261
277, 589.7312912766905, 182.64922956521744, 254.9217391304348, 174.75652173913045, 33.95652173913044
278, 589.4648717637049, 182.73378347826088, 254.94782608695652, 174.95652173913044, 33.6
279, 589.1984522507191, 183.6229817391305, 254.96521739130435, 176.4, 33.92173913043478
280, 588.9320327377335, 184.11879565217387, 255.0, 177.1391304347826, 34.37391304347826
281, 588.6656132247477, 184.85018782608697, 254.9913043478261, 178.3304347826087, 34.678260869565214
282, 588.3991937117621, 185.1507278260869, 254.98260869565217, 178.84347826086957, 34.69565217391305
283, 588.1327741987764, 186.1100391304347, 255.0, 180.50434782608696, 34.51304347826087
284, 587.8663546857906, 186.31690956521746, 254.9913043478261, 180.9304347826087, 34.15652173913043
285, 587.599935172805, 187.33899739130445, 254.98260869565217, 182.66086956521738, 34.23478260869565
286, 587.3335156598193, 187.08093652173918, 254.98260869565217, 182.40869565217392, 33.2695652173913
287, 587.0670961468336, 187.94516434782614, 254.96521739130435, 183.8695652173913, 33.37391304347826
288, 586.8006766338478, 188.04434608695647, 254.97391304347826, 184.0695652173913, 33.19130434782609
289, 586.5342571208622, 189.05130086956513, 254.9913043478261, 185.61739130434782, 34.00869565217391
290, 586.2678376078765, 189.0213199999999, 254.97391304347826, 185.61739130434782, 33.791304347826085
291, 586.0014180948908, 189.48194, 254.94782608695652, 186.34782608695653, 34.13913043478261
292, 585.7349985819051, 189.46290695652175, 254.9304347826087, 186.40869565217392, 33.70434782608696
293, 585.4685790689194, 190.23980521739134, 254.90434782608696, 187.6086956521739, 34.40869565217391
294, 585.2021595559337, 190.36808869565206, 254.9391304347826, 187.89565217391305, 33.96521739130435
295, 584.935740042948, 190.86899565217394, 254.91304347826087, 188.72173913043477, 34.17391304347826
296, 584.6693205299623, 190.90499739130433, 254.98260869565217, 188.8, 33.904347826086955
297, 584.4029010169766, 190.88043478260863, 254.95652173913044, 188.9217391304348, 33.130434782608695
298, 584.1364815039909, 190.9935382608694, 254.96521739130435, 189.18260869565216, 32.756521739130434
299, 583.8700619910052, 191.72806000000006, 254.96521739130435, 190.52173913043478, 32.30434782608695
300, 583.6036424780195, 191.8386869565217, 254.95652173913044, 190.82608695652175, 31.730434782608697
301, 583.3372229650338, 192.52762956521724, 254.9217391304348, 192.0782608695652, 31.417391304347827
302, 583.0708034520482, 192.61559043478246, 254.96521739130435, 192.34782608695653, 30.68695652173913
303, 582.8043839390624, 193.11863565217394, 254.94782608695652, 193.3217391304348, 30.130434782608695
304, 582.5379644260768, 193.1408704347827, 254.94782608695652, 193.52173913043478, 29.295652173913044
305, 582.271544913091, 193.73399826086955, 254.88695652173914, 194.6695652173913, 28.747826086956522
306, 582.0051254001053, 193.9421026086956, 254.97391304347826, 195.0608695652174, 28.330434782608695
307, 581.7387058871196, 194.40877217391292, 254.97391304347826, 195.9217391304348, 27.991304347826087
308, 581.4722863741339, 194.350075652174, 254.89565217391305, 196.0608695652174, 26.965217391304346
309, 581.2058668611483, 194.897175652174, 254.9391304347826, 197.15652173913043, 26.008695652173913
310, 580.9394473481625, 194.84637130434794, 254.98260869565217, 197.2521739130435, 24.956521739130434
311, 580.6730278351769, 195.32768347826075, 254.9913043478261, 198.12173913043478, 24.678260869565218
312, 580.4066083221911, 195.33582695652171, 254.94782608695652, 198.37391304347827, 23.565217391304348
313, 580.1401888092055, 195.843, 254.95652173913044, 199.36521739130436, 22.88695652173913
314, 579.8737692962197, 196.1719173913044, 254.91304347826087, 200.23478260869564, 21.408695652173915
315, 579.6073497832341, 196.77430260869565, 254.88695652173914, 201.37391304347827, 20.895652173913042
316, 579.3409302702484, 197.10272956521737, 254.7913043478261, 202.37391304347827, 18.878260869565217
317, 579.0745107572627, 197.5387252173913, 254.66086956521738, 203.37391304347827, 17.895652173913042
318, 578.808091244277, 197.61050260869573, 254.10434782608695, 204.2608695652174, 15.417391304347825
319, 578.5416717312912, 197.62514347826098, 253.52173913043478, 204.8695652173913, 13.939130434782609
320, 578.2752522183056, 197.489275652174, 251.9391304347826, 206.04347826086956, 10.852173913043478
321, 578.0088327053198, 197.9353226086956, 250.6, 207.66086956521738, 9.947826086956521
322, 577.7424131923342, 196.64464347826092, 247.04347826086956, 207.97391304347826, 6.339130434782609
323, 577.4759936793484, 196.1346591304349, 244.62608695652173, 208.58260869565217, 5.069565217391304
324, 577.2095741663628, 195.60167043478262, 241.29565217391306, 209.72173913043477, 3.260869565217391
325, 576.9431546533771, 195.10118608695652, 238.05217391304348, 210.66086956521738, 2.5391304347826087
326, 576.6767351403914, 195.02943826086957, 236.1391304347826, 211.6782608695652, 1.6869565217391305
327, 576.4103156274057, 195.0311591304346, 235.27826086956523, 212.10434782608695, 1.7652173913043478
328, 576.1438961144199, 194.78023130434772, 233.6, 212.56521739130434, 1.5913043478260869
329, 575.8774766014343, 195.0000991304348, 232.83478260869566, 213.29565217391306, 1.7652173913043478
330, 575.6110570884485, 194.76929043478256, 230.57391304347826, 214.10434782608695, 1.5043478260869565
331, 575.3446375754629, 194.79716260869557, 229.9391304347826, 214.42608695652174, 1.7565217391304349
332, 575.0782180624772, 194.11295391304355, 227.6782608695652, 214.51304347826087, 1.2347826086956522
333, 574.8117985494915, 194.6364530434783, 227.12173913043478, 215.55652173913043, 1.9130434782608696
334, 574.5453790365058, 193.6728399999999, 223.94782608695652, 215.6695652173913, 1.2
335, 574.2789595235201, 193.84964260869558, 222.61739130434782, 216.57391304347826, 1.5826086956521739
336, 574.0125400105344, 193.12106869565218, 219.22608695652173, 217.19130434782608, 0.9043478260869565
337, 573.7461204975486, 193.56515826086948, 217.98260869565217, 218.4695652173913, 1.4782608695652173
338, 573.479700984563, 193.47975826086957, 215.02608695652174, 219.88695652173914, 1.182608695652174
339, 573.2132814715774, 194.12050260869572, 215.1478260869565, 220.8, 1.7826086956521738
340, 572.9468619585916, 193.5843252173912, 212.05217391304348, 221.5304347826087, 1.434782608695652
341, 572.6804424456059, 193.58133826086944, 210.5304347826087, 222.27826086956523, 1.5478260869565217
342, 572.4140229326202, 192.89590347826092, 207.57391304347826, 222.68695652173912, 1.182608695652174
343, 572.1476034196345, 193.31237999999996, 207.59130434782608, 223.3217391304348, 1.5217391304347827
344, 571.8811839066489, 193.28432086956508, 204.96521739130435, 224.63478260869564, 1.4
345, 571.6147643936631, 193.21810869565212, 204.30434782608697, 224.89565217391305, 1.208695652173913
346, 571.3483448806775, 192.83745999999988, 201.66086956521738, 225.6, 1.173913043478261
347, 571.0819253676917, 193.23688695652166, 201.1304347826087, 226.40869565217392, 1.9043478260869566
348, 570.8155058547061, 192.62800608695642, 198.11304347826086, 227.02608695652174, 1.2956521739130435
349, 570.5490863417203, 192.6997930434782, 197.63478260869564, 227.29565217391306, 1.791304347826087
350, 570.2826668287346, 192.31843217391304, 194.4608695652174, 228.30434782608697, 1.5739130434782609
351, 570.016247315749, 192.07160521739124, 192.03478260869565, 229.03478260869565, 2.008695652173913
352, 569.7498278027632, 191.2123217391304, 187.91304347826087, 229.7913043478261, 1.382608695652174
353, 569.4834082897776, 191.661252173913, 185.65217391304347, 231.57391304347826, 2.0695652173913044
354, 569.2169887767918, 190.71242086956522, 181.35652173913044, 232.27826086956523, 1.382608695652174
355, 568.9505692638062, 190.44784956521733, 179.41739130434783, 232.7913043478261, 1.5043478260869565
356, 568.6841497508204, 189.2972252173913, 174.96521739130435, 233.18260869565216, 1.0695652173913044
357, 568.4177302378348, 188.8835130434782, 171.30434782608697, 234.2608695652174, 1.4869565217391305
358, 568.151310724849, 188.11204521739137, 167.2, 235.09565217391304, 1.182608695652174
359, 567.8848912118633, 186.99049739130444, 162.8521739130435, 235.30434782608697, 1.6695652173913043
360, 567.6184716988777, 186.17452260869567, 158.16521739130434, 236.41739130434783, 1.0695652173913044
361, 567.3520521858919, 184.82450956521737, 153.2521739130435, 236.56521739130434, 1.3478260869565217
362, 567.0856326729063, 183.60902260869574, 147.94782608695652, 237.27826086956523, 0.9217391304347826
363, 566.8192131599205, 182.2239617391305, 143.16521739130434, 237.26956521739132, 1.3565217391304347
364, 566.5527936469349, 181.46203391304348, 139.22608695652173, 238.03478260869565, 1.0608695652173914
365, 566.2863741339492, 181.03070260869572, 136.01739130434783, 238.75652173913045, 1.9739130434782608
366, 566.0199546209635, 179.74809217391314, 131.77391304347827, 238.8521739130435, 1.3565217391304347
367, 565.7535351079778, 178.72980782608687, 127.57391304347826, 239.09565217391304, 2.1826086956521737
368, 565.4871155949921, 177.2726947826087, 122.70434782608696, 239.23478260869564, 1.4521739130434783
369, 565.2206960820064, 175.61675652173912, 117.47826086956522, 239.0782608695652, 1.434782608695652
370, 564.9542765690207, 175.07834695652173, 113.6608695652174, 240.12173913043478, 1.3478260869565217
371, 564.687857056035, 174.15242173913043, 110.21739130434783, 240.2521739130435, 1.5826086956521739
372, 564.4214375430493, 172.5026434782608, 105.56521739130434, 239.9304347826087, 0.9652173913043478
373, 564.1550180300636, 171.61726173913047, 101.55652173913043, 240.31304347826088, 1.7391304347826086
374, 563.8885985170779, 169.93143565217392, 97.20869565217392, 239.80869565217392, 0.9478260869565217
375, 563.6221790040922, 169.08499391304343, 94.32173913043478, 239.6695652173913, 1.808695652173913
376, 563.3557594911065, 167.5370504347826, 89.66956521739131, 239.56521739130434, 0.9652173913043478
377, 563.0893399781208, 166.87605826086957, 86.02608695652174, 240.0782608695652, 2.0782608695652174
378, 562.8229204651351, 164.6352991304347, 80.57391304347826, 239.23478260869564, 1.0608695652173914
379, 562.5565009521495, 162.48946173913035, 75.64347826086957, 238.0086956521739, 1.4782608695652173
380, 562.2900814391637, 160.38321304347835, 70.73913043478261, 237.0782608695652, 0.6521739130434783
381, 562.023661926178, 160.16769565217393, 68.8695652173913, 237.50434782608696, 1.4695652173913043
382, 561.7572424131923, 158.91887478260867, 65.16521739130435, 237.33913043478262, 1.0782608695652174
383, 561.4908229002066, 158.29801999999992, 63.36521739130435, 236.95652173913044, 2.3217391304347825
384, 561.224403387221, 156.44167565217384, 58.80869565217391, 236.3304347826087, 1.208695652173913
385, 560.9579838742352, 155.44790086956525, 56.643478260869564, 235.65217391304347, 1.6608695652173913
386, 560.6915643612496, 154.25821739130438, 53.04347826086956, 235.55652173913043, 1.1565217391304348
387, 560.4251448482638, 153.52858869565222, 51.504347826086956, 235.03478260869565, 1.4782608695652173
388, 560.1587253352782, 152.4878973913043, 48.243478260869566, 235.0, 1.0782608695652174
389, 559.8923058222924, 152.034692173913, 46.99130434782609, 234.73043478260868, 1.7739130434782608
390, 559.6258863093067, 150.99616521739125, 44.52173913043478, 234.3217391304348, 1.2434782608695651
391, 559.359466796321, 150.83570521739134, 43.469565217391306, 234.4608695652174, 1.8782608695652174
392, 559.0930472833353, 149.78773565217395, 41.165217391304346, 233.97391304347826, 1.2347826086956522
393, 558.8266277703497, 148.85981391304347, 39.426086956521736, 233.23478260869564, 1.4608695652173913
394, 558.5602082573639, 147.7355173913044, 36.82608695652174, 232.75652173913045, 0.8782608695652174
395, 558.2937887443783, 147.13667999999993, 35.28695652173913, 232.34782608695653, 1.7652173913043478
396, 558.0273692313925, 146.7684452173913, 33.54782608695652, 232.63478260869564, 1.617391304347826
397, 557.7609497184069, 146.43052608695655, 32.47826086956522, 232.49565217391304, 2.1739130434782608
398, 557.4945302054211, 144.7282843478261, 29.504347826086956, 231.24347826086955, 1.4869565217391305
399, 557.2281106924355, 144.0108747826087, 27.860869565217392, 230.82608695652175, 1.6521739130434783
400, 556.9616911794498, 143.84594000000004, 26.339130434782607, 231.2608695652174, 1.9565217391304348
401, 556.6952716664641, 142.6206034782609, 24.22608695652174, 230.3304347826087, 1.5391304347826087
402, 556.4288521534784, 141.27703565217388, 21.904347826086955, 229.3217391304348, 1.0347826086956522
403, 556.1624326404926, 141.38544869565217, 21.252173913043478, 229.73043478260868, 1.5913043478260869
404, 555.896013127507, 140.7882452173913, 19.721739130434784, 229.55652173913043, 1.2608695652173914
405, 555.6295936145212, 140.41376608695649, 18.6, 229.40869565217392, 1.6782608695652175
406, 555.3631741015356, 139.55859739130437, 16.982608695652175, 228.82608695652175, 1.4173913043478261
407, 555.0967545885499, 139.50887826086955, 15.826086956521738, 229.2086956521739, 2.0434782608695654
408, 554.8303350755642, 138.57898347826082, 14.252173913043478, 228.5391304347826, 1.4608695652173913
409, 554.5639155625785, 137.5494165217391, 12.356521739130434, 227.72173913043477, 1.608695652173913
410, 554.2974960495928, 137.12099043478253, 11.052173913043479, 227.6695652173913, 1.5391304347826087
411, 554.0310765366071, 136.48750260869562, 9.669565217391304, 227.2521739130435, 1.7565217391304349
412, 553.7646570236213, 135.54391565217395, 7.973913043478261, 226.63478260869564, 1.1043478260869566
413, 553.4982375106357, 135.4315408695652, 7.026086956521739, 226.83478260869566, 1.5739130434782609
414, 553.23181799765, 135.1868626086956, 6.243478260869566, 226.84347826086957, 1.434782608695652
415, 552.9653984846643, 135.04438260869566, 5.478260869565218, 226.84347826086957, 2.1913043478260867
416, 552.6989789716786, 134.22223217391297, 4.373913043478261, 226.12173913043478, 1.5913043478260869
417, 552.4325594586929, 134.28926782608698, 3.9304347826086956, 226.2, 2.9391304347826086
418, 552.1661399457072, 133.5302869565217, 3.130434782608696, 225.41739130434783, 2.408695652173913
419, 551.8997204327216, 133.77749391304354, 3.1478260869565218, 225.6, 3.591304347826087
420, 551.6333009197358, 133.29083565217394, 2.4260869565217393, 225.17391304347825, 3.408695652173913
421, 551.36688140675, 133.32949130434778, 2.0434782608695654, 225.0782608695652, 5.243478260869566
422, 551.1004618937644, 133.47102434782605, 2.017391304347826, 225.17391304347825, 6.060869565217391
423, 550.8340423807788, 133.37433652173914, 2.026086956521739, 224.75652173913045, 7.339130434782609
424, 550.567622867793, 132.87395652173916, 1.4782608695652173, 224.1391304347826, 7.565217391304348
425, 550.3012033548073, 133.4278634782609, 1.8869565217391304, 224.28695652173914, 10.591304347826087
426, 550.0347838418216, 133.10520521739136, 1.6869565217391305, 223.63478260869564, 11.643478260869566
427, 549.7683643288359, 133.00187652173915, 1.3217391304347825, 223.27826086956523, 13.530434782608696
428, 549.5019448158503, 133.80907304347824, 1.791304347826087, 223.84347826086957, 16.469565217391306
429, 549.2355253028645, 134.9864417391304, 2.1913043478260867, 224.95652173913044, 20.017391304347825
430, 548.9691057898789, 134.72293565217387, 1.8608695652173912, 224.30434782608697, 21.930434782608696
431, 548.7026862768931, 134.6768173913043, 1.4782608695652173, 223.88695652173914, 24.678260869565218
432, 548.4362667639075, 134.78157391304345, 1.4782608695652173, 223.63478260869564, 26.895652173913042
433, 548.1698472509217, 134.98507391304346, 1.3478260869565217, 223.49565217391304, 29.73913043478261
434, 547.903427737936, 135.13226782608686, 1.4956521739130435, 223.37391304347827, 31.269565217391303
435, 547.6370082249504, 135.3639495652174, 1.6347826086956523, 223.24347826086955, 33.608695652173914
436, 547.3705887119646, 134.8962504347826, 1.1478260869565218, 222.48695652173913, 34.678260869565214
437, 547.104169198979, 135.28127565217392, 1.3304347826086957, 222.56521739130434, 37.17391304347826
438, 546.8377496859932, 135.12739739130438, 1.2434782608695651, 222.15652173913043, 38.15652173913043
439, 546.5713301730076, 135.46071565217397, 1.3652173913043477, 222.30434782608697, 40.0
440, 546.3049106600218, 135.3429608695652, 1.2608695652173914, 222.05217391304348, 40.53913043478261
441, 546.0384911470362, 136.04852695652167, 1.6, 222.54782608695652, 43.28695652173913
442, 545.7720716340505, 136.1732739130435, 1.6956521739130435, 222.54782608695652, 44.130434782608695
443, 545.5056521210647, 136.56029652173913, 1.9043478260869566, 222.63478260869564, 46.530434782608694
444, 545.2392326080791, 135.96204086956521, 1.4173913043478261, 221.89565217391305, 46.36521739130435
445, 544.9728130950933, 136.2471408695651, 1.4608695652173913, 221.98260869565217, 48.30434782608695
446, 544.7063935821077, 136.39736000000002, 1.617391304347826, 222.0608695652174, 48.80869565217391
447, 544.439974069122, 136.78832782608688, 1.9391304347826086, 222.2, 50.678260869565214
448, 544.1735545561363, 136.92126521739127, 2.0434782608695654, 222.29565217391306, 51.07826086956522
449, 543.9071350431506, 136.6475008695652, 1.4260869565217391, 221.88695652173914, 52.4
450, 543.6407155301649, 136.53444, 1.3391304347826087, 221.72173913043477, 52.48695652173913
451, 543.3742960171792, 137.6135982608695, 2.1043478260869564, 222.76521739130436, 54.573913043478264
452, 543.1078765041935, 137.58637913043472, 1.8608695652173912, 222.70434782608694, 55.28695652173913
453, 542.8414569912078, 137.3459904347826, 1.4869565217391305, 222.2521739130435, 56.48695652173913
454, 542.5750374782222, 137.2304747826087, 1.4260869565217391, 222.0086956521739, 56.88695652173913
455, 542.3086179652364, 137.85812173913044, 1.826086956521739, 222.56521739130434, 58.47826086956522
456, 542.0421984522507, 137.96863391304348, 1.9217391304347826, 222.66086956521738, 58.70434782608696
457, 541.775778939265, 137.58118260869563, 1.3043478260869565, 222.09565217391304, 59.834782608695654
458, 541.5093594262793, 137.73015913043474, 1.5391304347826087, 222.18260869565216, 60.07826086956522
459, 541.2429399132936, 138.19731391304347, 1.5565217391304347, 222.59130434782608, 62.02608695652174
460, 540.9765204003079, 138.1769060869565, 1.4608695652173913, 222.54782608695652, 62.321739130434786
461, 540.7101008873223, 138.31687652173918, 1.3217391304347825, 222.55652173913043, 63.869565217391305
462, 540.4436813743365, 138.6423695652174, 1.434782608695652, 222.9217391304348, 64.54782608695652
463, 540.1772618613509, 139.39957130434783, 1.8521739130434782, 223.50434782608696, 67.09565217391304
464, 539.9108423483651, 138.9714226086957, 1.5130434782608695, 223.0, 66.82608695652173
465, 539.6444228353794, 139.37935739130435, 1.4695652173913043, 223.26956521739132, 69.1304347826087
466, 539.3780033223937, 138.50543304347835, 0.8, 222.29565217391306, 68.23478260869565
467, 539.111583809408, 139.11903999999998, 1.2521739130434784, 222.8, 69.83478260869565
468, 538.8451642964224, 139.47741913043484, 1.373913043478261, 223.1391304347826, 70.91304347826087
469, 538.5787447834366, 139.57156869565216, 1.182608695652174, 223.0608695652174, 72.64347826086957
470, 538.312325270451, 139.83837999999997, 1.3304347826086957, 223.26956521739132, 73.52173913043478
471, 538.0459057574652, 140.04054086956518, 1.2869565217391303, 223.3304347826087, 75.09565217391304
472, 537.7794862444796, 139.96381304347827, 1.2608695652173914, 223.18260869565216, 75.25217391304348
473, 537.5130667314938, 140.37636, 1.3565217391304347, 223.43478260869566, 77.32173913043478
474, 537.2466472185081, 140.8702713043478, 1.808695652173913, 223.89565217391305, 78.09565217391304
475, 536.9802277055225, 140.88299130434788, 1.4782608695652173, 223.7478260869565, 79.83478260869565
476, 536.7138081925368, 140.78737391304352, 1.391304347826087, 223.61739130434782, 79.89565217391305
477, 536.4473886795511, 141.16515652173914, 1.4782608695652173, 223.84347826086957, 81.81739130434782
478, 536.1809691665653, 141.24031217391305, 1.4869565217391305, 223.91304347826087, 82.09565217391304
479, 535.9145496535797, 141.63288608695655, 1.6608695652173913, 224.12173913043478, 84.00869565217391
480, 535.6481301405939, 141.27383739130428, 1.3652173913043477, 223.65217391304347, 84.05217391304348
481, 535.3817106276083, 141.72889391304344, 1.3217391304347825, 224.0695652173913, 86.00869565217391
482, 535.1152911146226, 141.87213391304348, 1.4434782608695653, 224.17391304347825, 86.40869565217392
483, 534.8488716016368, 142.38423304347833, 1.7565217391304349, 224.65217391304347, 87.61739130434782
484, 534.5824520886512, 142.3134921739131, 1.6869565217391305, 224.51304347826087, 87.89565217391305
485, 534.3160325756655, 142.5936947826087, 1.8347826086956522, 224.63478260869564, 89.3391304347826
486, 534.0496130626798, 141.7904643478261, 1.2695652173913043, 223.65217391304347, 88.83478260869565
487, 533.783193549694, 142.62420173913043, 1.8956521739130434, 224.42608695652174, 90.52173913043478
488, 533.5167740367084, 142.75046434782607, 1.791304347826087, 224.59130434782608, 91.05217391304348
489, 533.2503545237226, 142.2903773913044, 1.182608695652174, 223.97391304347826, 91.79130434782608
490, 532.983935010737, 142.93276869565207, 1.617391304347826, 224.6695652173913, 92.70434782608696
491, 532.7175154977513, 144.1345921739131, 2.6, 225.7826086956522, 94.93913043478261
492, 532.4510959847656, 143.795012173913, 2.226086956521739, 225.44347826086957, 94.68695652173913
493, 532.1846764717799, 143.27358434782602, 1.7217391304347827, 224.7478260869565, 95.01739130434783
494, 531.9182569587942, 142.75732434782608, 1.3652173913043477, 224.1478260869565, 94.51304347826087
495, 531.6518374458085, 142.81967565217394, 1.4173913043478261, 223.98260869565217, 95.77391304347826
496, 531.3854179328227, 142.52674173913047, 1.1043478260869566, 223.62608695652173, 95.86086956521739
497, 531.1189984198371, 143.21953217391305, 1.373913043478261, 224.24347826086955, 98.05217391304348
498, 530.8525789068515, 143.3297199999999, 1.4956521739130435, 224.26956521739132, 98.56521739130434
499, 530.5861593938657, 144.17008782608704, 2.252173913043478, 224.94782608695652, 100.4608695652174
500, 530.31973988088, 143.20709217391303, 1.5130434782608695, 223.7478260869565, 100.1304347826087
501, 530.0533203678943, 143.16392347826084, 1.4608695652173913, 223.40869565217392, 101.63478260869566
502, 529.7869008549086, 143.599027826087, 1.7217391304347827, 223.77391304347827, 102.88695652173914
503, 529.520481341923, 144.44247130434783, 2.243478260869565, 224.50434782608696, 105.15652173913044
504, 529.2540618289372, 144.64821478260868, 2.1130434782608694, 224.73043478260868, 106.13913043478261
505, 528.9876423159515, 145.241067826087, 2.1913043478260867, 225.16521739130434, 108.89565217391305
506, 528.7212228029658, 144.47584000000003, 1.4260869565217391, 224.27826086956523, 108.75652173913043
507, 528.4548032899802, 144.67929652173916, 1.5565217391304347, 224.15652173913043, 110.82608695652173
508, 528.1883837769944, 144.98502956521745, 1.791304347826087, 224.42608695652174, 111.50434782608696
509, 527.9219642640087, 145.21605826086954, 1.8521739130434782, 224.40869565217392, 113.4608695652174
510, 527.6555447510231, 144.77236782608696, 1.7130434782608697, 223.73043478260868, 113.42608695652174
511, 527.3891252380373, 144.66426260869557, 1.6347826086956523, 223.29565217391306, 114.92173913043479
512, 527.1227057250517, 144.7784, 1.6521739130434783, 223.34782608695653, 115.6086956521739
513, 526.8562862120659, 144.45956695652168, 1.2, 222.7478260869565, 117.08695652173913
514, 526.5898666990803, 144.85878260869552, 1.4782608695652173, 223.08695652173913, 118.11304347826086
515, 526.3234471860945, 145.76934434782606, 2.121739130434783, 223.81739130434784, 120.65217391304348
516, 526.0570276731089, 145.46093391304353, 1.7043478260869565, 223.45217391304348, 120.92173913043479
517, 525.7906081601232, 145.52525913043482, 1.6695652173913043, 223.18260869565216, 122.96521739130435
518, 525.5241886471374, 145.41555826086952, 1.6347826086956523, 222.9391304347826, 123.34782608695652
519, 525.2577691341518, 145.60552608695664, 1.7826086956521738, 222.82608695652175, 125.20869565217392
520, 524.991349621166, 145.04164956521748, 1.3304347826086957, 222.15652173913043, 124.89565217391305
521, 524.7249301081804, 145.3868643478261, 1.5304347826086957, 222.26956521739132, 126.81739130434782
522, 524.4585105951946, 145.17212173913038, 1.565217391304348, 221.91304347826087, 126.67826086956522
523, 524.192091082209, 145.68562782608697, 1.7217391304347827, 222.2521739130435, 129.02608695652174
524, 523.9256715692233, 145.24607739130434, 1.4, 221.70434782608694, 128.83478260869566
525, 523.6592520562376, 145.27460782608694, 1.4, 221.4, 130.65217391304347
526, 523.3928325432519, 145.44922434782606, 1.5826086956521739, 221.52173913043478, 131.0782608695652
527, 523.1264130302661, 145.44706434782603, 1.617391304347826, 221.19130434782608, 132.6695652173913
528, 522.8599935172805, 144.90336347826081, 1.1478260869565218, 220.55652173913043, 132.4
529, 522.5935740042949, 145.7448956521739, 1.6521739130434783, 221.1304347826087, 135.50434782608696
530, 522.3271544913091, 145.47658695652177, 1.434782608695652, 220.77391304347827, 135.55652173913043
531, 522.0607349783234, 145.87198956521735, 1.8434782608695652, 220.8695652173913, 137.4608695652174
532, 521.7943154653377, 145.62998869565214, 1.6782608695652175, 220.44347826086957, 137.96521739130435
533, 521.527895952352, 145.44124086956523, 1.5913043478260869, 219.7913043478261, 139.89565217391305
534, 521.2614764393663, 145.13731739130432, 1.434782608695652, 219.24347826086955, 140.4608695652174
535, 520.9950569263806, 145.15454086956515, 1.5478260869565217, 218.8521739130435, 142.3304347826087
536, 520.7286374133948, 145.19296695652176, 1.5478260869565217, 218.72173913043477, 143.33913043478262
537, 520.4622179004092, 145.26836521739133, 1.4782608695652173, 218.37391304347827, 145.97391304347826
538, 520.1957983874236, 145.3990965217391, 1.6434782608695653, 218.2608695652174, 147.26956521739132
539, 519.9293788744378, 145.5422721739131, 1.626086956521739, 218.0086956521739, 149.8695652173913
540, 519.6629593614521, 145.2505391304347, 1.391304347826087, 217.51304347826087, 150.47826086956522
541, 519.3965398484664, 145.3196695652173, 1.391304347826087, 217.1478260869565, 152.96521739130435
542, 519.1301203354807, 145.22900173913047, 1.373913043478261, 216.84347826086957, 153.7826086956522
543, 518.863700822495, 145.18881043478265, 1.373913043478261, 216.28695652173914, 156.29565217391306
544, 518.5972813095093, 144.74369043478262, 1.0956521739130434, 215.52173913043478, 157.0608695652174
545, 518.3308617965237, 145.4344095652174, 1.5565217391304347, 215.8608695652174, 160.16521739130434
546, 518.0644422835379, 145.38239130434783, 1.4782608695652173, 215.63478260869564, 161.0782608695652
547, 517.7980227705523, 145.36876782608692, 1.5391304347826087, 215.10434782608695, 163.5304347826087
548, 517.5316032575665, 145.50371913043477, 1.5913043478260869, 215.0695652173913, 164.75652173913045
549, 517.2651837445808, 145.07661043478257, 1.5478260869565217, 214.03478260869565, 166.45217391304348
550, 516.9987642315951, 144.66618956521745, 1.2347826086956522, 213.35652173913044, 167.16521739130434
551, 516.7323447186095, 144.56733999999997, 1.382608695652174, 212.75652173913045, 169.0
552, 516.4659252056238, 144.36379217391305, 1.2956521739130435, 212.4, 169.27826086956523
553, 516.199505692638, 144.37607999999994, 1.373913043478261, 211.9217391304348, 171.64347826086956
554, 515.9330861796524, 144.34097304347821, 1.4, 211.73043478260868, 172.2521739130435
555, 515.6666666666666, 144.45471304347822, 1.4782608695652173, 211.3304347826087, 175.10434782608695
556, 515.400247153681, 144.33256956521737, 1.5217391304347827, 211.0782608695652, 175.2173913043478
557, 515.1338276406952, 143.84969130434783, 1.434782608695652, 210.03478260869565, 176.58260869565217
558, 514.8674081277095, 143.97762000000006, 1.7130434782608697, 210.04347826086956, 176.9304347826087
559, 514.6009886147239, 144.14080086956517, 1.9043478260869566, 209.7478260869565, 179.38260869565218
560, 514.3345691017382, 143.8427200000001, 1.6695652173913043, 209.28695652173914, 179.75652173913045
561, 514.0681495887525, 143.68675043478262, 1.626086956521739, 208.57391304347826, 182.17391304347825
562, 513.8017300757667, 143.48367043478262, 1.4695652173913043, 208.24347826086955, 182.50434782608696
563, 513.5353105627811, 143.4652713043478, 1.5478260869565217, 207.82608695652175, 184.28695652173914
564, 513.2688910497953, 143.0568947826087, 1.2260869565217392, 207.30434782608697, 184.23478260869564
565, 513.0024715368097, 143.1361478260869, 1.9130434782608696, 206.65217391304347, 186.48695652173913
566, 512.736052023824, 142.52065130434784, 1.4869565217391305, 205.8695652173913, 186.23478260869564
567, 512.4696325108383, 142.85923826086957, 1.791304347826087, 205.97391304347826, 187.8695652173913
568, 512.2032129978526, 142.03892695652175, 1.0782608695652174, 205.0695652173913, 187.2
569, 511.9367934848669, 142.2307704347826, 1.3391304347826087, 204.88695652173914, 189.1391304347826
570, 511.6703739718812, 141.81679565217394, 1.0, 204.4, 188.90434782608696
571, 511.4039544588955, 141.84363999999997, 1.4260869565217391, 203.8521739130435, 190.84347826086957
572, 511.1375349459098, 141.42022086956516, 1.0956521739130434, 203.35652173913044, 190.54782608695652
573, 510.87111543292406, 141.743076521739, 1.7565217391304349, 203.1478260869565, 192.72173913043477
574, 510.6046959199384, 141.6014660869565, 1.6869565217391305, 202.9217391304348, 192.82608695652175
575, 510.3382764069527, 141.28997826086956, 1.7826086956521738, 202.04347826086956, 194.36521739130436
576, 510.07185689396704, 141.08203826086958, 1.5304347826086957, 201.82608695652175, 194.3217391304348
577, 509.8054373809813, 141.52527739130426, 2.0956521739130434, 201.80869565217392, 196.81739130434784
578, 509.5390178679956, 140.69473304347824, 1.4521739130434783, 200.88695652173914, 195.96521739130435
579, 509.2725983550099, 140.32415826086952, 1.373913043478261, 200.17391304347825, 196.59130434782608
580, 509.0061788420242, 140.37518347826085, 1.382608695652174, 200.16521739130434, 197.0608695652174
581, 508.7397593290385, 140.1837608695651, 1.2608695652173914, 199.61739130434782, 198.52173913043478
582, 508.4733398160528, 140.00159739130427, 1.2434782608695651, 199.29565217391306, 198.62608695652173
583, 508.20692030306714, 140.38833999999986, 1.817391304347826, 199.41739130434783, 199.88695652173914
584, 507.9405007900814, 140.19436260869563, 1.6782608695652175, 199.2, 199.6695652173913
585, 507.67408127709575, 139.6447756521739, 1.6347826086956523, 198.19130434782608, 200.15652173913043
586, 507.40766176411, 139.01959652173912, 1.1652173913043478, 197.48695652173913, 199.5304347826087
587, 507.14124225112437, 138.88224869565212, 1.3391304347826087, 196.90434782608696, 200.8695652173913
588, 506.8748227381386, 138.82686434782607, 1.2695652173913043, 196.8521739130435, 200.83478260869566
589, 506.6084032251529, 139.26029999999997, 1.9565217391304348, 196.8, 203.10434782608695
590, 506.34198371216723, 138.32046173913045, 1.208695652173913, 195.77391304347827, 202.10434782608695
591, 506.07556419918154, 138.5757582608696, 1.6347826086956523, 195.66086956521738, 203.80869565217392
592, 505.80914468619585, 138.45246347826082, 1.5391304347826087, 195.51304347826087, 203.7391304347826
593, 505.54272517321016, 138.4778530434783, 1.7304347826086957, 195.2173913043478, 204.98260869565217
594, 505.27630566022447, 137.7649765217392, 1.191304347826087, 194.42608695652174, 204.2173913043478
595, 505.0098861472387, 137.96509826086955, 1.5391304347826087, 194.42608695652174, 205.0608695652174
596, 504.7434666342531, 137.16338347826087, 1.1217391304347826, 193.38260869565218, 204.49565217391304
597, 504.47704712126733, 136.74415217391305, 1.5217391304347827, 192.0695652173913, 206.5304347826087
598, 504.2106276082817, 136.5573382608695, 1.4869565217391305, 191.72173913043477, 206.77391304347827
599, 503.94420809529595, 136.20471826086958, 1.6869565217391305, 190.90434782608696, 207.36521739130436
600, 503.67778858231026, 135.16662347826085, 0.808695652173913, 189.77391304347827, 206.38260869565218
601, 503.41136906932456, 135.34029826086956, 1.3652173913043477, 189.3304347826087, 208.73043478260868
602, 503.1449495563389, 134.8841773913043, 1.0956521739130434, 188.75652173913045, 208.3913043478261
603, 502.8785300433532, 134.43485826086953, 1.2434782608695651, 187.6, 210.01739130434783
604, 502.6121105303675, 134.29664956521734, 1.0695652173913044, 187.42608695652174, 210.15652173913043
605, 502.3456910173818, 134.72475565217397, 1.9217391304347826, 187.30434782608697, 212.30434782608697
606, 502.07927150439605, 133.98552521739128, 1.4434782608695653, 186.4, 211.73043478260868
607, 501.8128519914104, 133.84684608695648, 1.8869565217391304, 185.54782608695652, 213.7391304347826
608, 501.54643247842466, 132.993027826087, 1.1130434782608696, 184.61739130434782, 213.0695652173913
609, 501.280012965439, 132.47856086956523, 1.0, 183.57391304347826, 214.22608695652173
610, 501.0135934524533, 132.9462147826087, 1.4173913043478261, 184.03478260869565, 214.8608695652174
611, 500.7471739394676, 132.8955234782609, 1.7217391304347827, 183.57391304347826, 215.9913043478261
612, 500.4807544264819, 132.46005565217388, 1.2695652173913043, 183.05217391304348, 216.04347826086956
613, 500.2143349134962, 132.0273904347826, 1.7478260869565216, 181.73043478260868, 217.8
614, 499.9479154005105, 130.9287947826087, 1.008695652173913, 180.42608695652174, 216.81739130434784
615, 499.68149588752476, 131.00071304347824, 1.391304347826087, 180.08695652173913, 218.19130434782608
616, 499.4150763745391, 130.51167478260862, 0.9043478260869565, 179.59130434782608, 217.73043478260868
617, 499.1486568615534, 130.16454173913033, 1.5391304347826087, 178.3913043478261, 219.2
618, 498.88223734856774, 129.13320173913039, 0.9391304347826087, 177.1391304347826, 218.17391304347825
619, 498.615817835582, 129.03570434782606, 1.4782608695652173, 176.26956521739132, 220.38260869565218
620, 498.34939832259636, 128.80512260869563, 1.208695652173913, 176.01739130434783, 220.36521739130436
621, 498.0829788096106, 128.71145565217392, 1.9652173913043478, 174.9913043478261, 222.84347826086957
622, 497.8165592966249, 128.08233739130432, 1.5826086956521739, 174.2173913043478, 222.31304347826088
623, 497.5501397836392, 127.50562434782604, 1.9304347826086956, 172.72173913043477, 224.04347826086956
624, 497.28372027065353, 126.13391565217395, 1.017391304347826, 171.12173913043478, 222.64347826086956
625, 497.01730075766784, 126.09917217391305, 1.4086956521739131, 170.47826086956522, 224.62608695652173
626, 496.7508812446821, 125.50645391304347, 0.9391304347826087, 169.81739130434784, 224.0608695652174
627, 496.48446173169646, 125.68849130434778, 1.434782608695652, 169.47826086956522, 226.10434782608695
628, 496.2180422187107, 125.17272608695656, 1.173913043478261, 168.8, 225.75652173913045
629, 495.9516227057251, 124.0741956521738, 1.2608695652173914, 166.6782608695652, 226.81739130434784
630, 495.6852031927393, 123.17282086956519, 0.9217391304347826, 165.45217391304348, 226.11304347826086
631, 495.41878367975363, 123.30089739130432, 1.6347826086956523, 164.9391304347826, 228.0086956521739
632, 495.15236416676794, 123.11921652173908, 1.5739130434782609, 164.65217391304347, 228.05217391304348
633, 494.88594465378225, 122.1686704347826, 1.4695652173913043, 162.87826086956522, 229.12173913043478
634, 494.61952514079655, 121.48297652173912, 1.191304347826087, 161.95652173913044, 228.58260869565217
635, 494.35310562781086, 121.31270782608692, 1.8782608695652174, 160.91304347826087, 230.66086956521738
636, 494.08668611482517, 120.29373043478257, 1.1304347826086956, 159.72173913043477, 229.81739130434784
637, 493.8202666018394, 119.66554782608696, 1.391304347826087, 158.24347826086955, 231.23478260869564
638, 493.5538470888538, 118.70139391304352, 0.8434782608695652, 157.05217391304348, 230.34782608695653
639, 493.28742757586804, 118.32099652173926, 1.5130434782608695, 155.7913043478261, 231.7478260869565
640, 493.0210080628824, 118.014855652174, 1.2695652173913043, 155.41739130434783, 231.62608695652173
641, 492.75458854989665, 117.40109043478259, 1.3565217391304347, 154.11304347826086, 232.73043478260868
642, 492.48816903691096, 116.68433043478264, 1.0434782608695652, 153.2, 231.96521739130435
643, 492.22174952392527, 116.48927478260867, 1.6, 152.40869565217392, 232.8695652173913
644, 491.9553300109396, 115.8662921739131, 1.2521739130434784, 151.61739130434782, 232.3913043478261
645, 491.6889104979539, 114.92333130434781, 1.5565217391304347, 149.63478260869564, 233.5304347826087
646, 491.4224909849682, 114.38917130434784, 1.3304347826086957, 148.89565217391305, 233.24347826086955
647, 491.1560714719825, 113.89503565217399, 1.5565217391304347, 147.80869565217392, 233.91304347826087
648, 490.88965195899675, 112.65389739130441, 0.8521739130434782, 146.31304347826088, 232.57391304347826
649, 490.6232324460111, 112.5256695652174, 1.391304347826087, 145.44347826086957, 234.51304347826087
650, 490.35681293302537, 112.12346000000001, 1.3130434782608695, 144.8521739130435, 234.23478260869564
651, 490.09039342003973, 110.94894173913048, 1.4521739130434783, 142.59130434782608, 235.2086956521739
652, 489.823973907054, 109.92428434782612, 0.808695652173913, 141.3304347826087, 234.4
653, 489.5575543940683, 109.21091130434773, 1.4956521739130435, 139.47826086956522, 235.87826086956522
654, 489.2911348810826, 108.28291391304343, 1.0347826086956522, 138.24347826086955, 235.30434782608697
655, 489.0247153680969, 108.34839739130439, 2.1130434782608694, 137.36521739130436, 237.57391304347826
656, 488.7582958551112, 106.99889913043478, 1.3565217391304347, 135.66086956521738, 236.49565217391304
657, 488.4918763421255, 106.5570139130435, 1.6, 134.42608695652174, 238.33913043478262
658, 488.22545682913983, 106.33775478260868, 1.6695652173913043, 134.0086956521739, 238.38260869565218
659, 487.9590373161541, 105.6798208695652, 1.791304347826087, 132.64347826086956, 239.3217391304348
660, 487.69261780316845, 103.84879043478263, 0.9652173913043478, 130.2521739130435, 237.7391304347826
661, 487.4261982901827, 102.93947913043473, 1.208695652173913, 128.28695652173914, 239.24347826086955
662, 487.15977877719706, 101.80977478260864, 0.8608695652173913, 126.66956521739131, 238.57391304347826
663, 486.8933592642113, 101.66489913043478, 1.617391304347826, 125.72173913043478, 240.2
664, 486.6269397512256, 100.87553478260868, 1.2608695652173914, 124.62608695652175, 239.8521739130435
665, 486.3605202382399, 99.57212782608694, 1.4173913043478261, 122.0, 241.5304347826087
666, 486.09410072525424, 98.13130086956527, 0.8173913043478261, 120.04347826086956, 240.5391304347826
667, 485.82768121226854, 97.00943652173916, 1.2, 117.76521739130435, 241.42608695652174
668, 485.5612616992828, 95.99064695652177, 0.8347826086956521, 116.33043478260869, 240.83478260869566
669, 485.29484218629716, 95.30366782608702, 1.4956521739130435, 114.56521739130434, 242.16521739130434
670, 485.0284226733114, 94.5803660869565, 1.2956521739130435, 113.49565217391304, 241.8521739130435
671, 484.7620031603258, 93.27554695652175, 1.4869565217391305, 110.99130434782609, 242.8
672, 484.49558364734, 91.95791826086962, 1.0782608695652174, 109.0695652173913, 242.2086956521739
673, 484.22916413435433, 90.6059652173913, 1.4782608695652173, 106.30434782608695, 243.5391304347826
674, 483.96274462136864, 89.30036782608695, 0.9304347826086956, 104.50434782608696, 242.7913043478261
675, 483.69632510838295, 88.04693043478254, 1.0434782608695652, 102.2, 243.36521739130436
676, 483.42990559539726, 87.22254260869563, 1.0956521739130434, 100.72173913043478, 243.6086956521739
677, 483.16348608241157, 85.61181130434782, 1.191304347826087, 97.76521739130435, 244.45217391304348
678, 482.8970665694259, 83.65465652173908, 0.6521739130434783, 94.92173913043479, 243.33913043478262
679, 482.6306470564401, 83.12187913043473, 1.7304347826086957, 93.13913043478261, 245.01739130434783
680, 482.3642275434545, 81.23838782608696, 1.1652173913043478, 90.5391304347826, 243.36521739130436
681, 482.09780803046874, 79.71122869565217, 1.191304347826087, 87.77391304347826, 244.1391304347826
682, 481.8313885174831, 77.57601391304345, 0.7304347826086957, 84.62608695652175, 242.82608695652175
683, 481.56496900449736, 76.57790521739129, 1.208695652173913, 82.34782608695652, 244.54782608695652
684, 481.29854949151166, 75.1524182608696, 1.1217391304347826, 80.08695652173913, 243.91304347826087
685, 481.032129978526, 73.42233217391306, 1.1130434782608696, 77.01739130434783, 244.56521739130434
686, 480.7657104655403, 72.070392173913, 1.2956521739130435, 74.63478260869566, 244.49565217391304
687, 480.4992909525546, 70.1859747826087, 1.208695652173913, 71.44347826086957, 244.62608695652173
688, 480.2328714395689, 68.32151130434782, 1.2347826086956522, 68.31304347826087, 244.3217391304348
689, 479.9664519265832, 66.21150869565216, 1.2608695652173914, 64.61739130434782, 244.77391304347827
690, 479.70003241359746, 64.05560782608696, 0.9652173913043478, 61.31304347826087, 243.65217391304347
691, 479.4336129006118, 62.36673826086957, 1.2260869565217392, 58.26086956521739, 243.8695652173913
692, 479.16719338762607, 60.47197217391304, 1.1478260869565218, 55.18260869565217, 243.30434782608697
693, 478.90077387464044, 58.830808695652145, 1.4782608695652173, 52.13913043478261, 243.71304347826086
694, 478.6343543616547, 56.35322608695654, 0.8695652173913043, 48.47826086956522, 242.42608695652174
695, 478.367934848669, 54.91430521739132, 1.2956521739130435, 45.678260869565214, 243.10434782608695
696, 478.1015153356833, 53.357135652173895, 1.1652173913043478, 43.2, 242.54782608695652
697, 477.8350958226976, 50.75272608695657, 0.9130434782608695, 38.93043478260869, 242.34782608695653
698, 477.5686763097119, 49.214943478260885, 1.173913043478261, 36.25217391304348, 241.96521739130435
699, 477.3022567967262, 47.64361565217395, 1.5826086956521739, 33.2, 242.82608695652175
700, 477.03583728374053, 45.79521565217394, 1.3217391304347825, 30.286956521739132, 242.29565217391306
701, 476.7694177707548, 44.00252869565217, 1.5826086956521739, 27.017391304347825, 242.72173913043477
702, 476.50299825776915, 41.70355478260871, 1.3217391304347825, 23.37391304347826, 242.0
703, 476.2365787447834, 39.54667739130435, 1.4869565217391305, 19.547826086956523, 242.34782608695653
704, 475.97015923179777, 36.51630173913042, 0.9826086956521739, 14.947826086956521, 240.77391304347827
705, 475.703739718812, 34.9415591304348, 1.2782608695652173, 11.991304347826087, 241.40869565217392
706, 475.4373202058263, 33.58204173913046, 1.4086956521739131, 9.730434782608695, 240.7826086956522
707, 475.17090069284063, 32.078386086956534, 1.4434782608695653, 7.086956521739131, 241.11304347826086
708, 474.90448117985494, 30.375605217391282, 1.2521739130434784, 4.460869565217391, 240.2
709, 474.63806166686925, 29.52241043478262, 1.8956521739130434, 2.4956521739130433, 241.1478260869565
710, 474.3716421538835, 29.089660869565208, 1.826086956521739, 1.7043478260869565, 241.6086956521739
711, 474.10522264089786, 28.661194782608696, 1.4434782608695653, 1.3043478260869565, 240.91304347826087
712, 473.8388031279121, 28.669459999999987, 1.4, 1.3304347826086957, 240.96521739130435
713, 473.5723836149265, 29.032325217391296, 1.9652173913043478, 1.6, 241.27826086956523
714, 473.30596410194073, 28.46219739130434, 1.4173913043478261, 1.0782608695652174, 240.4
715, 473.0395445889551, 28.887187826086958, 2.034782608695652, 1.4608695652173913, 240.5391304347826
716, 472.77312507596935, 28.7493043478261, 1.9130434782608696, 1.3217391304347825, 240.36521739130436
717, 472.50670556298365, 28.466056521739127, 1.8695652173913044, 1.0521739130434782, 239.38260869565218
718, 472.24028604999796, 28.57933043478262, 2.0, 1.1652173913043478, 239.45217391304348
719, 471.97386653701227, 28.464739130434783, 2.0, 1.1304347826086956, 238.62608695652173
720, 471.7074470240266, 28.39610695652175, 1.8869565217391304, 1.1217391304347826, 238.36521739130436
721, 471.44102751104083, 28.024300869565234, 1.5130434782608695, 0.8695652173913043, 237.38260869565218
722, 471.1746079980552, 28.298515652173922, 1.8869565217391304, 1.0956521739130434, 237.64347826086956
723, 470.90818848506945, 28.25929304347827, 1.9391304347826086, 1.0782608695652174, 237.2521739130435
724, 470.6417689720838, 28.08957130434784, 1.6782608695652175, 1.1043478260869566, 236.31304347826088
725, 470.37534945909806, 28.428609565217414, 2.252173913043478, 1.4521739130434783, 235.9913043478261
726, 470.10892994611237, 28.283845217391328, 2.1565217391304348, 1.382608695652174, 235.3304347826087
727, 469.8425104331267, 27.88445130434784, 1.7478260869565216, 1.0521739130434782, 234.6
728, 469.576090920141, 28.094600869565234, 1.991304347826087, 1.2608695652173914, 234.73043478260868
729, 469.3096714071553, 28.29387478260871, 2.208695652173913, 1.5217391304347827, 234.56521739130434
730, 469.0432518941696, 28.01106000000001, 1.9217391304347826, 1.2434782608695651, 234.26956521739132
731, 468.7768323811839, 28.21523652173914, 2.1565217391304348, 1.4869565217391305, 234.19130434782608
732, 468.51041286819816, 27.733826086956537, 1.6521739130434783, 1.1043478260869566, 233.2608695652174
733, 468.2439933552125, 27.7016147826087, 1.6782608695652175, 1.2, 232.41739130434783
734, 467.9775738422268, 27.90596000000001, 1.8782608695652174, 1.3652173913043477, 232.83478260869566
735, 467.71115432924114, 27.880063478260883, 1.8869565217391304, 1.3217391304347825, 232.80869565217392
736, 467.4447348162554, 27.43629826086957, 1.4521739130434783, 0.9391304347826087, 232.02608695652174
737, 467.1783153032697, 27.82481652173913, 1.8347826086956522, 1.3217391304347825, 232.4608695652174
738, 466.911895790284, 27.54527130434783, 1.5478260869565217, 1.0608695652173914, 232.10434782608695
739, 466.6454762772983, 27.698952173913046, 1.7826086956521738, 1.191304347826087, 232.16521739130434
740, 466.3790567643126, 27.68515304347826, 1.7739130434782608, 1.173913043478261, 232.15652173913043
741, 466.11263725132693, 27.73328260869566, 1.9565217391304348, 1.2608695652173914, 231.65217391304347
742, 465.84621773834124, 27.73722695652173, 1.991304347826087, 1.3478260869565217, 231.1478260869565
743, 465.5797982253555, 27.57864956521739, 1.9391304347826086, 1.2173913043478262, 230.56521739130434
744, 465.31337871236985, 27.62009043478261, 1.9652173913043478, 1.3304347826086957, 230.27826086956523
745, 465.0469591993841, 27.622658260869557, 2.026086956521739, 1.4608695652173913, 229.4695652173913
746, 464.78053968639847, 27.413691304347818, 1.7826086956521738, 1.3217391304347825, 228.9913043478261
747, 464.5141201734127, 27.41319304347825, 1.982608695652174, 1.391304347826087, 228.10434782608695
748, 464.24770066042703, 27.161422608695645, 1.6869565217391305, 1.2260869565217392, 227.52173913043478
749, 463.98128114744134, 27.61275130434782, 2.4869565217391303, 1.5217391304347827, 227.8608695652174
750, 463.71486163445564, 27.012720869565204, 1.8347826086956522, 1.017391304347826, 226.90434782608696
751, 463.44844212146995, 26.98542086956521, 2.0521739130434784, 0.8956521739130435, 226.72173913043477
752, 463.18202260848426, 26.807750434782612, 1.8, 0.8260869565217391, 226.18260869565216
753, 462.91560309549857, 26.867577391304348, 1.9652173913043478, 0.9739130434782609, 225.51304347826087
754, 462.6491835825128, 26.92702, 1.9739130434782608, 1.0521739130434782, 225.6086956521739
755, 462.3827640695272, 26.86022782608693, 1.982608695652174, 1.0521739130434782, 225.0
756, 462.11634455654143, 27.02663565217391, 2.0782608695652174, 1.2869565217391303, 225.0
757, 461.8499250435558, 26.996285217391314, 2.1913043478260867, 1.3043478260869565, 224.34782608695653
758, 461.58350553057005, 27.10621043478262, 2.3304347826086955, 1.4173913043478261, 224.36521739130436
759, 461.31708601758436, 27.122261739130423, 2.252173913043478, 1.5217391304347827, 224.17391304347825
760, 461.05066650459867, 26.68565913043479, 1.8434782608695652, 1.0434782608695652, 223.87826086956522
761, 460.784246991613, 26.534427826086947, 1.7217391304347827, 1.0521739130434782, 222.82608695652175
762, 460.5178274786273, 26.755226086956526, 2.0, 1.2173913043478262, 223.18260869565216
763, 460.25140796564153, 26.848342608695653, 2.139130434782609, 1.391304347826087, 222.7391304347826
764, 459.9849884526559, 26.778957391304356, 2.0782608695652174, 1.2956521739130435, 222.7826086956522
765, 459.71856893967015, 26.89238347826089, 2.252173913043478, 1.4695652173913043, 222.42608695652174
766, 459.4521494266845, 26.697521739130448, 2.0, 1.3217391304347825, 222.1391304347826
767, 459.18572991369876, 26.528212173913058, 1.8782608695652174, 1.2, 221.6
768, 458.9193104007131, 26.813143478260898, 2.217391304347826, 1.4434782608695653, 221.95652173913044
769, 458.6528908877274, 26.354216521739154, 1.7478260869565216, 1.1304347826086956, 220.77391304347827
770, 458.3864713747417, 26.396857391304362, 1.7739130434782608, 1.1391304347826088, 221.03478260869565
771, 458.120051861756, 26.686839130434798, 2.130434782608696, 1.373913043478261, 221.43478260869566
772, 457.8536323487703, 26.15489652173915, 1.5565217391304347, 0.991304347826087, 220.24347826086955
773, 457.5872128357846, 26.33825652173915, 1.8695652173913044, 1.2, 219.95652173913044
774, 457.32079332279886, 26.425914782608707, 1.982608695652174, 1.2782608695652173, 220.02608695652174
775, 457.0543738098132, 26.390681739130454, 1.9652173913043478, 1.2608695652173914, 219.8521739130435
776, 456.7879542968275, 25.90277130434783, 1.4173913043478261, 0.8521739130434782, 219.11304347826086
777, 456.52153478384184, 26.41522000000001, 1.9739130434782608, 1.4434782608695653, 219.10434782608695
778, 456.2551152708561, 26.26238347826088, 1.817391304347826, 1.2695652173913043, 219.0695652173913
779, 455.9886957578704, 25.94455565217393, 1.4869565217391305, 1.0956521739130434, 218.04347826086956
780, 455.7222762448847, 26.08752956521739, 1.6608695652173913, 1.2, 218.30434782608697
781, 455.455856731899, 26.328108695652187, 2.0434782608695654, 1.4521739130434783, 218.11304347826086
782, 455.1894372189133, 26.15846, 1.9217391304347826, 1.2521739130434784, 217.97391304347826
783, 454.92301770592763, 26.01305826086957, 1.8521739130434782, 1.2695652173913043, 216.7913043478261
784, 454.65659819294194, 25.914614782608705, 1.7652173913043478, 1.1478260869565218, 216.7826086956522
785, 454.3901786799562, 26.14730173913046, 2.026086956521739, 1.4434782608695653, 216.61739130434782
786, 454.12375916697056, 25.785202608695666, 1.626086956521739, 1.1130434782608696, 216.19130434782608
787, 453.8573396539848, 26.22558434782611, 2.1565217391304348, 1.5391304347826087, 216.4695652173913
788, 453.5909201409992, 25.962091304347833, 1.8695652173913044, 1.3478260869565217, 215.89565217391305
789, 453.3245006280134, 25.9265747826087, 1.991304347826087, 1.2, 216.02608695652174
790, 453.05808111502773, 25.98153043478261, 2.0869565217391304, 1.2347826086956522, 216.0782608695652
791, 452.79166160204204, 25.817846956521745, 1.8782608695652174, 1.1652173913043478, 215.54782608695652
792, 452.52524208905635, 25.7348, 1.826086956521739, 1.1043478260869566, 215.26956521739132
793, 452.25882257607066, 25.688431304347823, 1.7739130434782608, 1.0434782608695652, 215.31304347826088
794, 451.99240306308496, 25.586668695652165, 1.7478260869565216, 0.9391304347826087, 215.02608695652174
795, 451.7259835500993, 25.820764347826078, 1.9217391304347826, 1.3304347826086957, 214.6086956521739
796, 451.4595640371135, 25.83621130434782, 1.9739130434782608, 1.3217391304347825, 214.65217391304347
797, 451.1931445241279, 25.779873913043467, 2.0434782608695654, 1.391304347826087, 213.61739130434782
798, 450.92672501114214, 25.446794782608684, 1.791304347826087, 1.0434782608695652, 213.1478260869565
799, 450.6603054981565, 25.969636521739115, 2.417391304347826, 1.5478260869565217, 213.49565217391304
800, 450.39388598517075, 25.44347565217389, 1.8521739130434782, 1.0608695652173914, 212.8695652173913
801, 450.12746647218506, 25.818761739130423, 2.2956521739130435, 1.4608695652173913, 212.9391304347826
802, 449.86104695919937, 25.56918608695651, 1.9652173913043478, 1.2782608695652173, 212.55652173913043
803, 449.5946274462137, 25.676502608695646, 2.1913043478260867, 1.4, 212.27826086956523
804, 449.328207933228, 25.414686956521745, 2.0, 1.2, 211.51304347826087
805, 449.06178842024224, 25.65064086956522, 2.373913043478261, 1.391304347826087, 211.61739130434782
806, 448.7953689072566, 25.36028869565216, 2.0695652173913044, 1.208695652173913, 210.80869565217392
807, 448.52894939427085, 25.18066173913041, 1.9043478260869566, 1.0695652173913044, 210.38260869565218
808, 448.2625298812852, 24.896588695652166, 1.5913043478260869, 0.8260869565217391, 209.96521739130435
809, 447.99611036829947, 25.336585217391292, 2.1478260869565218, 1.2956521739130435, 209.94782608695652
810, 447.72969085531383, 25.172739999999987, 1.991304347826087, 1.173913043478261, 209.54782608695652
811, 447.4632713423281, 25.242346956521736, 2.1826086956521737, 1.3217391304347825, 208.89565217391305
812, 447.1968518293424, 24.663592173913052, 1.5565217391304347, 0.8521739130434782, 207.87826086956522
813, 446.9304323163567, 25.117603478260865, 2.4, 1.182608695652174, 207.94782608695652
814, 446.664012803371, 25.082637391304356, 2.408695652173913, 1.1304347826086956, 207.88695652173914
815, 446.3975932903853, 25.150971304347838, 2.5478260869565217, 1.3043478260869565, 207.22608695652173
816, 446.13117377739957, 24.9427252173913, 2.3130434782608695, 1.1130434782608696, 207.0
817, 445.86475426441393, 24.838060869565226, 2.260869565217391, 1.1217391304347826, 206.17391304347825
818, 445.5983347514282, 24.60587913043478, 1.991304347826087, 1.008695652173913, 205.42608695652174
819, 445.33191523844255, 25.053964347826103, 2.5304347826086957, 1.4434782608695653, 205.70434782608694
820, 445.0654957254568, 24.765446956521746, 2.226086956521739, 1.2521739130434784, 204.95652173913044
821, 444.7990762124711, 24.738524347826083, 2.3217391304347825, 1.2521739130434784, 204.4695652173913
822, 444.5326566994854, 24.682981739130447, 2.2695652173913046, 1.2347826086956522, 204.2086956521739
823, 444.2662371864997, 24.2507295652174, 1.7478260869565216, 1.017391304347826, 202.90434782608696
824, 443.99981767351403, 24.57428608695653, 2.0956521739130434, 1.3391304347826087, 203.17391304347825
825, 443.73339816052834, 24.64151739130435, 2.3043478260869565, 1.391304347826087, 202.94782608695652
826, 443.46697864754265, 24.318202608695653, 1.9739130434782608, 1.0695652173913044, 202.63478260869564
827, 443.2005591345569, 24.38023913043478, 2.130434782608696, 1.208695652173913, 202.05217391304348
828, 442.93413962157126, 24.002800869565217, 1.6434782608695653, 0.9217391304347826, 201.49565217391304
829, 442.6677201085855, 24.42441913043478, 2.417391304347826, 1.2695652173913043, 201.37391304347827
830, 442.4013005955999, 24.226330434782614, 2.0869565217391304, 1.2, 200.8608695652174
831, 442.13488108261413, 23.982603478260877, 1.8782608695652174, 1.0869565217391304, 199.8521739130435
832, 441.86846156962844, 24.185770434782604, 2.121739130434783, 1.2347826086956522, 200.23478260869564
833, 441.60204205664274, 23.927869565217375, 1.9130434782608696, 1.1043478260869566, 199.19130434782608
834, 441.33562254365705, 24.23732086956521, 2.2695652173913046, 1.434782608695652, 199.26956521739132
835, 441.06920303067136, 24.049132173913037, 2.0695652173913044, 1.2869565217391303, 198.90434782608696
836, 440.80278351768567, 24.036945217391292, 2.1130434782608694, 1.3217391304347825, 198.50434782608696
837, 440.5363640047, 24.052173913043458, 2.260869565217391, 1.4260869565217391, 197.71304347826086
838, 440.2699444917142, 23.61679304347825, 1.808695652173913, 1.0260869565217392, 197.1391304347826
839, 440.0035249787286, 23.926836521739133, 2.243478260869565, 1.3565217391304347, 197.01739130434783
840, 439.73710546574284, 23.64508086956523, 1.8869565217391304, 1.1391304347826088, 196.6
841, 439.4706859527572, 23.731585217391306, 2.234782608695652, 1.2782608695652173, 195.73043478260868
842, 439.20426643977146, 23.549744347826078, 2.034782608695652, 1.0956521739130434, 195.6
843, 438.93784692678577, 23.884271304347827, 2.417391304347826, 1.626086956521739, 194.8
844, 438.6714274138001, 23.30671739130436, 1.8695652173913044, 1.017391304347826, 194.30434782608697
845, 438.4050079008144, 23.222046086956535, 1.8869565217391304, 1.0956521739130434, 193.11304347826086
846, 438.1385883878287, 22.945637391304352, 1.626086956521739, 0.8521739130434782, 192.62608695652173
847, 437.872168874843, 23.34690782608696, 2.139130434782609, 1.382608695652174, 192.0695652173913
848, 437.6057493618573, 23.05584173913044, 1.8434782608695652, 1.1217391304347826, 191.63478260869564
849, 437.33932984887156, 22.98357391304349, 1.826086956521739, 1.2, 190.64347826086956
850, 437.0729103358859, 22.999060000000007, 1.8347826086956522, 1.2, 190.75652173913045
851, 436.8064908229002, 23.308806956521753, 2.1913043478260867, 1.5478260869565217, 190.7478260869565
852, 436.54007130991454, 23.03614000000001, 1.9043478260869566, 1.4, 189.8695652173913
853, 436.2736517969288, 22.442078260869575, 1.4782608695652173, 0.8869565217391304, 188.41739130434783
854, 436.0072322839431, 22.430013913043478, 1.5130434782608695, 0.9652173913043478, 187.81739130434784
855, 435.7408127709574, 22.94752782608695, 2.1130434782608694, 1.5565217391304347, 187.7391304347826
856, 435.4743932579717, 22.04327739130434, 1.1391304347826088, 0.8260869565217391, 186.12173913043478
857, 435.207973744986, 22.58219913043477, 2.008695652173913, 1.2608695652173914, 186.3304347826087
858, 434.94155423200027, 22.25235304347826, 1.6869565217391305, 1.0434782608695652, 185.4
859, 434.67513471901464, 22.038128695652173, 1.5826086956521739, 0.9478260869565217, 184.28695652173914
860, 434.4087152060289, 22.16081130434782, 1.7130434782608697, 1.1478260869565218, 183.9913043478261
861, 434.14229569304325, 22.06040260869564, 1.8, 1.2347826086956522, 182.43478260869566
862, 433.8758761800575, 22.068470434782625, 1.817391304347826, 1.2869565217391303, 182.19130434782608
863, 433.60945666707187, 21.939896521739136, 1.817391304347826, 1.3043478260869565, 180.97391304347826
864, 433.3430371540861, 21.596542608695657, 1.4434782608695653, 1.0347826086956522, 180.3304347826087
865, 433.0766176411004, 21.836658260869584, 1.9391304347826086, 1.3130434782608695, 179.70434782608694
866, 432.81019812811473, 21.674420869565225, 1.791304347826087, 1.191304347826087, 179.29565217391306
867, 432.54377861512904, 21.521113913043486, 1.7304347826086957, 1.173913043478261, 178.2
868, 432.27735910214335, 21.325521739130433, 1.565217391304348, 1.0869565217391304, 177.36521739130436
869, 432.0109395891576, 21.30142782608696, 1.5478260869565217, 1.2, 176.61739130434782
870, 431.74452007617197, 21.41929130434783, 1.6956521739130435, 1.4521739130434783, 175.96521739130435
871, 431.4781005631862, 21.135643478260864, 1.6521739130434783, 1.2173913043478262, 174.8
872, 431.2116810502006, 21.207899130434775, 1.791304347826087, 1.3304347826086957, 174.48695652173913
873, 430.94526153721483, 20.902788695652163, 1.7652173913043478, 1.0434782608695652, 173.35652173913044
874, 430.67884202422914, 20.56644260869565, 1.4, 0.8, 172.61739130434782
875, 430.41242251124345, 21.30275217391304, 2.391304347826087, 1.608695652173913, 172.31304347826088
876, 430.14600299825776, 20.679694782608685, 1.7478260869565216, 1.1130434782608696, 171.08695652173913
877, 429.87958348527206, 20.665336521739118, 1.9391304347826086, 1.2782608695652173, 169.6086956521739
878, 429.6131639722864, 20.700642608695663, 2.008695652173913, 1.373913043478261, 169.24347826086955
879, 429.3467444593007, 20.24037130434783, 1.8521739130434782, 1.017391304347826, 167.45217391304348
880, 429.08032494631493, 20.29711130434782, 1.9304347826086956, 1.1130434782608696, 167.2521739130435
881, 428.8139054333293, 20.124166086956524, 1.9043478260869566, 1.0782608695652174, 165.98260869565217
882, 428.54748592034355, 20.22066695652174, 2.026086956521739, 1.173913043478261, 166.01739130434783
883, 428.2810664073579, 20.364075652173906, 2.373913043478261, 1.2782608695652173, 165.82608695652175
884, 428.01464689437216, 19.834321739130427, 1.826086956521739, 0.9739130434782609, 164.18260869565216
885, 427.74822738138647, 20.11600434782609, 2.391304347826087, 1.191304347826087, 164.05217391304348
886, 427.4818078684008, 19.690774782608695, 1.9043478260869566, 1.008695652173913, 162.5391304347826
887, 427.2153883554151, 19.90319304347826, 2.243478260869565, 1.2434782608695651, 162.30434782608697
888, 426.9489688424294, 19.504015652173916, 1.8434782608695652, 0.9478260869565217, 161.37391304347827
889, 426.6825493294437, 19.59522521739129, 1.9217391304347826, 1.3217391304347825, 160.04347826086956
890, 426.416129816458, 19.54361304347826, 1.9565217391304348, 1.3478260869565217, 159.36521739130436
891, 426.14971030347226, 19.164819130434783, 1.7217391304347827, 1.0956521739130434, 157.95652173913044
892, 425.8832907904866, 19.16726434782608, 1.791304347826087, 1.182608695652174, 157.34782608695653
893, 425.6168712775009, 19.337566086956524, 2.252173913043478, 1.3478260869565217, 156.7826086956522
894, 425.35045176451524, 18.685191304347832, 1.565217391304348, 1.0, 154.65217391304347
895, 425.0840322515295, 18.693980869565216, 1.9304347826086956, 1.0434782608695652, 153.54782608695652
896, 424.8176127385438, 18.44241478260869, 1.7652173913043478, 1.1043478260869566, 151.4608695652174
897, 424.5511932255581, 18.608203478260876, 2.226086956521739, 1.2956521739130435, 150.72173913043477
898, 424.2847737125724, 18.42421652173914, 2.1826086956521737, 1.208695652173913, 149.6695652173913
899, 424.0183541995867, 18.064550434782603, 1.7130434782608697, 1.0782608695652174, 148.41739130434783
900, 423.751934686601, 17.865055652173915, 1.617391304347826, 1.1130434782608696, 146.7391304347826
901, 423.48551517361534, 18.03928695652174, 2.4347826086956523, 1.1304347826086956, 146.03478260869565
902, 423.2190956606296, 17.483408695652177, 1.826086956521739, 0.8260869565217391, 144.3217391304348
903, 422.95267614764396, 17.890426086956523, 2.4347826086956523, 1.2956521739130435, 143.87826086956522
904, 422.6862566346582, 17.597636521739144, 2.0695652173913044, 1.1652173913043478, 142.9391304347826
905, 422.4198371216726, 17.28111565217391, 1.8869565217391304, 1.0347826086956522, 141.31304347826088
906, 422.1534176086868, 17.35685043478261, 2.017391304347826, 1.3304347826086957, 140.11304347826086
907, 421.88699809570113, 17.166046956521747, 1.9652173913043478, 1.2869565217391303, 138.8
908, 421.62057858271544, 16.7559052173913, 1.6434782608695653, 1.0695652173913044, 137.16521739130434
909, 421.35415906972975, 16.714577391304346, 1.9652173913043478, 1.0869565217391304, 135.8695652173913
910, 421.08773955674405, 16.866693913043473, 2.1913043478260867, 1.2782608695652173, 135.62608695652173
911, 420.8213200437583, 16.735187826086957, 2.382608695652174, 1.2, 134.37391304347827
912, 420.55490053077267, 16.600805217391304, 2.2956521739130435, 1.1217391304347826, 133.82608695652175
913, 420.2884810177869, 16.109775652173905, 1.8956521739130434, 0.9043478260869565, 131.68695652173912
914, 420.0220615048013, 16.110410434782604, 1.8956521739130434, 1.0, 131.2
915, 419.75564199181554, 16.353026086956532, 2.260869565217391, 1.2695652173913043, 130.98260869565217
916, 419.48922247882984, 15.832337391304346, 1.6695652173913043, 0.9217391304347826, 129.75652173913045
917, 419.22280296584415, 15.917333913043487, 1.8782608695652174, 1.2608695652173914, 128.2086956521739
918, 418.95638345285846, 15.471590434782607, 1.4869565217391305, 0.9304347826086956, 127.02608695652174
919, 418.68996393987277, 15.667466086956527, 1.7739130434782608, 1.2260869565217392, 126.4695652173913
920, 418.4235444268871, 15.622939999999994, 1.7304347826086957, 1.2956521739130435, 125.83478260869565
921, 418.1571249139014, 15.291121739130432, 1.6521739130434783, 1.1130434782608696, 124.0695652173913
922, 417.89070540091564, 15.099769565217386, 1.5217391304347827, 1.1304347826086956, 122.64347826086957
923, 417.62428588793, 14.99011565217392, 1.7130434782608697, 1.1130434782608696, 121.2695652173913
924, 417.35786637494425, 14.959764347826095, 1.7478260869565216, 1.1652173913043478, 120.64347826086957
925, 417.0914468619586, 14.70583304347826, 1.5826086956521739, 1.0869565217391304, 119.25217391304348
926, 416.82502734897287, 14.61857391304348, 1.6521739130434783, 1.0869565217391304, 118.30434782608695
927, 416.5586078359872, 14.653967826086948, 1.8, 1.2695652173913043, 117.28695652173913
928, 416.2921883230015, 14.478210434782603, 1.7217391304347827, 1.2869565217391303, 115.86086956521739
929, 416.0257688100158, 14.273297391304343, 1.982608695652174, 0.9739130434782609, 114.99130434782609
930, 415.7593492970301, 14.146466956521738, 1.8521739130434782, 1.1130434782608696, 113.50434782608696
931, 415.4929297840444, 14.281842608695655, 2.008695652173913, 1.4260869565217391, 112.66956521739131
932, 415.2265102710587, 13.972213043478261, 1.7826086956521738, 1.182608695652174, 111.8
933, 414.96009075807297, 13.60995652173913, 1.7391304347826086, 0.9304347826086956, 110.03478260869565
