Extraction [ img/SOLs2-3.png ] effectuee 2026-04-16 17:29:23.899729
Calibration: -0.6036*x + 675.3 [Largeur 500]

pixel, longueur d'onde, intensite, r, g, b
0, 675.3, 41.89410142857143, 70.55714285714286, 28.714285714285715, 34.642857142857146
1, 674.6963999999999, 42.32932285714285, 71.05714285714286, 29.142857142857142, 34.94285714285714
2, 674.0928, 42.67569999999997, 72.0, 29.3, 34.7
3, 673.4892, 43.17761, 72.47142857142858, 29.84285714285714, 35.07142857142857
4, 672.8856, 43.88307285714287, 73.84285714285714, 30.271428571428572, 35.457142857142856
5, 672.2819999999999, 44.111491428571426, 74.08571428571429, 30.52857142857143, 35.5
6, 671.6784, 44.3457485714286, 74.8, 30.6, 35.31428571428572
7, 671.0748, 44.5597942857143, 75.05714285714286, 30.814285714285713, 35.41428571428571
8, 670.4712, 44.34118142857143, 75.75714285714285, 30.17142857142857, 34.97142857142857
9, 669.8675999999999, 44.93242857142856, 76.42857142857143, 30.728571428571428, 35.52857142857143
10, 669.264, 45.00540142857144, 77.55714285714286, 30.314285714285713, 35.34285714285714
11, 668.6604, 45.614962857142835, 78.51428571428572, 30.757142857142856, 35.9
12, 668.0568, 46.20574, 80.6, 30.65714285714286, 36.128571428571426
13, 667.4531999999999, 46.326137142857135, 81.2, 30.542857142857144, 36.2
14, 666.8496, 47.00310571428568, 83.37142857142857, 30.557142857142857, 36.371428571428574
15, 666.246, 47.492717142857124, 84.54285714285714, 30.714285714285715, 36.785714285714285
16, 665.6424, 48.26983142857143, 86.97142857142858, 30.757142857142856, 37.01428571428571
17, 665.0387999999999, 48.98442571428569, 88.31428571428572, 31.17142857142857, 37.628571428571426
18, 664.4352, 49.30514571428569, 90.11428571428571, 30.84285714285714, 37.41428571428571
19, 663.8316, 49.47469000000002, 90.67142857142858, 30.82857142857143, 37.51428571428571
20, 663.228, 49.76071999999999, 92.08571428571429, 30.642857142857142, 37.27142857142857
21, 662.6243999999999, 50.24623285714285, 92.67142857142858, 31.085714285714285, 37.714285714285715
22, 662.0208, 50.19453857142855, 93.18571428571428, 30.785714285714285, 37.457142857142856
23, 661.4172, 50.82375285714285, 93.9, 31.385714285714286, 38.01428571428571
24, 660.8136, 51.287129999999976, 95.12857142857143, 31.485714285714284, 38.34285714285714
25, 660.2099999999999, 51.84817999999998, 95.77142857142857, 32.01428571428571, 38.857142857142854
26, 659.6064, 52.476084285714286, 97.44285714285714, 32.18571428571428, 39.1
27, 659.0028, 52.403498571428564, 97.58571428571429, 32.01428571428571, 38.97142857142857
28, 658.3992, 52.98359999999998, 99.28571428571429, 32.128571428571426, 39.01428571428571
29, 657.7955999999999, 54.03056, 100.54285714285714, 33.1, 39.9
30, 657.192, 54.54743285714285, 102.38571428571429, 33.114285714285714, 39.52857142857143
31, 656.5884, 54.8287657142857, 103.2, 33.142857142857146, 39.714285714285715
32, 655.9848, 54.96550571428572, 104.65714285714286, 32.714285714285715, 39.3
33, 655.3811999999999, 55.35024285714288, 105.85714285714286, 32.714285714285715, 39.52857142857143
34, 654.7776, 55.907638571428585, 108.04285714285714, 32.628571428571426, 39.128571428571426
35, 654.174, 56.03649000000001, 108.95714285714286, 32.371428571428574, 39.18571428571428
36, 653.5704, 57.22960142857141, 111.27142857142857, 33.02857142857143, 40.2
37, 652.9667999999999, 57.993854285714264, 112.74285714285715, 33.52857142857143, 40.47142857142857
38, 652.3632, 58.53427285714287, 114.55714285714286, 33.51428571428571, 40.52857142857143
39, 651.7596, 59.60767428571428, 116.25714285714285, 34.385714285714286, 41.0
40, 651.156, 59.87746285714286, 117.94285714285714, 34.02857142857143, 40.785714285714285
41, 650.5523999999999, 60.48134571428569, 118.97142857142858, 34.41428571428571, 41.4
42, 649.9488, 60.82484857142854, 120.8, 34.15714285714286, 40.94285714285714
43, 649.3452, 60.8844557142857, 121.44285714285714, 33.92857142857143, 40.957142857142856
44, 648.7416, 61.20742428571428, 123.04285714285714, 33.8, 40.25714285714286
45, 648.1379999999999, 61.98390714285714, 124.07142857142857, 34.47142857142857, 40.91428571428571
46, 647.5344, 62.389631428571384, 125.68571428571428, 34.457142857142856, 40.31428571428572
47, 646.9308, 63.08716571428571, 126.62857142857143, 35.05714285714286, 40.871428571428574
48, 646.3272, 63.24616, 127.97142857142858, 34.785714285714285, 40.142857142857146
49, 645.7235999999999, 63.32222999999997, 128.55714285714285, 34.614285714285714, 40.15714285714286
50, 645.12, 64.53310999999997, 131.04285714285714, 35.31428571428572, 40.65714285714286
51, 644.5164, 64.98910999999997, 131.9, 35.57142857142857, 41.08571428571429
52, 643.9128, 65.94042571428571, 134.02857142857144, 36.0, 41.642857142857146
53, 643.3091999999999, 66.37393285714286, 134.81428571428572, 36.285714285714285, 41.91428571428571
54, 642.7056, 66.47356571428568, 135.77142857142857, 36.142857142857146, 41.01428571428571
55, 642.102, 67.25563857142856, 136.75714285714287, 36.84285714285714, 41.68571428571428
56, 641.4984, 67.52385999999996, 138.11428571428573, 36.614285714285714, 41.65714285714286
57, 640.8947999999999, 67.75527285714284, 138.7, 36.67142857142857, 41.857142857142854
58, 640.2912, 67.90671857142853, 140.24285714285713, 36.27142857142857, 41.2
59, 639.6876, 68.27083, 140.9857142857143, 36.48571428571429, 41.34285714285714
60, 639.084, 68.9802871428571, 143.12857142857143, 36.614285714285714, 41.285714285714285
61, 638.4803999999999, 69.30971285714281, 143.87142857142857, 36.8, 41.27142857142857
62, 637.8768, 70.16975999999997, 146.25714285714287, 37.01428571428571, 41.457142857142856
63, 637.2732, 71.15978714285714, 147.7, 37.885714285714286, 41.871428571428574
64, 636.6696, 71.65399142857143, 149.65714285714284, 37.81428571428572, 41.44285714285714
65, 636.0659999999999, 72.27190000000003, 150.85714285714286, 38.214285714285715, 41.65714285714286
66, 635.4624, 72.72611285714288, 152.87142857142857, 38.042857142857144, 41.24285714285714
67, 634.8588, 72.91159428571427, 153.4857142857143, 38.05714285714286, 41.18571428571428
68, 634.2552, 73.59113571428571, 155.35714285714286, 38.22857142857143, 41.357142857142854
69, 633.6515999999999, 73.72445285714285, 155.75714285714287, 38.27142857142857, 41.25714285714286
70, 633.048, 74.20998285714286, 157.88571428571427, 38.02857142857143, 41.18571428571428
71, 632.4444, 74.96778142857141, 158.9, 38.714285714285715, 41.642857142857146
72, 631.8408, 75.5303171428571, 160.54285714285714, 38.8, 41.82857142857143
73, 631.2371999999999, 75.72338999999995, 161.1, 38.82857142857143, 41.91428571428571
74, 630.6336, 76.38085714285714, 163.28571428571428, 38.785714285714285, 42.17142857142857
75, 630.03, 76.9390514285714, 164.34285714285716, 39.142857142857146, 42.457142857142856
76, 629.4264, 77.54778857142854, 166.25714285714287, 39.18571428571428, 42.55714285714286
77, 628.8227999999999, 77.67226000000001, 166.82857142857142, 39.142857142857146, 42.371428571428574
78, 628.2192, 77.66089857142856, 168.15714285714284, 38.58571428571429, 41.65714285714286
79, 627.6156, 78.33596428571425, 169.07142857142858, 39.22857142857143, 41.871428571428574
80, 627.012, 78.77822142857143, 170.64285714285714, 39.24285714285714, 41.55714285714286
81, 626.4083999999999, 79.83843714285717, 172.05714285714285, 40.24285714285714, 42.0
82, 625.8048, 80.84086428571432, 174.5, 40.642857142857146, 42.32857142857143
83, 625.2012, 81.1360642857143, 175.07142857142858, 40.871428571428574, 42.24285714285714
84, 624.5975999999999, 80.94690285714287, 175.82857142857142, 40.285714285714285, 41.614285714285714
85, 623.9939999999999, 81.49789857142856, 176.5857142857143, 40.8, 41.81428571428572
86, 623.3904, 82.45322285714285, 178.62857142857143, 41.34285714285714, 42.042857142857144
87, 622.7868, 83.39293142857143, 179.68571428571428, 42.3, 42.58571428571429
88, 622.1831999999999, 84.39524000000002, 181.02857142857144, 43.25714285714286, 42.92857142857143
89, 621.5795999999999, 84.89996999999997, 181.5857142857143, 43.8, 43.1
90, 620.976, 85.52155571428573, 182.72857142857143, 44.27142857142857, 43.128571428571426
91, 620.3724, 85.92303999999999, 183.31428571428572, 44.65714285714286, 43.128571428571426
92, 619.7687999999999, 86.54229285714288, 184.5, 45.1, 43.17142857142857
93, 619.1651999999999, 87.25714857142856, 185.37142857142857, 45.77142857142857, 43.7
94, 618.5616, 87.69718285714283, 186.74285714285713, 45.91428571428571, 43.22857142857143
95, 617.958, 88.29585142857142, 187.4857142857143, 46.51428571428571, 43.44285714285714
96, 617.3543999999999, 88.51900142857146, 188.9857142857143, 46.2, 43.08571428571429
97, 616.7507999999999, 89.20172285714284, 189.77142857142857, 46.871428571428574, 43.55714285714286
98, 616.1472, 89.69994714285716, 191.1, 47.07142857142857, 43.41428571428571
99, 615.5436, 89.87602571428575, 191.31428571428572, 47.24285714285714, 43.51428571428571
100, 614.9399999999999, 90.2249342857143, 192.5142857142857, 47.24285714285714, 43.42857142857143
101, 614.3363999999999, 90.03290285714287, 192.4, 47.05714285714286, 43.0
102, 613.7328, 90.9306214285714, 194.35714285714286, 47.44285714285714, 43.75714285714286
103, 613.1292, 91.86115285714284, 195.61428571428573, 48.27142857142857, 44.357142857142854
104, 612.5255999999999, 93.19536428571425, 197.35714285714286, 49.457142857142856, 45.385714285714286
105, 611.9219999999999, 93.89727857142856, 198.07142857142858, 50.214285714285715, 45.77142857142857
106, 611.3184, 94.30651285714288, 199.0142857142857, 50.42857142857143, 45.785714285714285
107, 610.7148, 94.68585714285717, 199.28571428571428, 51.01428571428571, 45.385714285714286
108, 610.1111999999999, 95.16011142857143, 200.31428571428572, 51.34285714285714, 45.15714285714286
109, 609.5075999999999, 96.2643671428572, 201.47142857142856, 52.55714285714286, 45.55714285714286
110, 608.904, 96.87633714285718, 202.2, 53.32857142857143, 45.042857142857144
111, 608.3004, 96.84146285714286, 202.22857142857143, 53.457142857142856, 44.0
112, 607.6967999999999, 97.35231857142851, 202.95714285714286, 54.02857142857143, 43.628571428571426
113, 607.0931999999999, 97.47342857142853, 203.14285714285714, 54.34285714285714, 42.58571428571429
114, 606.4896, 97.9157457142857, 203.68571428571428, 54.91428571428571, 42.1
115, 605.886, 98.63606714285716, 204.47142857142856, 55.785714285714285, 41.871428571428574
116, 605.2823999999999, 99.19743142857146, 205.11428571428573, 56.42857142857143, 41.8
117, 604.6787999999999, 100.16303142857147, 206.11428571428573, 57.614285714285714, 41.542857142857144
118, 604.0752, 101.03786285714287, 207.0857142857143, 58.65714285714286, 41.3
119, 603.4716, 101.87085428571433, 208.02857142857144, 59.65714285714286, 40.98571428571429
120, 602.8679999999999, 102.01253714285717, 208.2, 59.9, 40.52857142857143
121, 602.2643999999999, 102.64193428571427, 208.8, 60.7, 40.357142857142854
122, 601.6608, 103.31011571428573, 209.4142857142857, 61.614285714285714, 39.9
123, 601.0572, 103.8080285714286, 209.85714285714286, 62.32857142857143, 39.42857142857143
124, 600.4535999999999, 104.53794285714285, 210.57142857142858, 63.2, 39.47142857142857
125, 599.8499999999999, 105.22855142857141, 211.2, 64.12857142857143, 39.1
126, 599.2464, 105.84944571428572, 211.4, 65.04285714285714, 39.31428571428572
127, 598.6428, 106.34201000000004, 211.75714285714287, 65.8, 38.8
128, 598.0391999999999, 106.94446571428571, 212.2, 66.62857142857143, 38.65714285714286
129, 597.4355999999999, 108.3464042857143, 213.52857142857144, 68.25714285714285, 39.08571428571429
130, 596.832, 108.90823142857147, 213.68571428571428, 69.22857142857143, 38.6
131, 596.2284, 110.03102142857139, 214.64285714285714, 70.64285714285714, 38.65714285714286
132, 595.6247999999999, 110.89391714285716, 215.4, 71.68571428571428, 38.871428571428574
133, 595.0211999999999, 111.09646000000001, 215.4, 72.2, 38.0
134, 594.4176, 111.57676428571425, 215.64285714285714, 73.0, 37.457142857142856
135, 593.814, 112.58736857142858, 216.31428571428572, 74.37142857142857, 37.5
136, 593.2103999999999, 113.30507000000001, 216.87142857142857, 75.37142857142857, 37.18571428571428
137, 592.6067999999999, 113.91098285714288, 217.17142857142858, 76.32857142857142, 36.785714285714285
138, 592.0032, 115.02270285714283, 217.97142857142856, 77.84285714285714, 36.642857142857146
139, 591.3996, 115.83225, 218.5, 79.0, 36.4
140, 590.7959999999999, 116.32452714285706, 218.5857142857143, 79.91428571428571, 35.785714285714285
141, 590.1923999999999, 116.98528428571429, 218.87142857142857, 80.9, 35.75714285714286
142, 589.5888, 117.32893000000004, 219.12857142857143, 81.45714285714286, 35.22857142857143
143, 588.9852, 117.92484999999996, 219.21428571428572, 82.52857142857142, 34.714285714285715
144, 588.3815999999999, 118.89337142857137, 219.85714285714286, 83.84285714285714, 34.75714285714286
145, 587.7779999999999, 119.90791714285714, 220.25714285714287, 85.42857142857143, 34.44285714285714
146, 587.1744, 120.9004528571428, 220.9, 86.81428571428572, 34.32857142857143
147, 586.5708, 121.42704571428573, 220.68571428571428, 88.02857142857142, 33.25714285714286
148, 585.9671999999999, 122.36114142857143, 221.3, 89.25714285714285, 33.51428571428571
149, 585.3635999999999, 123.35187571428573, 221.81428571428572, 90.78571428571429, 32.98571428571429
150, 584.76, 124.29185142857145, 222.34285714285716, 92.14285714285714, 32.857142857142854
151, 584.1564, 125.29088285714286, 222.88571428571427, 93.65714285714286, 32.4
152, 583.5527999999999, 126.25495857142862, 223.7, 94.85714285714286, 32.542857142857144
153, 582.9491999999999, 126.61242857142855, 223.57142857142858, 95.72857142857143, 31.52857142857143
154, 582.3456, 127.26150428571431, 224.1, 96.64285714285714, 31.12857142857143
155, 581.742, 128.3713328571429, 224.67142857142858, 98.32857142857142, 30.685714285714287
156, 581.1383999999999, 129.2495471428572, 225.24285714285713, 99.51428571428572, 30.785714285714285
157, 580.5347999999999, 129.4135757142857, 224.95714285714286, 100.2, 29.442857142857143
158, 579.9312, 129.92237999999998, 224.9142857142857, 101.18571428571428, 28.942857142857143
159, 579.3276, 130.55213285714282, 224.95714285714286, 102.41428571428571, 28.02857142857143
160, 578.7239999999999, 131.28387857142855, 225.21428571428572, 103.67142857142858, 27.3
161, 578.1203999999999, 132.09426857142853, 225.31428571428572, 105.22857142857143, 26.12857142857143
162, 577.5168, 133.05815285714286, 225.9, 106.7, 25.47142857142857
163, 576.9132, 134.36851285714283, 226.72857142857143, 108.57142857142857, 25.15714285714286
164, 576.3095999999999, 135.75093000000004, 227.84285714285716, 110.32857142857142, 25.314285714285713
165, 575.7059999999999, 136.57954428571432, 228.12857142857143, 111.8, 24.257142857142856
166, 575.1024, 137.2811385714286, 228.18571428571428, 113.17142857142858, 23.2
167, 574.4988, 137.9352771428571, 228.0857142857143, 114.51428571428572, 22.285714285714285
168, 573.8951999999999, 138.32547428571425, 228.11428571428573, 115.31428571428572, 21.514285714285716
169, 573.2915999999999, 139.16143428571428, 228.0857142857143, 116.9, 20.757142857142856
170, 572.688, 140.05325571428568, 228.44285714285715, 118.34285714285714, 20.214285714285715
171, 572.0844, 140.43746714285714, 228.04285714285714, 119.42857142857143, 19.042857142857144
172, 571.4807999999999, 141.01725714285715, 228.28571428571428, 120.42857142857143, 18.34285714285714
173, 570.8771999999999, 141.75432428571426, 228.32857142857142, 121.74285714285715, 17.928571428571427
174, 570.2736, 142.39639714285704, 228.6, 122.74285714285715, 17.7
175, 569.67, 142.88886571428569, 228.34285714285716, 123.75714285714285, 17.47142857142857
176, 569.0663999999999, 143.81173285714294, 228.38571428571427, 125.27142857142857, 17.65714285714286
177, 568.4627999999999, 144.67501999999996, 228.0857142857143, 126.91428571428571, 17.557142857142857
178, 567.8592, 145.403457142857, 228.0, 128.25714285714287, 17.257142857142856
179, 567.2556, 146.11388571428574, 227.42857142857142, 129.8, 17.042857142857144
180, 566.6519999999999, 146.8520957142857, 227.47142857142856, 131.0857142857143, 16.785714285714285
181, 566.0483999999999, 147.3415471428572, 226.95714285714286, 132.22857142857143, 16.542857142857144
182, 565.4448, 148.14149571428575, 227.04285714285714, 133.61428571428573, 16.2
183, 564.8412, 149.16457285714293, 227.27142857142857, 135.17142857142858, 16.557142857142857
184, 564.2375999999999, 149.77642142857147, 227.21428571428572, 136.24285714285713, 16.557142857142857
185, 563.6339999999999, 150.2647514285714, 227.05714285714285, 137.17142857142858, 16.47142857142857
186, 563.0304, 150.77245, 226.64285714285714, 138.3, 16.2
187, 562.4268, 151.4486528571428, 226.47142857142856, 139.5142857142857, 16.32857142857143
188, 561.8231999999999, 152.08761714285717, 226.25714285714287, 140.72857142857143, 16.242857142857144
189, 561.2195999999999, 152.3970085714286, 225.9142857142857, 141.4857142857143, 15.957142857142857
190, 560.616, 152.63841285714284, 225.44285714285715, 142.22857142857143, 15.485714285714286
191, 560.0124, 153.10618714285715, 225.27142857142857, 143.15714285714284, 15.257142857142858
192, 559.4087999999999, 153.93591428571426, 225.57142857142858, 144.44285714285715, 15.128571428571428
193, 558.8052, 154.83129142857143, 225.65714285714284, 145.88571428571427, 15.32857142857143
194, 558.2016, 155.45689428571433, 225.34285714285716, 147.11428571428573, 15.314285714285715
195, 557.598, 155.91885714285718, 225.0, 148.12857142857143, 15.042857142857143
196, 556.9943999999999, 156.39272571428577, 224.88571428571427, 148.9857142857143, 15.085714285714285
197, 556.3907999999999, 156.82114428571438, 224.4142857142857, 150.0, 14.857142857142858
198, 555.7872, 157.46752142857142, 224.07142857142858, 151.22857142857143, 15.1
199, 555.1836, 158.32563571428577, 224.07142857142858, 152.65714285714284, 15.271428571428572
200, 554.5799999999999, 159.2126928571429, 224.21428571428572, 154.04285714285714, 15.542857142857143
201, 553.9764, 159.51847714285725, 223.8, 154.88571428571427, 14.971428571428572
202, 553.3728, 159.77040142857143, 222.9857142857143, 155.85714285714286, 14.314285714285715
203, 552.7692, 160.07450999999998, 222.61428571428573, 156.61428571428573, 14.057142857142857
204, 552.1655999999999, 160.5179842857143, 222.3, 157.57142857142858, 13.842857142857143
205, 551.5619999999999, 160.84467571428573, 222.1, 158.27142857142857, 13.628571428571428
206, 550.9584, 161.1253171428572, 221.4, 159.11428571428573, 13.585714285714285
207, 550.3548, 161.25349999999997, 220.71428571428572, 159.74285714285713, 13.271428571428572
208, 549.7511999999999, 161.64784714285716, 220.1, 160.78571428571428, 12.971428571428572
209, 549.1476, 161.86873714285707, 219.05714285714285, 161.84285714285716, 12.2
210, 548.544, 162.88490571428568, 218.94285714285715, 163.65714285714284, 12.071428571428571
211, 547.9404, 163.2708457142857, 217.97142857142856, 164.92857142857142, 11.457142857142857
212, 547.3367999999999, 163.55204142857144, 217.0142857142857, 166.0142857142857, 10.842857142857143
213, 546.7331999999999, 164.0661885714286, 215.97142857142856, 167.55714285714285, 10.142857142857142
214, 546.1296, 164.6795757142857, 215.24285714285713, 169.02857142857144, 9.857142857142858
215, 545.526, 165.06703285714286, 213.81428571428572, 170.57142857142858, 9.057142857142857
216, 544.9223999999999, 165.11045857142858, 213.12857142857143, 171.1, 8.514285714285714
217, 544.3188, 165.4594171428572, 211.25714285714287, 172.8, 7.728571428571429
218, 543.7152, 165.76438571428574, 210.42857142857142, 173.88571428571427, 6.985714285714286
219, 543.1116, 166.23503000000014, 208.4142857142857, 175.77142857142857, 6.685714285714286
220, 542.5079999999999, 166.71561285714284, 208.15714285714284, 176.75714285714287, 6.5
221, 541.9043999999999, 166.69176714285723, 206.18571428571428, 177.82857142857142, 5.942857142857143
222, 541.3008, 166.92639000000003, 205.67142857142858, 178.54285714285714, 5.671428571428572
223, 540.6972, 167.1054057142857, 203.65714285714284, 179.94285714285715, 5.314285714285714
224, 540.0935999999999, 167.5924714285714, 203.28571428571428, 180.82857142857142, 6.0
225, 539.49, 167.58903857142852, 200.75714285714287, 182.07142857142858, 6.2
226, 538.8864, 167.6063842857143, 199.72857142857143, 182.4, 7.357142857142857
227, 538.2828, 167.36858999999993, 197.24285714285713, 183.18571428571428, 7.742857142857143
228, 537.6791999999999, 167.59694571428568, 196.68571428571428, 183.61428571428573, 9.0
229, 537.0755999999999, 167.75121000000004, 194.47142857142856, 184.87142857142857, 9.685714285714285
230, 536.472, 167.9747685714285, 193.31428571428572, 185.7, 10.414285714285715
231, 535.8684, 168.31660428571425, 191.67142857142858, 186.9857142857143, 11.1
232, 535.2647999999999, 168.36511714285717, 190.54285714285714, 187.45714285714286, 12.057142857142857
233, 534.6612, 168.22016857142853, 188.45714285714286, 188.3, 11.914285714285715
234, 534.0576, 168.2013171428572, 187.25714285714287, 188.84285714285716, 12.1
235, 533.454, 167.9479328571429, 184.95714285714286, 189.75714285714287, 11.2
236, 532.8503999999999, 168.11570714285716, 183.92857142857142, 190.6, 11.028571428571428
237, 532.2467999999999, 168.0117171428572, 182.4, 191.52857142857144, 9.342857142857143
238, 531.6432, 167.61341714285717, 180.97142857142856, 191.97142857142856, 7.314285714285714
239, 531.0396, 167.44608571428572, 179.57142857142858, 192.75714285714287, 5.4714285714285715
240, 530.4359999999999, 167.2095242857142, 178.18571428571428, 193.24285714285713, 4.5285714285714285
241, 529.8324, 167.25211285714286, 176.72857142857143, 194.25714285714287, 3.5
242, 529.2288, 167.0612428571428, 175.57142857142858, 194.65714285714284, 2.8
243, 528.6252, 167.49854857142856, 174.37142857142857, 196.07142857142858, 2.5
244, 528.0215999999999, 166.9867657142857, 172.77142857142857, 196.0142857142857, 2.5
245, 527.4179999999999, 166.46299285714284, 170.78571428571428, 196.28571428571428, 1.7142857142857142
246, 526.8144, 166.08544857142851, 168.8, 196.72857142857143, 1.3285714285714285
247, 526.2108, 165.56986142857127, 166.95714285714286, 196.88571428571427, 0.8285714285714286
248, 525.6071999999999, 165.5588228571428, 165.9142857142857, 197.32857142857142, 1.1857142857142857
249, 525.0036, 165.02775857142856, 163.84285714285716, 197.52857142857144, 0.9285714285714286
250, 524.4, 164.7539614285714, 162.24285714285713, 197.77142857142857, 1.4714285714285715
251, 523.7964, 164.1141157142857, 159.27142857142857, 198.2, 1.4428571428571428
252, 523.1927999999999, 163.66346571428565, 157.05714285714285, 198.45714285714286, 1.9714285714285715
253, 522.5891999999999, 162.72588857142853, 153.82857142857142, 198.44285714285715, 2.2857142857142856
254, 521.9856, 162.3361299999999, 151.7, 198.57142857142858, 3.7857142857142856
255, 521.382, 161.72133714285707, 148.4857142857143, 198.9, 5.128571428571429
256, 520.7783999999999, 161.29967428571425, 145.68571428571428, 199.18571428571428, 7.3
257, 520.1748, 160.45029714285715, 142.17142857142858, 199.22857142857143, 8.842857142857143
258, 519.5712, 160.63655857142854, 140.12857142857143, 199.92857142857142, 12.228571428571428
259, 518.9676, 159.89822857142855, 137.28571428571428, 199.87142857142857, 13.5
260, 518.3639999999999, 158.82663000000002, 134.84285714285716, 199.04285714285714, 14.771428571428572
261, 517.7603999999999, 158.96963857142856, 132.9, 199.94285714285715, 16.485714285714284
262, 517.1568, 159.01018714285706, 130.84285714285716, 200.65714285714284, 18.557142857142857
263, 516.5532, 159.0560657142857, 128.77142857142857, 201.45714285714286, 20.271428571428572
264, 515.9495999999999, 158.0343185714286, 126.24285714285715, 200.75714285714287, 21.542857142857144
265, 515.346, 157.46189714285714, 123.45714285714286, 200.92857142857142, 22.942857142857143
266, 514.7424, 156.54651285714286, 120.01428571428572, 200.81428571428572, 24.52857142857143
267, 514.1388, 156.17775571428575, 116.44285714285714, 201.5857142857143, 26.685714285714287
268, 513.5351999999999, 154.22925428571423, 112.02857142857142, 200.31428571428572, 27.714285714285715
269, 512.9315999999999, 154.0227999999999, 108.57142857142857, 201.34285714285716, 29.67142857142857
270, 512.328, 153.2011085714286, 105.05714285714286, 201.38571428571427, 31.457142857142856
271, 511.72439999999995, 152.14905714285706, 100.85714285714286, 201.37142857142857, 33.31428571428572
272, 511.1207999999999, 151.17800000000005, 97.0, 201.24285714285713, 35.57142857142857
273, 510.51719999999995, 150.22034285714295, 93.0, 201.15714285714284, 38.1
274, 509.9136, 148.84124285714287, 88.85714285714286, 200.44285714285715, 40.542857142857144
275, 509.30999999999995, 147.7692757142857, 85.24285714285715, 200.07142857142858, 42.52857142857143
276, 508.7063999999999, 146.88145000000006, 82.64285714285714, 199.5, 44.5
277, 508.10279999999995, 146.63276142857134, 80.52857142857142, 199.62857142857143, 47.2
278, 507.4992, 145.99543714285713, 78.2, 199.05714285714285, 50.65714285714286
279, 506.89559999999994, 145.12880857142852, 75.77142857142857, 198.44285714285715, 52.58571428571429
280, 506.2919999999999, 144.58053714285708, 74.05714285714286, 198.05714285714285, 54.25714285714286
281, 505.68839999999994, 143.83920571428567, 71.37142857142857, 197.74285714285713, 56.41428571428571
282, 505.0848, 143.02675857142856, 68.98571428571428, 197.07142857142858, 59.0
283, 504.48119999999994, 142.21730714285724, 65.92857142857143, 196.88571428571427, 60.871428571428574
284, 503.8775999999999, 141.5682028571429, 63.97142857142857, 196.37142857142857, 62.957142857142856
285, 503.27399999999994, 140.8241542857143, 61.31428571428572, 196.25714285714287, 63.98571428571429
286, 502.6704, 140.0141228571428, 59.34285714285714, 195.62857142857143, 65.28571428571429
287, 502.06679999999994, 139.05645428571427, 56.31428571428572, 195.5142857142857, 65.41428571428571
288, 501.4631999999999, 137.19462428571433, 53.042857142857144, 194.0, 65.45714285714286
289, 500.85959999999994, 136.74640857142862, 50.34285714285714, 194.4142857142857, 66.47142857142858
290, 500.256, 136.19991285714286, 48.01428571428571, 194.3, 68.37142857142857
291, 499.65239999999994, 135.11456142857142, 44.81428571428572, 194.0, 68.78571428571429
292, 499.0487999999999, 133.87085000000002, 42.5, 192.85714285714286, 69.82857142857142
293, 498.44519999999994, 133.20440428571433, 39.81428571428572, 192.82857142857142, 71.17142857142858
294, 497.84159999999997, 132.64943142857146, 37.25714285714286, 192.78571428571428, 73.22857142857143
295, 497.23799999999994, 131.60291857142855, 34.24285714285714, 192.27142857142857, 74.6
296, 496.6343999999999, 130.26846428571434, 32.07142857142857, 190.94285714285715, 75.42857142857143
297, 496.03079999999994, 129.56195571428572, 29.442857142857143, 190.71428571428572, 77.3
298, 495.42719999999997, 129.0134028571428, 26.97142857142857, 190.5, 80.07142857142857
299, 494.82359999999994, 127.86933714285718, 23.62857142857143, 189.92857142857142, 81.74285714285715
300, 494.2199999999999, 126.44304571428576, 20.685714285714287, 188.71428571428572, 83.2
301, 493.61639999999994, 125.36921714285714, 17.4, 188.3, 84.52857142857142
302, 493.01279999999997, 124.52297857142858, 15.5, 187.54285714285714, 85.98571428571428
303, 492.40919999999994, 123.9231771428572, 13.085714285714285, 187.42857142857142, 87.64285714285714
304, 491.8055999999999, 122.9500485714286, 10.942857142857143, 186.54285714285714, 89.28571428571429
305, 491.20199999999994, 122.24880428571433, 8.814285714285715, 186.07142857142858, 91.14285714285714
306, 490.59839999999997, 121.36823285714287, 7.242857142857143, 185.0857142857143, 92.61428571428571
307, 489.99479999999994, 120.75562999999994, 5.557142857142857, 184.62857142857143, 94.01428571428572
308, 489.3911999999999, 119.72966714285717, 4.185714285714286, 183.35714285714286, 95.15714285714286
309, 488.78759999999994, 119.14834285714285, 2.857142857142857, 182.77142857142857, 96.55714285714286
310, 488.18399999999997, 118.44700142857143, 2.1285714285714286, 181.62857142857143, 98.2
311, 487.58039999999994, 118.3855957142857, 1.7571428571428571, 181.38571428571427, 99.88571428571429
312, 486.9767999999999, 118.37896999999998, 2.0142857142857142, 180.78571428571428, 102.24285714285715
313, 486.37319999999994, 117.96181000000001, 1.4714285714285715, 180.25714285714287, 102.72857142857143
314, 485.76959999999997, 117.48935000000009, 1.6428571428571428, 178.95714285714286, 104.82857142857142
315, 485.16599999999994, 116.79247000000001, 1.0142857142857142, 178.04285714285714, 105.07142857142857
316, 484.5623999999999, 116.29201857142857, 0.8142857142857143, 177.02857142857144, 106.42857142857143
317, 483.95879999999994, 116.01161285714281, 0.8714285714285714, 176.4857142857143, 106.61428571428571
318, 483.35519999999997, 115.16878142857148, 0.7571428571428571, 174.9, 107.68571428571428
319, 482.75159999999994, 115.30323142857148, 0.8285714285714286, 174.94285714285715, 108.45714285714286
320, 482.1479999999999, 115.1923942857143, 1.6285714285714286, 173.9, 110.75714285714285
321, 481.54439999999994, 114.84350714285718, 1.3571428571428572, 173.28571428571428, 111.57142857142857
322, 480.94079999999997, 114.24429571428574, 1.4714285714285715, 171.85714285714286, 113.37142857142857
323, 480.33719999999994, 113.74204142857143, 1.0142857142857142, 171.04285714285714, 114.35714285714286
324, 479.7335999999999, 112.94579714285707, 0.7428571428571429, 169.5, 116.02857142857142
325, 479.12999999999994, 112.57104999999997, 0.6428571428571429, 168.75714285714287, 116.82857142857142
326, 478.52639999999997, 111.85798857142855, 0.9714285714285714, 167.11428571428573, 118.17142857142858
327, 477.92279999999994, 111.5804185714286, 0.9571428571428572, 166.55714285714285, 118.64285714285714
328, 477.3191999999999, 111.13111714285714, 0.8285714285714286, 165.57142857142858, 120.11428571428571
329, 476.71559999999994, 110.65273285714282, 0.6714285714285714, 164.81428571428572, 120.22857142857143
330, 476.11199999999997, 110.30824428571424, 0.8428571428571429, 163.85714285714286, 121.68571428571428
331, 475.50839999999994, 109.76077142857145, 0.5714285714285714, 163.05714285714285, 121.71428571428571
332, 474.9047999999999, 109.11545714285717, 0.7142857142857143, 161.67142857142858, 122.81428571428572
333, 474.30119999999994, 108.85881714285715, 0.8285714285714286, 161.04285714285714, 123.5
334, 473.69759999999997, 108.33323428571433, 1.3714285714285714, 159.57142857142858, 125.04285714285714
335, 473.09399999999994, 107.8751342857143, 1.3714285714285714, 158.5857142857143, 126.1
336, 472.4903999999999, 106.09099428571436, 1.2, 155.5142857142857, 126.71428571428571
337, 471.88679999999994, 105.01411142857138, 0.7428571428571429, 153.75714285714287, 127.51428571428572
338, 471.28319999999997, 103.71217714285717, 0.9428571428571428, 151.15714285714284, 128.95714285714286
339, 470.67959999999994, 102.82952857142853, 0.5714285714285714, 149.64285714285714, 129.9857142857143
340, 470.0759999999999, 102.39895428571428, 1.1714285714285715, 148.15714285714284, 132.28571428571428
341, 469.47239999999994, 101.21347571428572, 0.5285714285714286, 146.34285714285716, 132.9142857142857
342, 468.86879999999996, 100.47446714285716, 0.6142857142857143, 144.85714285714286, 133.85714285714286
343, 468.26519999999994, 100.38413285714289, 0.8142857142857143, 144.45714285714286, 134.6
344, 467.6615999999999, 99.29319, 0.8142857142857143, 142.45714285714286, 135.32857142857142
345, 467.05799999999994, 98.93218428571424, 0.8714285714285714, 141.77142857142857, 135.54285714285714
346, 466.45439999999996, 98.49769571428574, 1.4714285714285715, 140.34285714285716, 137.5142857142857
347, 465.85079999999994, 97.48775714285708, 1.0, 138.94285714285715, 137.1
348, 465.2471999999999, 96.53956999999997, 1.3, 137.0, 138.0
349, 464.64359999999994, 95.58093428571426, 0.8, 135.67142857142858, 137.74285714285713
350, 464.03999999999996, 94.61873999999996, 1.0285714285714285, 133.5857142857143, 139.44285714285715
351, 463.43639999999994, 93.42688571428572, 0.5714285714285714, 131.77142857142857, 139.52857142857144
352, 462.8327999999999, 92.27149571428572, 0.9, 129.4, 140.74285714285713
353, 462.22919999999993, 91.20528857142858, 0.8285714285714286, 127.42857142857143, 141.72857142857143
354, 461.62559999999996, 89.80464714285714, 1.2428571428571429, 124.64285714285714, 142.7
355, 461.02199999999993, 88.42051285714285, 0.7285714285714285, 122.48571428571428, 143.0142857142857
356, 460.4183999999999, 87.06606857142857, 1.0285714285714285, 119.82857142857142, 144.02857142857144
357, 459.81479999999993, 85.91385857142855, 0.7, 118.08571428571429, 143.75714285714287
358, 459.21119999999996, 84.48775714285718, 1.0, 115.42857142857143, 144.14285714285714
359, 458.60759999999993, 83.66300428571431, 0.6714285714285714, 114.17142857142858, 144.24285714285713
360, 458.0039999999999, 82.63289285714286, 0.6428571428571429, 112.22857142857143, 145.28571428571428
361, 457.40039999999993, 81.8231957142857, 0.4714285714285714, 110.91428571428571, 145.4
362, 456.79679999999996, 80.60129571428574, 0.9, 108.42857142857143, 146.35714285714286
363, 456.19319999999993, 79.43429571428568, 0.9, 106.45714285714286, 146.27142857142857
364, 455.5895999999999, 77.75871285714284, 1.1571428571428573, 103.38571428571429, 146.71428571428572
365, 454.98599999999993, 76.07504, 0.7428571428571429, 100.91428571428571, 145.75714285714287
366, 454.38239999999996, 74.98861571428569, 1.2714285714285714, 98.7, 146.24285714285713
367, 453.77879999999993, 73.19013999999997, 0.6, 96.2, 145.1
368, 453.1751999999999, 71.70342285714283, 0.6285714285714286, 93.6, 145.37142857142857
369, 452.57159999999993, 70.78148, 0.6285714285714286, 92.05714285714286, 145.22857142857143
370, 451.96799999999996, 69.49408285714287, 1.1714285714285715, 89.45714285714286, 145.9
371, 451.36439999999993, 68.51801714285712, 1.1142857142857143, 87.84285714285714, 145.8
372, 450.7607999999999, 66.81483999999995, 1.0285714285714285, 85.05714285714286, 145.42857142857142
373, 450.15719999999993, 65.23331428571427, 0.8571428571428571, 82.6, 144.65714285714284
374, 449.55359999999996, 63.78216285714284, 1.2285714285714286, 79.8, 145.37142857142857
375, 448.94999999999993, 62.01887857142857, 0.7857142857142857, 77.17142857142858, 144.6
376, 448.3463999999999, 60.72483714285714, 1.3428571428571427, 74.6, 145.02857142857144
377, 447.74279999999993, 58.717948571428565, 0.5142857142857142, 71.8, 144.0142857142857
378, 447.13919999999996, 57.61194857142856, 0.8, 69.54285714285714, 145.18571428571428
379, 446.53559999999993, 56.70538428571428, 0.7285714285714285, 67.95714285714286, 145.5857142857143
380, 445.9319999999999, 55.546015714285744, 1.1285714285714286, 65.62857142857143, 146.35714285714286
381, 445.32839999999993, 54.44181, 0.7571428571428571, 64.01428571428572, 145.95714285714286
382, 444.72479999999996, 53.93870428571425, 1.5285714285714285, 62.52857142857143, 147.17142857142858
383, 444.12119999999993, 52.73035, 0.9285714285714286, 60.91428571428571, 146.45714285714286
384, 443.51759999999996, 51.648458571428556, 1.1285714285714286, 58.9, 146.81428571428572
385, 442.914, 50.99294285714285, 0.8571428571428571, 57.97142857142857, 146.55714285714285
386, 442.31039999999996, 50.06934714285715, 1.3857142857142857, 56.042857142857144, 147.0
387, 441.70679999999993, 49.13156000000001, 1.1142857142857143, 54.7, 146.4
388, 441.10319999999996, 47.37670857142858, 1.2, 51.8, 145.71428571428572
389, 440.4996, 46.17302428571428, 0.9, 50.07142857142857, 144.84285714285716
390, 439.89599999999996, 45.16803857142855, 1.1857142857142857, 48.2, 144.9142857142857
391, 439.29239999999993, 44.32498142857143, 0.9, 47.02857142857143, 144.3
392, 438.68879999999996, 42.995801428571426, 1.1285714285714286, 44.81428571428572, 143.44285714285715
393, 438.0852, 41.953338571428546, 0.6142857142857143, 43.5, 142.4142857142857
394, 437.48159999999996, 40.816454285714286, 1.3142857142857143, 41.24285714285714, 142.22857142857143
395, 436.87799999999993, 40.18737428571429, 0.9714285714285714, 40.44285714285714, 141.72857142857143
396, 436.27439999999996, 39.70910142857143, 1.8428571428571427, 39.042857142857144, 142.45714285714286
397, 435.6708, 38.598032857142854, 0.9571428571428572, 37.82857142857143, 141.28571428571428
398, 435.06719999999996, 38.13054857142856, 1.6571428571428573, 36.628571428571426, 141.52857142857144
399, 434.46359999999993, 36.78338, 0.4857142857142857, 35.17142857142857, 140.28571428571428
400, 433.85999999999996, 36.48532857142856, 1.2857142857142858, 34.22857142857143, 140.42857142857142
401, 433.2564, 35.77677285714286, 0.8428571428571429, 33.385714285714286, 139.71428571428572
402, 432.65279999999996, 35.48279714285713, 1.7428571428571429, 32.457142857142856, 139.55714285714285
403, 432.0491999999999, 34.4416757142857, 0.9571428571428572, 31.3, 138.44285714285715
404, 431.44559999999996, 33.80419428571429, 1.3428571428571427, 30.12857142857143, 137.87142857142857
405, 430.842, 33.10208714285715, 0.8428571428571429, 29.32857142857143, 137.14285714285714
406, 430.23839999999996, 32.56133, 1.1285714285714286, 28.228571428571428, 137.31428571428572
407, 429.6347999999999, 31.969469999999994, 0.7285714285714285, 27.557142857142857, 136.62857142857143
408, 429.03119999999996, 31.160198571428573, 1.0142857142857142, 26.085714285714285, 136.35714285714286
409, 428.4276, 30.481491428571434, 0.6571428571428571, 25.3, 135.38571428571427
410, 427.82399999999996, 29.760044285714287, 1.4142857142857144, 23.771428571428572, 134.94285714285715
411, 427.2203999999999, 29.311270000000015, 1.1571428571428573, 23.257142857142856, 134.32857142857142
412, 426.61679999999996, 28.712147142857148, 1.6714285714285715, 21.985714285714284, 134.27142857142857
413, 426.0132, 27.83259857142859, 0.8714285714285714, 21.1, 133.21428571428572
414, 425.40959999999995, 27.829760000000014, 1.2571428571428571, 20.857142857142858, 133.42857142857142
415, 424.8059999999999, 27.65511714285716, 1.2571428571428571, 20.642857142857142, 133.0
416, 424.20239999999995, 26.78019000000001, 1.2428571428571429, 19.242857142857144, 132.57142857142858
417, 423.5988, 26.070337142857145, 0.7714285714285715, 18.442857142857143, 131.7
418, 422.99519999999995, 25.12535428571429, 1.0285714285714285, 16.771428571428572, 131.34285714285716
419, 422.3915999999999, 24.91569285714287, 0.9285714285714286, 16.542857142857144, 130.94285714285715
420, 421.78799999999995, 24.668772857142855, 1.7, 15.757142857142858, 130.8
421, 421.1844, 24.226779999999994, 1.4857142857142858, 15.271428571428572, 129.9857142857143
422, 420.58079999999995, 23.585262857142858, 1.0857142857142856, 14.457142857142857, 129.6
423, 419.9771999999999, 23.19054714285714, 0.9571428571428572, 14.0, 128.82857142857142
424, 419.37359999999995, 22.196537142857142, 1.3428571428571427, 12.357142857142858, 127.55714285714286
425, 418.7699999999999, 21.779701428571425, 1.1285714285714286, 11.914285714285715, 126.74285714285715
426, 418.16639999999995, 21.410939999999997, 1.8857142857142857, 11.014285714285714, 126.15714285714286
427, 417.5627999999999, 20.884100000000007, 1.5714285714285714, 10.457142857142857, 125.22857142857143
428, 416.95919999999995, 20.188850000000002, 2.0714285714285716, 9.242857142857142, 124.07142857142857
429, 416.3555999999999, 19.92553285714286, 1.8142857142857143, 9.1, 123.17142857142858
430, 415.75199999999995, 19.98019285714285, 2.2142857142857144, 9.114285714285714, 122.52857142857142
431, 415.1483999999999, 19.71476142857142, 1.957142857142857, 8.942857142857143, 121.75714285714285
432, 414.54479999999995, 19.47229285714285, 2.5, 8.414285714285715, 120.92857142857143
433, 413.9411999999999, 19.56550857142856, 2.6285714285714286, 8.571428571428571, 120.6
434, 413.33759999999995, 18.84985714285714, 3.142857142857143, 7.3428571428571425, 119.3
435, 412.7339999999999, 18.625715714285707, 2.9857142857142858, 7.171428571428572, 118.62857142857143
436, 412.13039999999995, 18.246142857142853, 3.4285714285714284, 6.371428571428571, 118.25714285714285
437, 411.5267999999999, 18.104474285714286, 3.4, 6.3, 117.45714285714286
438, 410.92319999999995, 18.35032428571429, 4.9, 6.171428571428572, 116.34285714285714
439, 410.3195999999999, 18.36512571428571, 5.0285714285714285, 6.314285714285714, 115.4
440, 409.71599999999995, 18.25093285714286, 5.814285714285714, 5.9, 114.47142857142858
441, 409.1123999999999, 17.921874285714285, 5.542857142857143, 5.685714285714286, 113.4
442, 408.50879999999995, 17.92326142857142, 7.242857142857143, 5.0, 112.48571428571428
443, 407.9051999999999, 17.692897142857134, 7.171428571428572, 4.871428571428571, 111.31428571428572
444, 407.30159999999995, 17.788264285714284, 8.5, 4.557142857142857, 110.28571428571429
445, 406.6979999999999, 17.219588571428574, 7.9714285714285715, 4.1571428571428575, 108.74285714285715
446, 406.09439999999995, 17.07618999999999, 8.957142857142857, 3.585714285714286, 107.84285714285714
447, 405.4907999999999, 16.749091428571422, 8.657142857142857, 3.414285714285714, 106.64285714285714
448, 404.88719999999995, 16.362945714285726, 9.114285714285714, 2.742857142857143, 105.51428571428572
449, 404.2835999999999, 16.30652571428572, 9.028571428571428, 2.942857142857143, 104.21428571428571
450, 403.67999999999995, 16.286381428571435, 9.757142857142858, 2.742857142857143, 103.15714285714286
451, 403.0763999999999, 15.85612428571429, 9.32857142857143, 2.5, 101.75714285714285
452, 402.47279999999995, 16.32588857142857, 10.257142857142858, 2.8857142857142857, 101.45714285714286
453, 401.8691999999999, 16.553988571428572, 10.542857142857143, 3.3285714285714287, 100.42857142857143
454, 401.26559999999995, 16.665374285714286, 11.257142857142858, 3.357142857142857, 99.38571428571429
455, 400.6619999999999, 16.458235714285713, 11.071428571428571, 3.442857142857143, 97.61428571428571
456, 400.05839999999995, 16.183177142857144, 11.514285714285714, 3.0428571428571427, 96.1
457, 399.4547999999999, 16.408624285714286, 11.757142857142858, 3.7, 94.05714285714286
458, 398.85119999999995, 16.71748571428571, 13.285714285714286, 3.6142857142857143, 93.2
459, 398.2475999999999, 16.66765857142858, 13.271428571428572, 4.0, 90.81428571428572
460, 397.64399999999995, 16.311032857142862, 13.528571428571428, 3.6, 89.07142857142857
461, 397.0403999999999, 16.03075571428571, 13.3, 3.585714285714286, 87.28571428571429
462, 396.43679999999995, 16.132042857142856, 13.857142857142858, 3.7714285714285714, 85.75714285714285
463, 395.8331999999999, 15.937074285714285, 13.685714285714285, 3.842857142857143, 84.12857142857143
464, 395.22959999999995, 15.569905714285714, 13.8, 3.5142857142857142, 82.3
465, 394.6259999999999, 15.60795142857143, 13.914285714285715, 3.742857142857143, 81.15714285714286
466, 394.02239999999995, 16.133761428571432, 15.242857142857142, 4.128571428571429, 80.3
467, 393.4187999999999, 16.409202857142855, 15.542857142857143, 4.614285714285714, 79.42857142857143
468, 392.81519999999995, 16.156064285714276, 16.214285714285715, 4.071428571428571, 78.24285714285715
469, 392.2115999999999, 16.16752571428572, 16.314285714285713, 4.328571428571428, 76.75714285714285
470, 391.60799999999995, 16.535100000000003, 16.857142857142858, 4.814285714285714, 76.05714285714286
471, 391.0043999999999, 16.34501714285714, 16.685714285714287, 4.885714285714286, 74.47142857142858
472, 390.40079999999995, 16.510804285714297, 16.957142857142856, 5.171428571428572, 73.74285714285715
473, 389.7971999999999, 16.692557142857147, 17.142857142857142, 5.7, 72.12857142857143
474, 389.19359999999995, 16.98201857142857, 17.67142857142857, 6.057142857142857, 71.44285714285714
475, 388.5899999999999, 17.53573714285715, 18.2, 7.014285714285714, 69.98571428571428
476, 387.98639999999995, 17.80405142857143, 18.771428571428572, 7.385714285714286, 68.92857142857143
477, 387.3827999999999, 17.57912857142857, 18.571428571428573, 7.442857142857143, 67.18571428571428
478, 386.77919999999995, 17.393907142857135, 18.357142857142858, 7.5, 65.82857142857142
479, 386.1755999999999, 17.197221428571424, 18.214285714285715, 7.542857142857143, 64.25714285714285
480, 385.57199999999995, 17.338602857142853, 18.4, 7.9, 63.17142857142857
481, 384.9683999999999, 17.232685714285715, 18.285714285714285, 8.085714285714285, 61.58571428571429
482, 384.36479999999995, 17.494744285714283, 18.7, 8.457142857142857, 60.885714285714286
483, 383.7611999999999, 18.236041428571426, 19.442857142857143, 9.4, 60.58571428571429
484, 383.15759999999995, 17.939382857142856, 19.17142857142857, 9.271428571428572, 59.357142857142854
485, 382.5539999999999, 18.044999999999998, 19.285714285714285, 9.642857142857142, 58.07142857142857
486, 381.95039999999995, 18.64063428571428, 19.8, 10.442857142857143, 57.82857142857143
487, 381.3467999999999, 18.870362857142858, 20.085714285714285, 10.885714285714286, 56.81428571428572
488, 380.74319999999994, 18.01028000000001, 19.2, 10.257142857142858, 54.82857142857143
489, 380.1395999999999, 18.529655714285717, 19.728571428571428, 11.014285714285714, 54.1
490, 379.53599999999994, 19.03815714285714, 20.142857142857142, 11.8, 53.42857142857143
491, 378.9323999999999, 19.523219999999988, 20.65714285714286, 12.514285714285714, 52.65714285714286
492, 378.32879999999994, 19.388201428571424, 20.557142857142857, 12.557142857142857, 51.51428571428571
493, 377.7251999999999, 19.196175714285715, 20.385714285714286, 12.514285714285714, 50.5
494, 377.12159999999994, 19.274301428571437, 20.414285714285715, 12.871428571428572, 49.27142857142857
495, 376.5179999999999, 19.08835142857142, 20.2, 12.885714285714286, 48.128571428571426
496, 375.91439999999994, 19.66915999999999, 20.97142857142857, 13.657142857142857, 47.22857142857143
497, 375.3107999999999, 19.790181428571408, 21.185714285714287, 13.942857142857143, 46.25714285714286
498, 374.70719999999994, 19.94170714285714, 21.357142857142858, 14.285714285714286, 45.371428571428574
499, 374.1035999999999, 20.048182857142873, 21.457142857142856, 14.67142857142857, 44.05714285714286
