Extraction [ img/SOLs2-2.png ] effectuee 2026-04-16 16:57:55.282432
Calibration: -0.6036*x + 675.3 [Largeur 700]

pixel, longueur d'onde, intensite, r, g, b
0, 675.3, 0.0, 0.0, 0.0, 0.0
1, 674.6963999999999, 0.0, 0.0, 0.0, 0.0
2, 674.0928, 0.0, 0.0, 0.0, 0.0
3, 673.4892, 0.0, 0.0, 0.0, 0.0
4, 672.8856, 0.0, 0.0, 0.0, 0.0
5, 672.2819999999999, 0.0, 0.0, 0.0, 0.0
6, 671.6784, 0.0, 0.0, 0.0, 0.0
7, 671.0748, 0.0, 0.0, 0.0, 0.0
8, 670.4712, 0.0, 0.0, 0.0, 0.0
9, 669.8675999999999, 0.0, 0.0, 0.0, 0.0
10, 669.264, 0.0, 0.0, 0.0, 0.0
11, 668.6604, 0.0, 0.0, 0.0, 0.0
12, 668.0568, 0.0, 0.0, 0.0, 0.0
13, 667.4531999999999, 0.0, 0.0, 0.0, 0.0
14, 666.8496, 0.0, 0.0, 0.0, 0.0
15, 666.246, 0.0, 0.0, 0.0, 0.0
16, 665.6424, 0.0, 0.0, 0.0, 0.0
17, 665.0387999999999, 0.0, 0.0, 0.0, 0.0
18, 664.4352, 0.0, 0.0, 0.0, 0.0
19, 663.8316, 0.0, 0.0, 0.0, 0.0
20, 663.228, 0.0, 0.0, 0.0, 0.0
21, 662.6243999999999, 0.0, 0.0, 0.0, 0.0
22, 662.0208, 0.0, 0.0, 0.0, 0.0
23, 661.4172, 0.0, 0.0, 0.0, 0.0
24, 660.8136, 0.0, 0.0, 0.0, 0.0
25, 660.2099999999999, 0.0, 0.0, 0.0, 0.0
26, 659.6064, 0.0, 0.0, 0.0, 0.0
27, 659.0028, 0.0, 0.0, 0.0, 0.0
28, 658.3992, 0.0, 0.0, 0.0, 0.0
29, 657.7955999999999, 0.0, 0.0, 0.0, 0.0
30, 657.192, 0.0, 0.0, 0.0, 0.0
31, 656.5884, 0.0, 0.0, 0.0, 0.0
32, 655.9848, 17.327865999999997, 27.44, 11.89, 18.83
33, 655.3811999999999, 17.228046000000003, 27.34, 11.8, 18.68
34, 654.7776, 17.59494099999999, 28.39, 11.97, 18.27
35, 654.174, 17.578918999999996, 28.41, 11.95, 18.18
36, 653.5704, 17.699027999999988, 28.92, 12.06, 17.33
37, 652.9667999999999, 18.663139999999995, 29.9, 13.05, 18.12
38, 652.3632, 18.936685999999995, 30.84, 13.15, 17.54
39, 651.7596, 19.467682999999994, 31.47, 13.66, 17.92
40, 651.156, 19.354948999999998, 32.01, 13.36, 17.06
41, 650.5523999999999, 19.449426000000006, 32.14, 13.48, 16.93
42, 649.9488, 20.167220000000015, 33.3, 14.05, 17.25
43, 649.3452, 20.33195200000001, 33.58, 14.19, 17.24
44, 648.7416, 20.68428600000001, 34.44, 14.43, 16.84
45, 648.1379999999999, 21.031558000000004, 34.92, 14.75, 16.98
46, 647.5344, 21.447085000000015, 35.75, 15.01, 17.11
47, 646.9308, 22.020449000000013, 36.41, 15.54, 17.68
48, 646.3272, 22.354692, 37.68, 15.42, 17.9
49, 645.7235999999999, 21.62188400000001, 36.96, 14.68, 17.17
50, 645.12, 22.190869000000006, 38.21, 15.04, 17.03
51, 644.5164, 22.53246800000001, 38.52, 15.4, 17.36
52, 643.9128, 22.681414000000014, 39.16, 15.39, 17.04
53, 643.3091999999999, 23.470365, 39.95, 16.19, 17.77
54, 642.7056, 23.709673000000002, 40.87, 16.17, 17.56
55, 642.102, 24.159474999999997, 41.35, 16.62, 17.93
56, 641.4984, 24.703146, 42.84, 16.77, 18.02
57, 640.8947999999999, 25.373419, 43.51, 17.46, 18.59
58, 640.2912, 25.784463000000002, 44.57, 17.57, 18.85
59, 639.6876, 26.190298, 45.02, 18.04, 18.81
60, 639.084, 26.47507800000002, 45.92, 18.23, 17.97
61, 638.4803999999999, 26.90796800000001, 46.52, 18.66, 17.98
62, 637.8768, 27.068748, 47.42, 18.53, 17.7
63, 637.2732, 27.993635000000005, 48.35, 19.5, 18.38
64, 636.6696, 27.716870000000004, 49.0, 18.95, 17.08
65, 636.0659999999999, 27.774958, 49.12, 19.05, 16.76
66, 635.4624, 28.094031000000005, 50.19, 19.14, 16.29
67, 634.8588, 28.858814000000002, 50.96, 20.01, 16.5
68, 634.2552, 29.178732, 51.58, 20.35, 15.93
69, 633.6515999999999, 29.780632999999987, 52.17, 21.04, 16.11
70, 633.048, 29.958529999999993, 52.7, 21.18, 15.56
71, 632.4444, 30.112399999999994, 52.9, 21.35, 15.51
72, 631.8408, 30.797300999999997, 54.19, 21.79, 15.87
73, 631.2371999999999, 31.02724899999998, 54.41, 22.06, 15.92
74, 630.6336, 31.293376000000016, 55.14, 22.13, 15.98
75, 630.03, 31.483004999999977, 55.35, 22.35, 15.96
76, 629.4264, 32.295323, 56.77, 22.97, 16.17
77, 628.8227999999999, 33.340908000000006, 57.92, 24.02, 16.92
78, 628.2192, 33.364763, 58.47, 23.8, 16.82
79, 627.6156, 34.50070700000001, 59.63, 24.96, 17.77
80, 627.012, 35.02679699999999, 60.73, 25.3, 17.75
81, 626.4083999999999, 35.47769400000001, 61.26, 25.74, 18.05
82, 625.8048, 36.161643999999995, 62.76, 26.12, 18.16
83, 625.2012, 36.040226999999994, 62.73, 26.01, 17.74
84, 624.5975999999999, 37.214205000000014, 64.55, 26.99, 18.22
85, 623.9939999999999, 37.65301000000001, 65.1, 27.44, 18.31
86, 623.3904, 37.39364700000003, 65.33, 27.05, 17.44
87, 622.7868, 37.916169999999994, 65.9, 27.58, 17.8
88, 622.1831999999999, 38.36850400000001, 66.66, 27.95, 17.87
89, 621.5795999999999, 38.55916499999999, 66.85, 28.18, 17.86
90, 620.976, 38.939748, 67.52, 28.46, 18.0
91, 620.3724, 39.47530900000001, 68.11, 29.07, 18.01
92, 619.7687999999999, 39.58873500000001, 68.95, 29.02, 17.06
93, 619.1651999999999, 39.79477799999998, 69.32, 29.27, 16.61
94, 618.5616, 41.380346, 71.74, 30.5, 17.84
95, 617.958, 41.693236, 72.24, 30.86, 17.42
96, 617.3543999999999, 42.408018999999996, 74.01, 31.19, 17.35
97, 616.7507999999999, 43.04154099999998, 74.89, 31.86, 17.15
98, 616.1472, 44.27426799999999, 77.02, 32.79, 17.59
99, 615.5436, 44.393356, 77.44, 32.88, 17.07
100, 614.9399999999999, 44.600465999999976, 78.34, 32.86, 16.63
101, 614.3363999999999, 44.38305300000001, 78.37, 32.62, 15.88
102, 613.7328, 45.32280600000002, 80.44, 33.13, 16.07
103, 613.1292, 46.45865, 81.9, 34.24, 16.49
104, 612.5255999999999, 46.56378900000001, 83.11, 33.97, 15.63
105, 611.9219999999999, 47.60799, 84.3, 35.04, 16.16
106, 611.3184, 48.17390800000001, 85.62, 35.33, 16.17
107, 610.7148, 48.78455100000002, 86.49, 35.97, 15.95
108, 610.1111999999999, 49.37190299999998, 87.97, 36.25, 15.78
109, 609.5075999999999, 49.67025200000001, 88.58, 36.57, 15.15
110, 608.904, 50.303456000000004, 90.34, 36.77, 15.06
111, 608.3004, 50.496466999999996, 90.83, 36.96, 14.49
112, 607.6967999999999, 50.783021999999974, 92.58, 36.66, 13.96
113, 607.0931999999999, 52.312279999999994, 94.4, 38.22, 14.57
114, 606.4896, 53.293619999999976, 96.8, 38.66, 14.62
115, 605.886, 54.07159599999996, 97.74, 39.53, 14.5
116, 605.2823999999999, 54.336209000000025, 99.11, 39.39, 13.95
117, 604.6787999999999, 54.34932900000002, 99.41, 39.38, 13.33
118, 604.0752, 54.980347, 101.43, 39.44, 13.26
119, 603.4716, 55.71200900000001, 102.71, 39.99, 13.49
120, 602.8679999999999, 56.71402600000002, 105.44, 40.27, 13.68
121, 602.2643999999999, 57.792709, 107.01, 41.18, 14.34
122, 601.6608, 58.65291499999999, 109.15, 41.48, 14.73
123, 601.0572, 59.35814000000003, 110.3, 42.09, 14.76
124, 600.4535999999999, 59.632078, 111.82, 41.94, 13.95
125, 599.8499999999999, 60.30692000000002, 112.9, 42.53, 14.0
126, 599.2464, 61.25266600000002, 114.84, 43.13, 14.12
127, 598.6428, 62.33942800000003, 116.32, 44.22, 14.16
128, 598.0391999999999, 62.89880900000001, 118.41, 44.2, 13.69
129, 597.4355999999999, 63.378504999999976, 119.25, 44.84, 12.4
130, 596.832, 63.638235999999964, 120.74, 44.65, 11.75
131, 596.2284, 63.91715100000002, 121.29, 45.15, 10.18
132, 595.6247999999999, 64.94008799999997, 123.42, 45.81, 10.17
133, 595.0211999999999, 65.60473999999994, 124.4, 46.62, 9.26
134, 594.4176, 66.666147, 126.53, 47.33, 9.33
135, 593.814, 67.09058599999997, 127.24, 47.81, 8.72
136, 593.2103999999999, 68.096547, 129.73, 48.25, 8.75
137, 592.6067999999999, 68.40856000000001, 130.4, 48.52, 8.34
138, 592.0032, 68.73815999999997, 132.0, 48.36, 7.86
139, 591.3996, 69.63898399999998, 133.06, 49.25, 8.4
140, 590.7959999999999, 70.37004799999995, 134.62, 49.67, 8.56
141, 590.1923999999999, 71.204578, 135.72, 50.45, 8.98
142, 589.5888, 71.84224499999996, 137.35, 50.65, 9.27
143, 588.9852, 72.52004099999999, 138.29, 51.26, 9.61
144, 588.3815999999999, 73.211898, 140.32, 51.37, 9.79
145, 587.7779999999999, 74.36436400000001, 141.66, 52.55, 10.31
146, 587.1744, 75.53286500000004, 144.15, 53.23, 10.53
147, 586.5708, 76.11580599999998, 144.84, 53.93, 10.23
148, 585.9671999999999, 77.42869699999997, 147.23, 54.87, 10.64
149, 585.3635999999999, 78.274945, 148.15, 55.95, 10.09
150, 584.76, 78.80431000000002, 149.6, 56.23, 9.49
151, 584.1564, 79.353545, 150.35, 56.91, 8.84
152, 583.5527999999999, 80.07851299999994, 152.07, 57.31, 8.63
153, 582.9491999999999, 81.28062100000001, 153.39, 58.61, 9.02
154, 582.3456, 82.267454, 155.06, 59.4, 9.23
155, 581.742, 83.48378499999998, 156.35, 60.79, 9.36
156, 581.1383999999999, 84.174423, 157.57, 61.39, 9.13
157, 580.5347999999999, 85.12359900000001, 158.51, 62.54, 9.07
158, 579.9312, 85.51357, 159.4, 62.79, 8.87
159, 579.3276, 86.00462599999997, 160.04, 63.39, 8.41
160, 578.7239999999999, 86.83790100000002, 161.59, 64.03, 8.36
161, 578.1203999999999, 87.69588899999995, 162.51, 65.13, 7.81
162, 577.5168, 89.01937900000001, 164.41, 66.39, 7.95
163, 576.9132, 89.69629099999999, 165.19, 67.28, 7.26
164, 576.3095999999999, 90.61290099999998, 166.59, 68.15, 7.15
165, 575.7059999999999, 91.940178, 167.92, 69.73, 7.17
166, 575.1024, 92.77794999999995, 169.0, 70.65, 6.95
167, 574.4988, 93.39569600000003, 169.64, 71.46, 6.52
168, 573.8951999999999, 94.37099, 170.7, 72.64, 6.22
169, 573.2915999999999, 95.00241599999998, 171.34, 73.45, 5.91
170, 572.688, 95.79667699999999, 172.43, 74.25, 5.9
171, 572.0844, 96.94058000000001, 173.5, 75.65, 5.92
172, 571.4807999999999, 97.54046999999997, 174.0, 76.53, 5.34
173, 570.8771999999999, 98.53033599999993, 174.74, 77.89, 5.08
174, 570.2736, 99.98148299999991, 175.97, 79.73, 5.11
175, 569.67, 100.80355699999998, 176.73, 80.86, 4.51
176, 569.0663999999999, 102.13654700000001, 177.73, 82.61, 4.57
177, 568.4627999999999, 103.14140500000003, 178.65, 83.9, 4.33
178, 567.8592, 103.95174499999997, 178.85, 85.2, 4.22
179, 567.2556, 104.36528500000003, 179.15, 85.81, 3.92
180, 566.6519999999999, 105.10804700000003, 179.13, 87.07, 4.0
181, 566.0483999999999, 105.656059, 179.51, 87.88, 3.64
182, 565.4448, 107.31540699999994, 180.23, 90.28, 3.95
183, 564.8412, 108.45491699999994, 181.03, 91.81, 3.97
184, 564.2375999999999, 109.82299799999998, 181.62, 93.78, 4.28
185, 563.6339999999999, 111.04934600000003, 182.64, 95.41, 3.97
186, 563.0304, 111.55459900000007, 182.41, 96.45, 3.65
187, 562.4268, 112.91237400000001, 183.36, 98.19, 4.11
188, 561.8231999999999, 113.71272599999996, 183.44, 99.47, 4.33
189, 561.2195999999999, 114.12556799999999, 183.22, 100.33, 4.1
190, 560.616, 114.81984499999999, 182.85, 101.74, 3.9
191, 560.0124, 116.43271299999996, 183.87, 103.91, 4.2
192, 559.4087999999999, 117.72348400000004, 184.36, 105.84, 4.3
193, 558.8052, 118.46557499999997, 184.35, 107.22, 3.73
194, 558.2016, 119.27942499999999, 184.05, 108.8, 3.52
195, 557.598, 120.07480600000001, 184.44, 109.97, 3.45
196, 556.9943999999999, 121.21010499999994, 184.95, 111.59, 3.73
197, 556.3907999999999, 122.02234100000005, 185.29, 112.82, 3.63
198, 555.7872, 123.08690899999996, 185.71, 114.41, 3.68
199, 555.1836, 123.7371109999999, 185.69, 115.59, 3.36
200, 554.5799999999999, 124.54609200000003, 185.58, 117.03, 3.33
201, 553.9764, 125.08753900000002, 185.71, 117.96, 2.95
202, 553.3728, 126.26951999999997, 186.2, 119.66, 3.28
203, 552.7692, 127.50553200000004, 186.58, 121.51, 3.6
204, 552.1655999999999, 127.99562899999994, 186.31, 122.63, 2.84
205, 551.5619999999999, 129.16727099999997, 186.79, 124.3, 3.26
206, 550.9584, 129.64927799999992, 187.12, 124.99, 3.07
207, 550.3548, 130.85381800000002, 187.92, 126.59, 3.3
208, 549.7511999999999, 131.618121, 187.99, 127.87, 3.23
209, 549.1476, 133.14363100000003, 188.99, 129.88, 3.64
210, 548.544, 134.07428099999993, 189.19, 131.35, 3.71
211, 547.9404, 135.32462399999997, 189.96, 133.02, 4.06
212, 547.3367999999999, 136.060654, 189.96, 134.27, 4.08
213, 546.7331999999999, 136.4170949999999, 189.95, 134.96, 3.68
214, 546.1296, 137.79359000000005, 190.8, 136.81, 4.0
215, 545.526, 138.6019469999999, 191.23, 138.04, 3.63
216, 544.9223999999999, 139.71304599999993, 191.84, 139.63, 3.59
217, 544.3188, 140.80540899999997, 192.61, 141.06, 3.79
218, 543.7152, 141.69417299999995, 193.17, 142.32, 3.63
219, 543.1116, 142.53763999999995, 193.4, 143.7, 3.32
220, 542.5079999999999, 143.24949700000002, 193.33, 144.96, 3.26
221, 541.9043999999999, 144.39975800000002, 193.92, 146.59, 3.41
222, 541.3008, 145.52146899999997, 194.51, 148.15, 3.67
223, 540.6972, 146.49336399999996, 194.86, 149.61, 3.76
224, 540.0935999999999, 147.372881, 195.19, 150.95, 3.71
225, 539.49, 148.17496300000002, 195.37, 152.25, 3.58
226, 538.8864, 149.034296, 195.74, 153.51, 3.66
227, 538.2828, 149.40637399999997, 195.76, 154.19, 3.37
228, 537.6791999999999, 150.105952, 196.08, 155.18, 3.57
229, 537.0755999999999, 150.87917599999994, 196.54, 156.23, 3.74
230, 536.472, 151.93118800000008, 197.02, 157.77, 3.78
231, 535.8684, 152.67003799999998, 197.12, 158.97, 3.82
232, 535.2647999999999, 153.679341, 197.39, 160.55, 3.83
233, 534.6612, 154.54275700000005, 197.73, 161.84, 3.87
234, 534.0576, 155.81415799999996, 198.42, 163.54, 4.46
235, 533.454, 157.02225999999996, 198.9, 165.41, 4.17
236, 532.8503999999999, 157.84306299999997, 199.07, 166.78, 3.87
237, 532.2467999999999, 158.68386299999995, 199.17, 168.21, 3.62
238, 531.6432, 159.4586999999999, 199.3, 169.39, 4.0
239, 531.0396, 160.05655999999996, 199.2, 170.44, 4.1
240, 530.4359999999999, 161.100216, 199.44, 172.02, 4.49
241, 529.8324, 162.12686499999998, 199.85, 173.5, 4.8
242, 529.2288, 162.86496100000005, 199.99, 174.69, 4.78
243, 528.6252, 163.41594000000003, 199.9, 175.69, 4.7
244, 528.0215999999999, 163.94670599999998, 199.84, 176.65, 4.57
245, 527.4179999999999, 164.60816599999995, 199.74, 177.82, 4.61
246, 526.8144, 165.524927, 199.83, 179.2, 5.31
247, 526.2108, 166.16400899999994, 199.31, 180.47, 5.74
248, 525.6071999999999, 167.28635500000001, 199.65, 181.97, 6.97
249, 525.0036, 167.77924199999998, 199.08, 183.03, 7.33
250, 524.4, 168.60763699999995, 199.13, 184.14, 8.75
251, 523.7964, 169.51928000000004, 199.0, 185.6, 9.57
252, 523.1927999999999, 170.678331, 199.09, 187.15, 11.52
253, 522.5891999999999, 171.39448199999998, 198.58, 188.62, 11.57
254, 521.9856, 171.91717099999997, 198.39, 189.58, 11.71
255, 521.382, 172.16659499999994, 197.45, 190.67, 10.75
256, 520.7783999999999, 172.72895399999993, 197.06, 191.78, 10.99
257, 520.1748, 173.260636, 196.54, 193.17, 9.86
258, 519.5712, 173.86664199999993, 196.08, 194.39, 10.1
259, 518.9676, 174.0305560000001, 195.04, 195.36, 9.27
260, 518.3639999999999, 174.806654, 194.86, 196.7, 9.65
261, 517.7603999999999, 175.14239899999995, 193.91, 197.88, 9.01
262, 517.1568, 175.79159899999988, 193.61, 199.23, 8.54
263, 516.5532, 176.28031499999997, 192.55, 200.68, 8.14
264, 515.9495999999999, 177.05494199999984, 192.38, 202.16, 7.76
265, 515.346, 177.49127699999985, 191.43, 203.49, 7.23
266, 514.7424, 177.81494000000006, 190.7, 204.45, 7.04
267, 514.1388, 178.12773099999998, 189.69, 205.67, 6.15
268, 513.5351999999999, 178.56709200000006, 189.08, 206.9, 5.27
269, 512.9315999999999, 178.87399399999987, 187.86, 208.18, 4.57
270, 512.328, 179.020989, 187.11, 208.89, 4.17
271, 511.72439999999995, 179.27332499999994, 185.25, 210.3, 4.0
272, 511.1207999999999, 179.80941399999992, 184.46, 211.6, 4.08
273, 510.51719999999995, 180.14210999999995, 182.6, 213.11, 4.1
274, 509.9136, 180.34902799999998, 181.52, 213.96, 4.37
275, 509.30999999999995, 180.4802910000001, 179.29, 215.29, 4.52
276, 508.7063999999999, 180.70936100000006, 178.09, 216.2, 4.99
277, 508.10279999999995, 180.72947899999997, 175.81, 217.37, 5.12
278, 507.4992, 180.80782000000008, 173.9, 218.41, 5.46
279, 506.89559999999994, 180.90880400000003, 171.26, 219.87, 5.75
280, 506.2919999999999, 180.92865700000002, 169.03, 220.95, 6.21
281, 505.68839999999994, 181.10199100000003, 166.69, 222.33, 6.76
282, 505.0848, 180.72894500000007, 164.95, 222.53, 7.02
283, 504.48119999999994, 180.73970500000004, 162.55, 223.65, 7.64
284, 503.8775999999999, 180.773955, 159.95, 224.84, 8.63
285, 503.27399999999994, 180.84356700000004, 157.43, 226.1, 9.36
286, 502.6704, 180.8675180000001, 155.82, 226.78, 10.29
287, 502.06679999999994, 181.05739400000004, 153.26, 228.24, 11.15
288, 501.4631999999999, 180.923482, 150.98, 229.0, 12.04
289, 500.85959999999994, 180.89139200000002, 147.98, 230.37, 12.57
290, 500.256, 180.65858400000002, 145.56, 231.06, 13.32
291, 499.65239999999994, 180.51450499999993, 142.65, 232.24, 13.61
292, 499.0487999999999, 180.58631000000008, 140.9, 233.1, 14.4
293, 498.44519999999994, 180.31132099999996, 137.99, 234.09, 14.52
294, 497.84159999999997, 180.5675349999999, 136.05, 235.19, 16.19
295, 497.23799999999994, 180.68946400000002, 133.26, 236.63, 17.16
296, 496.6343999999999, 180.8961710000001, 130.79, 237.9, 18.91
297, 496.03079999999994, 180.76427299999995, 128.07, 238.87, 19.89
298, 495.42719999999997, 180.78926900000002, 126.51, 239.47, 21.11
299, 494.82359999999994, 180.95373600000002, 124.24, 240.64, 22.48
300, 494.2199999999999, 180.88397999999998, 121.7, 241.43, 24.46
301, 493.61639999999994, 181.12507899999997, 119.71, 242.52, 26.18
302, 493.01279999999997, 180.63724, 117.6, 242.54, 27.33
303, 492.40919999999994, 180.530841, 115.29, 243.3, 28.54
304, 491.8055999999999, 180.038825, 112.95, 243.43, 29.69
305, 491.20199999999994, 179.964798, 110.62, 244.3, 30.67
306, 490.59839999999997, 180.4231849999999, 110.05, 244.94, 32.89
307, 489.99479999999994, 180.08094500000007, 108.05, 245.22, 33.69
308, 489.3911999999999, 179.87127600000002, 106.74, 245.19, 35.44
309, 488.78759999999994, 179.79817500000001, 105.35, 245.48, 36.95
310, 488.18399999999997, 179.97596799999997, 104.52, 245.72, 39.45
311, 487.58039999999994, 180.2983510000001, 103.29, 246.41, 41.95
312, 486.9767999999999, 179.786589, 101.31, 246.09, 44.3
313, 486.37319999999994, 179.89914399999998, 99.66, 246.65, 46.73
314, 485.76959999999997, 179.97837599999994, 98.24, 247.04, 49.14
315, 485.16599999999994, 179.82963099999995, 96.39, 247.28, 51.45
316, 484.5623999999999, 179.4410769999999, 94.43, 247.15, 53.85
317, 483.95879999999994, 179.22574200000003, 92.48, 247.31, 56.25
318, 483.35519999999997, 179.21226900000002, 91.11, 247.47, 58.9
319, 482.75159999999994, 179.19065700000007, 89.23, 247.87, 61.58
320, 482.1479999999999, 178.69041600000003, 86.94, 247.71, 64.02
321, 481.54439999999994, 178.28213900000014, 84.31, 247.94, 66.15
322, 480.94079999999997, 178.1711410000001, 82.69, 248.1, 68.6
323, 480.33719999999994, 177.87493700000007, 80.43, 248.35, 70.64
324, 479.7335999999999, 177.81100600000005, 79.14, 248.36, 73.41
325, 479.12999999999994, 176.82221699999994, 76.13, 247.88, 75.1
326, 478.52639999999997, 176.86525100000003, 74.39, 248.28, 77.98
327, 477.92279999999994, 176.72624699999997, 72.13, 248.59, 81.09
328, 477.3191999999999, 176.79306900000012, 70.21, 248.86, 85.32
329, 476.71559999999994, 176.36857500000008, 67.65, 248.85, 88.36
330, 476.11199999999997, 176.28688300000005, 66.27, 248.66, 92.24
331, 475.50839999999994, 176.131402, 64.18, 248.7, 96.15
332, 474.9047999999999, 175.95583700000006, 61.83, 248.71, 100.72
333, 474.30119999999994, 175.67982699999993, 59.43, 248.72, 104.54
334, 473.69759999999997, 175.310926, 57.14, 248.44, 108.75
335, 473.09399999999994, 174.956662, 54.38, 248.5, 112.57
336, 472.4903999999999, 174.48078400000006, 51.46, 248.31, 117.03
337, 471.88679999999994, 173.374731, 47.69, 247.79, 119.89
338, 471.28319999999997, 172.74514900000005, 44.91, 247.43, 123.51
339, 470.67959999999994, 172.37999699999997, 41.93, 247.7, 126.73
340, 470.0759999999999, 171.53624700000003, 39.13, 247.03, 130.12
341, 469.47239999999994, 170.81333900000004, 36.01, 246.89, 132.68
342, 468.86879999999996, 169.80128100000002, 32.99, 246.29, 134.81
343, 468.26519999999994, 169.13627100000005, 29.69, 246.35, 137.32
344, 467.6615999999999, 168.588413, 26.87, 246.27, 140.32
345, 467.05799999999994, 167.372255, 23.35, 245.54, 142.64
346, 466.45439999999996, 166.87075900000002, 21.21, 245.15, 145.86
347, 465.85079999999994, 165.8704670000001, 17.93, 244.65, 148.26
348, 465.2471999999999, 164.94469600000005, 14.84, 244.12, 150.97
349, 464.64359999999994, 164.07292700000002, 11.63, 243.78, 153.49
350, 464.03999999999996, 163.23885600000008, 9.14, 242.99, 156.77
351, 463.43639999999994, 162.483655, 6.45, 242.51, 159.67
352, 462.8327999999999, 161.17698600000003, 3.84, 241.11, 162.26
353, 462.22919999999993, 160.44621499999997, 2.35, 240.08, 165.06
354, 461.62559999999996, 160.17076999999998, 2.3, 239.04, 168.13
355, 461.02199999999993, 159.810836, 1.84, 238.16, 170.71
356, 460.4183999999999, 159.549791, 2.39, 236.94, 173.26
357, 459.81479999999993, 159.289177, 2.13, 236.24, 175.26
358, 459.21119999999996, 159.03591000000003, 2.0, 235.43, 177.55
359, 458.60759999999993, 158.642832, 1.78, 234.55, 179.21
360, 458.0039999999999, 158.37751800000007, 2.02, 233.5, 181.66
361, 457.40039999999993, 157.89526199999997, 1.78, 232.42, 183.62
362, 456.79679999999996, 157.26320500000003, 1.95, 230.81, 185.92
363, 456.19319999999993, 156.542024, 1.66, 229.43, 187.46
364, 455.5895999999999, 156.66526699999994, 2.03, 228.9, 190.3
365, 454.98599999999993, 155.877881, 1.59, 227.47, 191.91
366, 454.38239999999996, 155.19784199999992, 1.88, 225.89, 193.32
367, 453.77879999999993, 154.39494000000005, 1.1, 224.63, 194.81
368, 453.1751999999999, 153.68069200000005, 1.38, 222.89, 196.77
369, 452.57159999999993, 153.10289700000004, 0.93, 221.76, 198.7
370, 451.96799999999996, 152.535445, 1.25, 220.24, 200.71
371, 451.36439999999993, 152.08598100000012, 1.09, 219.28, 202.13
372, 450.7607999999999, 151.540469, 1.21, 217.94, 203.93
373, 450.15719999999993, 150.54975899999997, 0.61, 216.55, 203.97
374, 449.55359999999996, 150.0642049999999, 0.95, 215.07, 206.44
375, 448.94999999999993, 149.79788500000006, 0.85, 214.44, 207.61
376, 448.3463999999999, 149.02650800000006, 1.12, 212.6, 209.61
377, 447.74279999999993, 148.57138099999997, 0.89, 211.8, 210.34
378, 447.13919999999996, 147.92356800000007, 1.12, 210.22, 212.19
379, 446.53559999999993, 147.18454400000002, 0.66, 209.17, 212.32
380, 445.9319999999999, 146.76087599999997, 1.14, 207.93, 213.73
381, 445.32839999999993, 145.91908899999999, 0.61, 206.76, 213.76
382, 444.72479999999996, 145.12128000000007, 0.8, 205.04, 215.12
383, 444.12119999999993, 144.788165, 0.75, 204.43, 215.47
384, 443.51759999999996, 143.909653, 1.07, 202.45, 217.12
385, 442.914, 143.17654699999994, 0.83, 201.3, 217.24
386, 442.31039999999996, 142.60438699999997, 1.23, 199.84, 218.69
387, 441.70679999999993, 141.95406599999995, 0.94, 198.94, 218.38
388, 441.10319999999996, 141.22404600000002, 0.94, 197.44, 219.7
389, 440.4996, 140.51360799999998, 0.72, 196.4, 219.4
390, 439.89599999999996, 139.77688800000004, 1.02, 194.73, 220.75
391, 439.29239999999993, 139.07390400000003, 0.86, 193.61, 220.77
392, 438.68879999999996, 138.18519400000005, 1.16, 191.65, 222.28
393, 438.0852, 137.35119100000006, 0.89, 190.39, 222.16
394, 437.48159999999996, 136.384234, 1.06, 188.46, 223.17
395, 436.87799999999993, 135.57485200000002, 0.88, 187.2, 223.03
396, 436.27439999999996, 134.48561699999993, 1.13, 185.12, 223.53
397, 435.6708, 133.7268750000001, 0.85, 183.97, 223.53
398, 435.06719999999996, 132.77008499999997, 0.85, 182.14, 224.56
399, 434.46359999999993, 132.00392999999994, 0.5, 180.98, 224.73
400, 433.85999999999996, 131.176356, 0.64, 179.26, 225.96
401, 433.2564, 130.47312000000002, 0.6, 177.96, 226.59
402, 432.65279999999996, 129.46578200000005, 1.18, 175.7, 227.87
403, 432.0491999999999, 128.17836900000006, 0.71, 173.75, 227.85
404, 431.44559999999996, 126.89461999999999, 1.4, 171.0, 228.94
405, 430.842, 124.91753700000005, 0.63, 168.09, 228.6
406, 430.23839999999996, 123.293294, 0.86, 165.0, 229.66
407, 429.6347999999999, 122.40017899999995, 0.91, 163.22, 230.86
408, 429.03119999999996, 120.86920999999992, 1.2, 160.27, 231.86
409, 428.4276, 119.77530199999997, 0.98, 158.4, 232.47
410, 427.82399999999996, 118.29711699999996, 0.83, 155.83, 233.13
411, 427.2203999999999, 117.13401499999998, 0.85, 153.65, 234.1
412, 426.61679999999996, 115.86693599999998, 0.94, 151.03, 236.24
413, 426.0132, 114.289682, 0.78, 148.24, 237.19
414, 425.40959999999995, 112.436093, 0.87, 144.85, 238.15
415, 424.8059999999999, 110.42848400000001, 0.66, 141.43, 238.7
416, 424.20239999999995, 108.68927900000003, 0.61, 138.11, 240.67
417, 423.5988, 107.15790800000006, 0.92, 135.12, 241.82
418, 422.99519999999995, 105.585692, 1.28, 132.0, 243.15
419, 422.3915999999999, 103.935721, 0.99, 129.23, 243.7
420, 421.78799999999995, 102.35863599999999, 1.14, 126.23, 244.92
421, 421.1844, 100.09779, 0.7, 122.62, 244.83
422, 420.58079999999995, 97.93951500000007, 0.65, 118.79, 245.75
423, 419.9771999999999, 95.87673499999995, 0.55, 115.22, 246.3
424, 419.37359999999995, 94.355193, 1.27, 111.97, 247.8
425, 418.7699999999999, 92.44581800000006, 1.32, 108.55, 248.53
426, 418.16639999999995, 89.88856000000006, 1.1, 104.29, 248.61
427, 417.5627999999999, 87.07320800000005, 0.82, 99.65, 248.54
428, 416.95919999999995, 83.79227599999996, 0.84, 94.0, 248.8
429, 416.3555999999999, 80.44535800000001, 0.62, 88.42, 248.75
430, 415.75199999999995, 77.07629900000003, 0.81, 82.51, 249.13
431, 415.1483999999999, 74.17864200000001, 0.88, 77.47, 249.48
432, 414.54479999999995, 70.19683999999997, 0.7, 70.79, 249.42
433, 413.9411999999999, 67.039104, 0.76, 65.38, 249.42
434, 413.33759999999995, 63.90916100000002, 0.99, 59.89, 249.63
435, 412.7339999999999, 60.26979599999997, 1.14, 53.67, 249.34
436, 412.13039999999995, 55.83556200000001, 1.08, 46.23, 248.91
437, 411.5267999999999, 51.79517299999998, 0.57, 39.76, 248.12
438, 410.92319999999995, 48.57395700000001, 0.63, 34.17, 248.49
439, 410.3195999999999, 46.48166200000001, 0.98, 30.34, 248.94
440, 409.71599999999995, 44.17253199999999, 1.18, 26.25, 249.22
441, 409.1123999999999, 42.112223, 1.07, 22.8, 249.2
442, 408.50879999999995, 40.01915700000002, 1.03, 19.21, 249.43
443, 407.9051999999999, 38.59165300000001, 1.07, 16.75, 249.47
444, 407.30159999999995, 37.777081, 1.69, 15.0, 249.71
445, 406.6979999999999, 36.52918900000002, 1.41, 13.04, 249.59
446, 406.09439999999995, 35.540364999999994, 1.15, 11.55, 249.27
447, 405.4907999999999, 34.718503000000005, 1.17, 10.13, 249.32
448, 404.88719999999995, 33.73127800000002, 1.22, 8.38, 249.54
449, 404.2835999999999, 33.015537, 1.33, 7.06, 249.77
450, 403.67999999999995, 32.24889, 1.5, 5.58, 250.22
451, 403.0763999999999, 31.312478000000024, 1.32, 4.09, 250.15
452, 402.47279999999995, 30.785394000000014, 1.46, 3.08, 250.36
453, 401.8691999999999, 30.270189000000013, 1.41, 2.22, 250.4
454, 401.26559999999995, 29.83650000000001, 1.3, 1.51, 250.54
455, 400.6619999999999, 29.748141000000015, 1.49, 1.22, 250.76
456, 400.05839999999995, 29.515853000000014, 1.47, 0.85, 250.68
457, 399.4547999999999, 29.344481000000005, 1.29, 0.64, 250.73
458, 398.85119999999995, 29.30406700000002, 1.33, 0.51, 250.94
459, 398.2475999999999, 29.470982000000014, 1.48, 0.65, 251.29
460, 397.64399999999995, 29.57826, 1.6, 0.76, 251.35
461, 397.0403999999999, 29.53508799999999, 1.52, 0.7, 251.49
462, 396.43679999999995, 29.401648000000012, 1.42, 0.51, 251.56
463, 395.8331999999999, 29.493102, 1.48, 0.61, 251.69
464, 395.22959999999995, 29.495921000000017, 1.49, 0.6, 251.74
465, 394.6259999999999, 29.59084100000002, 1.59, 0.67, 251.95
466, 394.02239999999995, 29.36081800000001, 1.32, 0.47, 251.67
467, 393.4187999999999, 29.60518400000001, 1.56, 0.7, 252.0
468, 392.81519999999995, 29.43741900000002, 1.41, 0.51, 251.9
469, 392.2115999999999, 29.496704000000022, 1.46, 0.57, 251.98
470, 391.60799999999995, 29.641834000000006, 1.56, 0.71, 252.27
471, 391.0043999999999, 29.57395100000001, 1.49, 0.63, 252.27
472, 390.40079999999995, 29.647733000000027, 1.57, 0.68, 252.45
473, 389.7971999999999, 29.66810000000004, 1.6, 0.68, 252.55
474, 389.19359999999995, 29.51880700000001, 1.43, 0.52, 252.51
475, 388.5899999999999, 29.690099999999994, 1.6, 0.7, 252.64
476, 387.98639999999995, 29.52201000000002, 1.3, 0.58, 252.57
477, 387.3827999999999, 29.743775000000017, 1.55, 0.78, 252.83
478, 386.77919999999995, 29.566476000000016, 1.44, 0.6, 252.49
479, 386.1755999999999, 29.37578600000001, 1.24, 0.41, 252.32
480, 385.57199999999995, 29.69900500000001, 1.65, 0.68, 252.69
481, 384.9683999999999, 29.783557000000023, 1.73, 0.76, 252.81
482, 384.36479999999995, 29.54848100000001, 1.49, 0.54, 252.51
483, 383.7611999999999, 29.584178000000016, 1.52, 0.57, 252.59
484, 383.15759999999995, 29.706553999999997, 1.66, 0.68, 252.73
485, 382.5539999999999, 29.615253000000006, 1.57, 0.58, 252.68
486, 381.95039999999995, 29.542038000000012, 1.42, 0.52, 252.74
487, 381.3467999999999, 29.702669000000014, 1.61, 0.66, 252.93
488, 380.74319999999994, 29.61762300000001, 1.47, 0.6, 252.86
489, 380.1395999999999, 29.534642000000012, 1.38, 0.52, 252.78
490, 379.53599999999994, 29.618145000000013, 1.45, 0.58, 253.02
491, 378.9323999999999, 29.67304, 1.5, 0.65, 253.01
492, 378.32879999999994, 29.651256000000007, 1.54, 0.61, 252.92
493, 377.7251999999999, 29.622506999999995, 1.53, 0.57, 252.9
494, 377.12159999999994, 29.65551, 1.6, 0.61, 252.8
495, 376.5179999999999, 29.511395000000007, 1.45, 0.47, 252.65
496, 375.91439999999994, 29.478239000000002, 1.41, 0.43, 252.67
497, 375.3107999999999, 29.597580000000004, 1.5, 0.57, 252.76
498, 374.70719999999994, 29.582879999999996, 1.5, 0.51, 252.94
499, 374.1035999999999, 29.687060999999993, 1.59, 0.63, 253.0
500, 373.49999999999994, 29.59608299999999, 1.47, 0.54, 252.98
501, 372.8963999999999, 29.552774999999997, 1.45, 0.49, 252.91
502, 372.29279999999994, 29.563993000000004, 1.47, 0.53, 252.75
503, 371.6891999999999, 29.704688000000004, 1.62, 0.67, 252.87
504, 371.08559999999994, 29.510255, 1.45, 0.47, 252.64
505, 370.4819999999999, 29.554873000000015, 1.47, 0.53, 252.67
506, 369.87839999999994, 29.772972999999997, 1.67, 0.79, 252.72
507, 369.2747999999999, 29.50237000000001, 1.4, 0.55, 252.29
508, 368.67119999999994, 29.718080000000004, 1.4, 0.9, 252.38
509, 368.0675999999999, 29.608340000000002, 1.3, 0.83, 252.04
510, 367.46399999999994, 29.435643999999996, 1.36, 0.48, 252.17
511, 366.8603999999999, 29.530685000000002, 1.45, 0.8, 251.12
512, 366.25679999999994, 29.09703399999999, 1.26, 0.56, 249.05
513, 365.65319999999997, 28.593135999999994, 0.84, 0.5, 246.04
514, 365.04959999999994, 28.155058000000018, 0.92, 0.55, 241.73
515, 364.44599999999997, 27.717435999999992, 0.64, 0.72, 237.75
516, 363.84239999999994, 27.34601700000001, 1.13, 0.5, 234.34
517, 363.23879999999997, 26.99731499999997, 0.85, 0.67, 231.14
518, 362.63519999999994, 26.746975999999982, 1.34, 0.33, 229.41
519, 362.03159999999997, 26.40544499999999, 1.05, 0.36, 227.02
520, 361.42799999999994, 26.147219, 1.31, 0.18, 225.0
521, 360.82439999999997, 25.80946899999999, 1.01, 0.34, 222.0
522, 360.22079999999994, 25.651014999999994, 1.15, 0.36, 220.14
523, 359.61719999999997, 25.257859999999997, 0.8, 0.42, 217.3
524, 359.01359999999994, 25.17157300000001, 1.17, 0.44, 215.47
525, 358.40999999999997, 24.688303000000015, 0.77, 0.37, 212.64
526, 357.80639999999994, 24.517084999999994, 0.95, 0.21, 211.49
527, 357.20279999999997, 24.399098000000002, 0.92, 0.57, 208.68
528, 356.59919999999994, 24.244280000000003, 1.5, 0.31, 207.14
529, 355.99559999999997, 23.885325999999992, 1.24, 0.33, 204.57
530, 355.39199999999994, 23.851712999999982, 1.77, 0.3, 203.04
531, 354.78839999999997, 23.465094999999987, 1.45, 0.15, 201.26
532, 354.18479999999994, 23.444754999999986, 1.55, 0.28, 200.15
533, 353.58119999999997, 23.355725999999986, 1.44, 0.33, 199.4
534, 352.97759999999994, 23.206799999999994, 1.4, 0.32, 198.25
535, 352.37399999999997, 23.141716000000002, 1.34, 0.43, 197.27
536, 351.77039999999994, 22.977324000000003, 1.36, 0.4, 195.93
537, 351.16679999999997, 22.90086899999999, 1.31, 0.47, 195.03
538, 350.56319999999994, 22.74807599999999, 1.34, 0.41, 193.92
539, 349.95959999999997, 22.63442699999998, 1.23, 0.42, 193.16
540, 349.35599999999994, 22.537973999999995, 1.16, 0.47, 192.24
541, 348.75239999999997, 22.329127, 0.93, 0.41, 191.32
542, 348.14879999999994, 22.159013000000005, 0.87, 0.31, 190.5
543, 347.54519999999997, 22.068351000000003, 0.79, 0.34, 189.76
544, 346.94159999999994, 22.03922900000002, 1.11, 0.31, 188.82
545, 346.33799999999997, 21.92157600000001, 1.04, 0.32, 187.92
546, 345.73439999999994, 21.74567300000001, 1.17, 0.16, 186.86
547, 345.13079999999997, 21.703804000000005, 1.16, 0.22, 186.21
548, 344.52719999999994, 21.772019999999994, 1.3, 0.43, 185.36
549, 343.92359999999996, 21.39693299999998, 0.87, 0.21, 184.33
550, 343.31999999999994, 21.35415700000002, 0.93, 0.26, 183.54
551, 342.71639999999996, 21.23360600000002, 0.84, 0.25, 182.77
552, 342.11279999999994, 21.106108000000027, 0.82, 0.21, 181.91
553, 341.50919999999996, 21.11320200000002, 0.88, 0.31, 181.3
554, 340.90559999999994, 20.98300400000002, 0.76, 0.26, 180.73
555, 340.30199999999996, 20.863886000000008, 0.54, 0.34, 179.85
556, 339.69839999999994, 20.846193, 0.87, 0.27, 179.19
557, 339.09479999999996, 20.795925, 0.85, 0.28, 178.75
558, 338.49119999999994, 20.830764999999992, 0.95, 0.37, 178.33
559, 337.88759999999996, 20.826918000000006, 0.92, 0.47, 177.86
560, 337.28399999999993, 20.636038999999993, 0.81, 0.43, 176.68
561, 336.68039999999996, 20.407825000000003, 0.65, 0.28, 175.87
562, 336.07679999999993, 20.223741000000008, 0.59, 0.23, 174.67
563, 335.47319999999996, 20.1903, 0.6, 0.3, 173.99
564, 334.86959999999993, 20.314876000000005, 0.94, 0.51, 173.11
565, 334.26599999999996, 20.089282000000004, 0.78, 0.38, 172.22
566, 333.66239999999993, 19.95496199999999, 0.88, 0.31, 171.14
567, 333.05879999999996, 19.777019999999993, 0.7, 0.25, 170.36
568, 332.45519999999993, 19.634055999999987, 0.74, 0.19, 169.31
569, 331.85159999999996, 19.675212999999992, 0.77, 0.34, 168.82
570, 331.24799999999993, 19.593654999999995, 0.75, 0.32, 168.26
571, 330.64439999999996, 19.409179999999996, 0.6, 0.22, 167.55
572, 330.04079999999993, 19.34548800000001, 0.82, 0.25, 166.26
573, 329.43719999999996, 19.251468000000013, 0.72, 0.3, 165.44
574, 328.83359999999993, 19.36437800000001, 1.02, 0.46, 164.82
575, 328.22999999999996, 18.963225000000005, 0.65, 0.2, 163.61
576, 327.62639999999993, 18.88330699999999, 0.83, 0.18, 162.54
577, 327.02279999999996, 18.824677999999988, 0.82, 0.26, 161.64
578, 326.41919999999993, 18.738201, 1.29, 0.12, 160.37
579, 325.81559999999996, 18.785186999999993, 1.33, 0.37, 159.39
580, 325.21199999999993, 18.683314000000006, 1.46, 0.34, 158.31
581, 324.60839999999996, 18.35567400000001, 1.16, 0.29, 156.48
582, 324.00479999999993, 18.232338999999996, 1.21, 0.27, 155.37
583, 323.40119999999996, 18.011624999999988, 1.05, 0.36, 153.39
584, 322.79759999999993, 17.80567800000001, 1.02, 0.24, 152.28
585, 322.19399999999996, 17.734285000000014, 0.95, 0.49, 150.55
586, 321.59039999999993, 17.526768999999994, 1.11, 0.29, 149.34
587, 320.98679999999996, 17.174433999999994, 0.76, 0.27, 147.27
588, 320.38319999999993, 17.159157000000008, 1.33, 0.28, 145.59
589, 319.77959999999996, 16.865568000000007, 1.02, 0.33, 143.57
590, 319.17599999999993, 16.677277000000007, 1.03, 0.21, 142.51
591, 318.57239999999996, 16.481273999999996, 0.86, 0.32, 140.67
592, 317.96879999999993, 16.330413999999994, 0.96, 0.35, 138.93
593, 317.36519999999996, 16.03942200000001, 0.78, 0.48, 136.18
594, 316.76159999999993, 15.959112, 1.48, 0.28, 134.67
595, 316.15799999999996, 15.583873999999996, 1.16, 0.33, 131.96
596, 315.55439999999993, 15.442843999999996, 1.36, 0.32, 130.25
597, 314.95079999999996, 14.923429000000004, 0.91, 0.21, 127.44
598, 314.34719999999993, 14.723040999999993, 1.19, 0.13, 125.36
599, 313.74359999999996, 14.449659000000004, 1.01, 0.29, 122.61
600, 313.13999999999993, 14.112922999999988, 0.97, 0.23, 120.07
601, 312.53639999999996, 13.767113999999994, 0.66, 0.36, 117.18
602, 311.93279999999993, 13.583823999999991, 0.76, 0.36, 115.31
603, 311.32919999999996, 13.338760999999998, 0.69, 0.52, 112.52
604, 310.72559999999993, 13.21238700000001, 1.03, 0.52, 110.52
605, 310.12199999999996, 13.223768999999997, 1.11, 0.99, 107.99
606, 309.51839999999993, 13.050121999999998, 1.28, 0.93, 106.33
607, 308.91479999999996, 12.999449999999994, 1.3, 1.42, 103.31
608, 308.31119999999993, 12.886991000000002, 1.49, 1.59, 100.95
609, 307.70759999999996, 12.939484000000002, 1.56, 2.24, 97.88
610, 307.1039999999999, 13.341948000000002, 2.22, 2.91, 96.23
611, 306.50039999999996, 13.300242, 2.18, 3.44, 93.24
612, 305.8967999999999, 13.303879000000002, 2.21, 3.73, 91.7
613, 305.29319999999996, 13.578210999999996, 2.49, 4.55, 89.15
614, 304.6895999999999, 13.778571999999999, 2.88, 5.12, 86.95
615, 304.08599999999996, 13.420517000000004, 2.53, 5.3, 83.8
616, 303.4823999999999, 13.755315000000001, 2.85, 6.09, 81.83
617, 302.87879999999996, 14.147135, 3.25, 6.95, 79.79
618, 302.2751999999999, 14.427740000000004, 3.7, 7.43, 78.6
619, 301.67159999999996, 14.935419000000001, 4.21, 8.41, 76.67
620, 301.0679999999999, 15.364441000000006, 4.69, 9.18, 75.21
621, 300.46439999999996, 15.223702000000005, 4.58, 9.34, 73.44
622, 299.8607999999999, 15.319006000000002, 4.84, 9.57, 72.41
623, 299.25719999999995, 15.420302000000001, 4.88, 9.93, 71.34
624, 298.6535999999999, 15.937661000000002, 5.49, 10.66, 70.52
625, 298.04999999999995, 15.790463000000003, 5.37, 10.75, 69.08
626, 297.4463999999999, 15.602577000000002, 5.63, 10.55, 67.78
627, 296.84279999999995, 15.759212, 5.78, 10.89, 67.01
628, 296.2391999999999, 16.108608999999994, 6.41, 11.38, 65.9
629, 295.63559999999995, 16.364463, 6.67, 11.8, 65.3
630, 295.0319999999999, 16.835309999999996, 7.3, 12.46, 64.38
631, 294.42839999999995, 17.276543999999994, 7.76, 13.16, 63.44
632, 293.8247999999999, 17.391044000000008, 7.86, 13.51, 62.38
633, 293.22119999999995, 17.508889999999997, 8.0, 13.89, 61.09
634, 292.6175999999999, 17.482616999999998, 8.03, 14.03, 60.06
635, 292.01399999999995, 17.84084100000001, 8.39, 14.69, 58.86
636, 291.4103999999999, 18.089335, 8.85, 15.05, 57.98
637, 290.80679999999995, 18.453349999999997, 9.2, 15.69, 56.96
638, 290.2031999999999, 18.321375000000003, 9.15, 15.78, 55.47
639, 289.59959999999995, 18.407399000000005, 9.21, 16.03, 54.78
640, 288.9959999999999, 18.221018000000004, 9.12, 15.97, 53.69
641, 288.39239999999995, 18.34429399999999, 9.26, 16.2, 53.22
642, 287.7887999999999, 18.63680399999998, 9.66, 16.65, 52.42
643, 287.18519999999995, 18.528265999999984, 9.54, 16.6, 52.04
644, 286.5815999999999, 18.70841300000001, 9.97, 16.82, 51.36
645, 285.97799999999995, 18.62788200000001, 9.88, 16.75, 51.25
646, 285.3743999999999, 18.52853, 10.1, 16.56, 50.78
647, 284.77079999999995, 18.996203, 10.57, 17.03, 51.23
648, 284.1671999999999, 19.086114000000016, 10.86, 17.22, 50.28
649, 283.56359999999995, 19.676055, 11.45, 17.81, 50.87
650, 282.9599999999999, 19.941477999999993, 11.82, 18.2, 50.22
651, 282.35639999999995, 19.979194000000003, 11.86, 18.24, 50.24
652, 281.7527999999999, 20.048917000000017, 12.23, 18.25, 49.83
653, 281.14919999999995, 20.108911000000017, 12.29, 18.31, 49.89
654, 280.5455999999999, 20.627135000000017, 12.85, 18.83, 50.29
655, 279.94199999999995, 20.63713400000001, 12.86, 18.84, 50.3
656, 279.3383999999999, 20.497845000000012, 12.75, 18.75, 49.83
657, 278.73479999999995, 20.56914800000001, 12.82, 18.83, 49.86
658, 278.1311999999999, 20.45226100000001, 12.69, 18.8, 49.33
659, 277.52759999999995, 0.0, 0.0, 0.0, 0.0
660, 276.9239999999999, 0.0, 0.0, 0.0, 0.0
661, 276.32039999999995, 0.0, 0.0, 0.0, 0.0
662, 275.7167999999999, 0.0, 0.0, 0.0, 0.0
663, 275.11319999999995, 0.0, 0.0, 0.0, 0.0
664, 274.5095999999999, 0.0, 0.0, 0.0, 0.0
665, 273.90599999999995, 0.0, 0.0, 0.0, 0.0
666, 273.3023999999999, 0.0, 0.0, 0.0, 0.0
667, 272.69879999999995, 0.0, 0.0, 0.0, 0.0
668, 272.0951999999999, 0.0, 0.0, 0.0, 0.0
669, 271.49159999999995, 0.0, 0.0, 0.0, 0.0
670, 270.8879999999999, 0.0, 0.0, 0.0, 0.0
671, 270.28439999999995, 0.0, 0.0, 0.0, 0.0
672, 269.6807999999999, 0.0, 0.0, 0.0, 0.0
673, 269.07719999999995, 0.0, 0.0, 0.0, 0.0
674, 268.4735999999999, 0.0, 0.0, 0.0, 0.0
675, 267.86999999999995, 0.0, 0.0, 0.0, 0.0
676, 267.2663999999999, 0.0, 0.0, 0.0, 0.0
677, 266.66279999999995, 0.0, 0.0, 0.0, 0.0
678, 266.0591999999999, 0.0, 0.0, 0.0, 0.0
679, 265.45559999999995, 0.0, 0.0, 0.0, 0.0
680, 264.8519999999999, 0.0, 0.0, 0.0, 0.0
681, 264.24839999999995, 0.0, 0.0, 0.0, 0.0
682, 263.6447999999999, 0.0, 0.0, 0.0, 0.0
683, 263.04119999999995, 0.0, 0.0, 0.0, 0.0
684, 262.4375999999999, 0.0, 0.0, 0.0, 0.0
685, 261.83399999999995, 0.0, 0.0, 0.0, 0.0
686, 261.2303999999999, 0.0, 0.0, 0.0, 0.0
687, 260.62679999999995, 0.0, 0.0, 0.0, 0.0
688, 260.0231999999999, 0.0, 0.0, 0.0, 0.0
689, 259.41959999999995, 0.0, 0.0, 0.0, 0.0
690, 258.8159999999999, 0.0, 0.0, 0.0, 0.0
691, 258.21239999999995, 0.0, 0.0, 0.0, 0.0
692, 257.6087999999999, 0.0, 0.0, 0.0, 0.0
693, 257.00519999999995, 0.0, 0.0, 0.0, 0.0
694, 256.4015999999999, 0.0, 0.0, 0.0, 0.0
695, 255.79799999999994, 0.0, 0.0, 0.0, 0.0
696, 255.19439999999992, 0.0, 0.0, 0.0, 0.0
697, 254.59079999999994, 0.0, 0.0, 0.0, 0.0
698, 253.98719999999992, 0.0, 0.0, 0.0, 0.0
699, 253.38359999999994, 0.0, 0.0, 0.0, 0.0
