Extraction [ img/samplecalib.png ] effectuee 2026-03-25 21:33:17.715207
Calibration: -1.0900552854193033*x + 932.6392459868115 [Largeur 700]

pixel, longueur d'onde, intensite, r, g, b
0, 932.6392459868115, 31.92646499999996, 34.516666666666666, 30.666666666666668, 31.65
1, 931.5491907013921, 31.945029999999964, 34.53333333333333, 30.683333333333334, 31.683333333333334
2, 930.4591354159729, 31.78834333333329, 34.4, 30.516666666666666, 31.516666666666666
3, 929.3690801305536, 31.537651666666616, 34.31666666666667, 30.2, 31.166666666666668
4, 928.2790248451342, 31.51808499999995, 34.31666666666667, 30.166666666666668, 31.166666666666668
5, 927.188969559715, 31.68545333333329, 34.46666666666667, 30.333333333333332, 31.383333333333333
6, 926.0989142742957, 31.966318333333298, 34.65, 30.666666666666668, 31.65
7, 925.0088589888763, 32.0848733333333, 34.766666666666666, 30.783333333333335, 31.783333333333335
8, 923.9188037034571, 32.123184999999964, 34.81666666666667, 30.816666666666666, 31.816666666666666
9, 922.8287484180378, 32.123184999999964, 34.81666666666667, 30.816666666666666, 31.816666666666666
10, 921.7386931326184, 32.13984999999997, 34.833333333333336, 30.833333333333332, 31.833333333333332
11, 920.6486378471991, 32.056524999999965, 34.75, 30.75, 31.75
12, 919.5585825617799, 31.973199999999963, 34.666666666666664, 30.666666666666668, 31.666666666666668
13, 918.4685272763605, 31.78988499999996, 34.483333333333334, 30.483333333333334, 31.483333333333334
14, 917.3784719909412, 31.973199999999963, 34.666666666666664, 30.666666666666668, 31.666666666666668
15, 916.288416705522, 32.10651999999997, 34.8, 30.8, 31.8
16, 915.1983614201026, 32.123184999999964, 34.81666666666667, 30.816666666666666, 31.816666666666666
17, 914.1083061346833, 32.10651999999997, 34.8, 30.8, 31.8
18, 913.0182508492641, 32.056524999999965, 34.75, 30.75, 31.75
19, 911.9281955638447, 32.03985999999996, 34.733333333333334, 30.733333333333334, 31.733333333333334
20, 910.8381402784254, 32.03985999999996, 34.733333333333334, 30.733333333333334, 31.733333333333334
21, 909.7480849930062, 31.90653999999996, 34.6, 30.6, 31.6
22, 908.6580297075868, 31.589904999999952, 34.28333333333333, 30.283333333333335, 31.283333333333335
23, 907.5679744221675, 32.00652999999996, 34.7, 30.7, 31.7
24, 906.4779191367483, 32.089854999999964, 34.78333333333333, 30.783333333333335, 31.783333333333335
25, 905.3878638513289, 32.206509999999966, 34.9, 30.9, 31.9
26, 904.2978085659096, 32.273169999999965, 34.96666666666667, 30.966666666666665, 31.966666666666665
27, 903.2077532804904, 32.27316999999997, 34.96666666666667, 30.966666666666665, 31.966666666666665
28, 902.117697995071, 32.32316499999997, 35.016666666666666, 31.016666666666666, 32.016666666666666
29, 901.0276427096517, 31.923204999999957, 34.61666666666667, 30.616666666666667, 31.616666666666667
30, 899.9375874242323, 31.823214999999962, 34.516666666666666, 30.516666666666666, 31.516666666666666
31, 898.8475321388131, 31.973199999999967, 34.666666666666664, 30.666666666666668, 31.666666666666668
32, 897.7574768533938, 31.956534999999967, 34.65, 30.65, 31.65
33, 896.6674215679744, 31.823214999999962, 34.516666666666666, 30.516666666666666, 31.516666666666666
34, 895.5773662825552, 31.88987499999996, 34.583333333333336, 30.583333333333332, 31.583333333333332
35, 894.4873109971359, 32.023194999999966, 34.71666666666667, 30.716666666666665, 31.716666666666665
36, 893.3972557117165, 32.03985999999996, 34.733333333333334, 30.733333333333334, 31.733333333333334
37, 892.3072004262973, 31.90653999999996, 34.6, 30.6, 31.6
38, 891.217145140878, 31.621901666666645, 34.31666666666667, 30.35, 31.133333333333333
39, 890.1270898554586, 31.785111666666648, 34.55, 30.483333333333334, 31.266666666666666
40, 889.0370345700394, 32.00555499999999, 34.61666666666667, 30.766666666666666, 31.566666666666666
41, 887.94697928462, 31.82912166666665, 34.45, 30.583333333333332, 31.4
42, 886.8569239992007, 31.792531666666655, 34.516666666666666, 30.5, 31.333333333333332
43, 885.7668687137815, 32.006273333333326, 34.6, 30.766666666666666, 31.616666666666667
44, 884.6768134283622, 32.11322166666663, 34.78333333333333, 30.816666666666666, 31.816666666666666
45, 883.5867581429428, 32.1239033333333, 34.8, 30.816666666666666, 31.866666666666667
46, 882.4967028575236, 31.995564999999964, 34.68333333333333, 30.683333333333334, 31.733333333333334
47, 881.4066475721042, 31.995564999999964, 34.68333333333333, 30.683333333333334, 31.733333333333334
48, 880.3165922866849, 31.75888999999996, 34.43333333333333, 30.433333333333334, 31.6
49, 879.2265370012656, 31.687863333333294, 34.36666666666667, 30.333333333333332, 31.666666666666668
50, 878.1364817158463, 31.684424999999965, 34.583333333333336, 30.233333333333334, 31.583333333333332
51, 877.046426430427, 31.625618333333303, 34.31666666666667, 30.233333333333334, 31.766666666666666
52, 875.9563711450077, 31.66156666666664, 34.333333333333336, 30.266666666666666, 31.866666666666667
53, 874.8663158595884, 31.93113666666664, 34.63333333333333, 30.566666666666666, 31.9
54, 873.7762605741691, 31.8508383333333, 34.61666666666667, 30.383333333333333, 32.18333333333333
55, 872.6862052887498, 31.61957999999997, 34.36666666666667, 30.116666666666667, 32.18333333333333
56, 871.5961500033305, 31.411179999999977, 34.36666666666667, 29.816666666666666, 31.9
57, 870.5060947179112, 31.614238333333294, 34.28333333333333, 30.15, 32.18333333333333
58, 869.4160394324919, 31.490701666666634, 34.15, 30.033333333333335, 32.05
59, 868.3259841470726, 31.691353333333304, 34.46666666666667, 30.233333333333334, 31.95
60, 867.2359288616533, 31.56491499999997, 34.35, 30.1, 31.833333333333332
61, 866.145873576234, 31.680209999999956, 34.56666666666667, 30.166666666666668, 31.933333333333334
62, 865.0558182908147, 31.591364999999954, 34.516666666666666, 30.066666666666666, 31.8
63, 863.9657630053954, 31.17764333333329, 34.233333333333334, 29.6, 31.316666666666666
64, 862.875707719976, 31.246023333333294, 34.266666666666666, 29.683333333333334, 31.4
65, 861.7856524345568, 31.770188333333298, 34.61666666666667, 30.333333333333332, 31.733333333333334
66, 860.6955971491375, 31.695106666666632, 34.6, 30.233333333333334, 31.633333333333333
67, 859.6055418637181, 31.531024999999996, 34.25, 30.2, 31.283333333333335
68, 858.5154865782988, 31.62844666666663, 34.53333333333333, 30.166666666666668, 31.566666666666666
69, 857.4254312928796, 31.59511666666663, 34.5, 30.133333333333333, 31.533333333333335
70, 856.3353760074602, 31.545121666666628, 34.45, 30.083333333333332, 31.483333333333334
71, 855.245320722041, 32.00652999999996, 34.7, 30.7, 31.7
72, 854.1552654366217, 31.973199999999963, 34.666666666666664, 30.666666666666668, 31.666666666666668
73, 853.0652101512023, 32.023194999999966, 34.71666666666667, 30.716666666666665, 31.716666666666665
74, 851.975154865783, 32.17317999999997, 34.86666666666667, 30.866666666666667, 31.866666666666667
75, 850.8850995803638, 32.18984499999997, 34.88333333333333, 30.883333333333333, 31.883333333333333
76, 849.7950442949444, 32.25650499999997, 34.95, 30.95, 31.95
77, 848.7049890095251, 32.273169999999965, 34.96666666666667, 30.966666666666665, 31.966666666666665
78, 847.6149337241059, 32.339829999999964, 35.03333333333333, 31.033333333333335, 32.03333333333333
79, 846.5248784386865, 32.18984499999996, 34.88333333333333, 30.883333333333333, 31.883333333333333
80, 845.4348231532672, 32.15651499999997, 34.85, 30.85, 31.85
81, 844.344767867848, 32.15651499999997, 34.85, 30.85, 31.85
82, 843.2547125824286, 32.13984999999997, 34.833333333333336, 30.833333333333332, 31.833333333333332
83, 842.1646572970093, 32.10651999999997, 34.8, 30.8, 31.8
84, 841.0746020115901, 31.989864999999963, 34.68333333333333, 30.683333333333334, 31.683333333333334
85, 839.9845467261707, 32.03985999999996, 34.733333333333334, 30.733333333333334, 31.733333333333334
86, 838.8944914407514, 32.05652499999996, 34.75, 30.75, 31.75
87, 837.804436155332, 32.332948333333306, 35.016666666666666, 31.033333333333335, 32.016666666666666
88, 836.7143808699128, 32.30649999999997, 35.0, 31.0, 32.0
89, 835.6243255844935, 32.30649999999997, 35.0, 31.0, 32.0
90, 834.5342702990743, 32.30649999999997, 35.0, 31.0, 32.0
91, 833.4442150136549, 32.30649999999997, 35.0, 31.0, 32.0
92, 832.3541597282356, 32.28983499999997, 34.983333333333334, 30.983333333333334, 31.983333333333334
93, 831.2641044428162, 32.25650499999997, 34.95, 30.95, 31.95
94, 830.174049157397, 32.25650499999997, 34.95, 30.95, 31.95
95, 829.0839938719777, 32.2348583333333, 34.916666666666664, 30.933333333333334, 31.933333333333334
96, 827.9939385865583, 32.00652999999996, 34.7, 30.7, 31.7
97, 826.9038833011391, 32.18984499999997, 34.88333333333333, 30.883333333333333, 31.883333333333333
98, 825.8138280157198, 32.18984499999997, 34.88333333333333, 30.883333333333333, 31.883333333333333
99, 824.7237727303004, 32.07318999999997, 34.766666666666666, 30.766666666666666, 31.766666666666666
100, 823.6337174448812, 32.123184999999964, 34.81666666666667, 30.816666666666666, 31.816666666666666
101, 822.5436621594619, 31.989864999999966, 34.68333333333333, 30.683333333333334, 31.683333333333334
102, 821.4536068740425, 31.989864999999966, 34.68333333333333, 30.683333333333334, 31.683333333333334
103, 820.3635515886233, 31.806549999999962, 34.5, 30.5, 31.5
104, 819.273496303204, 32.03985999999997, 34.733333333333334, 30.733333333333334, 31.733333333333334
105, 818.1834410177846, 32.17317999999997, 34.86666666666667, 30.866666666666667, 31.866666666666667
106, 817.0933857323653, 32.13984999999997, 34.833333333333336, 30.833333333333332, 31.833333333333332
107, 816.003330446946, 31.989864999999963, 34.68333333333333, 30.683333333333334, 31.683333333333334
108, 814.9132751615267, 32.00652999999996, 34.7, 30.7, 31.7
109, 813.8232198761075, 32.13984999999997, 34.833333333333336, 30.833333333333332, 31.833333333333332
110, 812.7331645906881, 32.17317999999997, 34.86666666666667, 30.866666666666667, 31.866666666666667
111, 811.6431093052688, 32.03985999999997, 34.733333333333334, 30.733333333333334, 31.733333333333334
112, 810.5530540198495, 31.83987999999996, 34.53333333333333, 30.533333333333335, 31.533333333333335
113, 809.4629987344302, 31.973199999999967, 34.666666666666664, 30.666666666666668, 31.666666666666668
114, 808.3729434490109, 31.973199999999967, 34.666666666666664, 30.666666666666668, 31.666666666666668
115, 807.2828881635916, 32.07318999999997, 34.766666666666666, 30.766666666666666, 31.766666666666666
116, 806.1928328781723, 32.07318999999997, 34.766666666666666, 30.766666666666666, 31.766666666666666
117, 805.102777592753, 32.00652999999996, 34.7, 30.7, 31.7
118, 804.0127223073337, 31.989864999999966, 34.68333333333333, 30.683333333333334, 31.683333333333334
119, 802.9226670219144, 31.856544999999965, 34.55, 30.55, 31.55
120, 801.8326117364951, 32.10651999999997, 34.8, 30.8, 31.8
121, 800.7425564510758, 32.23983999999997, 34.93333333333333, 30.933333333333334, 31.933333333333334
122, 799.6525011656565, 32.25650499999997, 34.95, 30.95, 31.95
123, 798.5624458802372, 32.056524999999965, 34.75, 30.75, 31.75
124, 797.4723905948179, 32.03985999999996, 34.733333333333334, 30.733333333333334, 31.733333333333334
125, 796.3823353093985, 32.23983999999997, 34.93333333333333, 30.933333333333334, 31.933333333333334
126, 795.2922800239793, 32.23983999999997, 34.93333333333333, 30.933333333333334, 31.933333333333334
127, 794.20222473856, 32.10651999999997, 34.8, 30.8, 31.8
128, 793.1121694531407, 32.00652999999996, 34.7, 30.7, 31.7
129, 792.0221141677214, 32.00652999999996, 34.7, 30.7, 31.7
130, 790.932058882302, 32.07318999999997, 34.766666666666666, 30.766666666666666, 31.766666666666666
131, 789.8420035968827, 32.03985999999996, 34.733333333333334, 30.733333333333334, 31.733333333333334
132, 788.7519483114635, 31.85654499999996, 34.55, 30.55, 31.55
133, 787.6618930260441, 31.87320999999996, 34.56666666666667, 30.566666666666666, 31.566666666666666
134, 786.5718377406249, 31.939869999999964, 34.63333333333333, 30.633333333333333, 31.633333333333333
135, 785.4817824552056, 31.90653999999996, 34.6, 30.6, 31.6
136, 784.3917271697862, 31.956534999999967, 34.65, 30.65, 31.65
137, 783.3016718843669, 32.07318999999997, 34.766666666666666, 30.766666666666666, 31.766666666666666
138, 782.2116165989477, 32.23983999999997, 34.93333333333333, 30.933333333333334, 31.933333333333334
139, 781.1215613135283, 32.28983499999997, 34.983333333333334, 30.983333333333334, 31.983333333333334
140, 780.031506028109, 32.03985999999996, 34.733333333333334, 30.733333333333334, 31.733333333333334
141, 778.9414507426898, 32.03985999999996, 34.733333333333334, 30.733333333333334, 31.733333333333334
142, 777.8513954572704, 32.28983499999997, 34.983333333333334, 30.983333333333334, 31.983333333333334
143, 776.7613401718511, 32.206509999999966, 34.9, 30.9, 31.9
144, 775.6712848864317, 32.05652499999997, 34.75, 30.75, 31.75
145, 774.5812296010125, 31.839879999999958, 34.53333333333333, 30.533333333333335, 31.533333333333335
146, 773.4911743155932, 31.82321499999996, 34.516666666666666, 30.516666666666666, 31.516666666666666
147, 772.401119030174, 31.956534999999963, 34.65, 30.65, 31.65
148, 771.3110637447546, 31.956534999999963, 34.65, 30.65, 31.65
149, 770.2210084593353, 31.956534999999963, 34.65, 30.65, 31.65
150, 769.1309531739159, 31.90653999999996, 34.6, 30.6, 31.6
151, 768.0408978884967, 31.80654999999996, 34.5, 30.5, 31.5
152, 766.9508426030774, 31.77321999999996, 34.46666666666667, 30.466666666666665, 31.466666666666665
153, 765.8607873176582, 31.939869999999964, 34.63333333333333, 30.633333333333333, 31.633333333333333
154, 764.7707320322388, 31.939869999999964, 34.63333333333333, 30.633333333333333, 31.633333333333333
155, 763.6806767468195, 31.973199999999963, 34.666666666666664, 30.666666666666668, 31.666666666666668
156, 762.5906214614001, 31.973199999999963, 34.666666666666664, 30.666666666666668, 31.666666666666668
157, 761.5005661759809, 32.023194999999966, 34.71666666666667, 30.716666666666665, 31.716666666666665
158, 760.4105108905616, 32.023194999999966, 34.71666666666667, 30.716666666666665, 31.716666666666665
159, 759.3204556051422, 32.00652999999996, 34.7, 30.7, 31.7
160, 758.230400319723, 31.956534999999963, 34.65, 30.65, 31.65
161, 757.1403450343037, 32.03985999999996, 34.733333333333334, 30.733333333333334, 31.733333333333334
162, 756.0502897488843, 32.15651499999997, 34.85, 30.85, 31.85
163, 754.960234463465, 32.22317499999997, 34.916666666666664, 30.916666666666668, 31.916666666666668
164, 753.8701791780458, 32.123184999999964, 34.81666666666667, 30.816666666666666, 31.816666666666666
165, 752.7801238926264, 32.089854999999964, 34.78333333333333, 30.783333333333335, 31.783333333333335
166, 751.6900686072072, 32.23983999999997, 34.93333333333333, 30.933333333333334, 31.933333333333334
167, 750.6000133217879, 32.18984499999997, 34.88333333333333, 30.883333333333333, 31.883333333333333
168, 749.5099580363685, 32.023194999999966, 34.71666666666667, 30.716666666666665, 31.716666666666665
169, 748.4199027509492, 31.956534999999963, 34.65, 30.65, 31.65
170, 747.32984746553, 32.023194999999966, 34.71666666666667, 30.716666666666665, 31.716666666666665
171, 746.2397921801106, 32.00652999999996, 34.7, 30.7, 31.7
172, 745.1497368946914, 32.123184999999964, 34.81666666666667, 30.816666666666666, 31.816666666666666
173, 744.059681609272, 32.18984499999997, 34.88333333333333, 30.883333333333333, 31.883333333333333
174, 742.9696263238527, 32.22317499999997, 34.916666666666664, 30.916666666666668, 31.916666666666668
175, 741.8795710384334, 32.23983999999997, 34.93333333333333, 30.933333333333334, 31.933333333333334
176, 740.7895157530141, 32.25650499999997, 34.95, 30.95, 31.95
177, 739.6994604675948, 32.26628833333331, 34.95, 30.966666666666665, 31.95
178, 738.6094051821755, 31.85654499999996, 34.55, 30.55, 31.55
179, 737.5193498967562, 32.206509999999966, 34.9, 30.9, 31.9
180, 736.4292946113369, 32.25650499999997, 34.95, 30.95, 31.95
181, 735.3392393259176, 32.25650499999997, 34.95, 30.95, 31.95
182, 734.2491840404982, 32.37315999999997, 35.06666666666667, 31.066666666666666, 32.06666666666667
183, 733.159128755079, 32.28983499999997, 34.983333333333334, 30.983333333333334, 31.983333333333334
184, 732.0690734696597, 32.17317999999997, 34.86666666666667, 30.866666666666667, 31.866666666666667
185, 730.9790181842404, 31.77321999999996, 34.46666666666667, 30.466666666666665, 31.466666666666665
186, 729.8889628988211, 31.72322499999996, 34.416666666666664, 30.416666666666668, 31.416666666666668
187, 728.7989076134018, 31.673229999999958, 34.36666666666667, 30.366666666666667, 31.366666666666667
188, 727.7088523279824, 31.68989499999996, 34.38333333333333, 30.383333333333333, 31.383333333333333
189, 726.6187970425632, 31.673229999999958, 34.36666666666667, 30.366666666666667, 31.366666666666667
190, 725.5287417571438, 31.773219999999963, 34.46666666666667, 30.466666666666665, 31.466666666666665
191, 724.4386864717246, 31.823214999999962, 34.516666666666666, 30.516666666666666, 31.516666666666666
192, 723.3486311863053, 31.823214999999962, 34.516666666666666, 30.516666666666666, 31.516666666666666
193, 722.258575900886, 31.856544999999965, 34.55, 30.55, 31.55
194, 721.1685206154666, 31.83987999999996, 34.53333333333333, 30.533333333333335, 31.533333333333335
195, 720.0784653300474, 31.823214999999962, 34.516666666666666, 30.516666666666666, 31.516666666666666
196, 718.988410044628, 31.906539999999964, 34.6, 30.6, 31.6
197, 717.8983547592087, 31.906539999999964, 34.6, 30.6, 31.6
198, 716.8082994737895, 31.856544999999965, 34.55, 30.55, 31.55
199, 715.7182441883701, 31.83987999999996, 34.53333333333333, 30.533333333333335, 31.533333333333335
200, 714.6281889029508, 31.773219999999963, 34.46666666666667, 30.466666666666665, 31.466666666666665
201, 713.5381336175315, 31.73988999999996, 34.43333333333333, 30.433333333333334, 31.433333333333334
202, 712.4480783321122, 31.719481666666645, 34.516666666666666, 30.45, 30.95
203, 711.3580230466929, 31.608884999999987, 34.31666666666667, 30.366666666666667, 30.933333333333334
204, 710.2679677612737, 31.370744999999957, 34.05, 30.1, 30.916666666666668
205, 709.1779124758543, 31.131303333333285, 34.13333333333333, 29.75, 30.4
206, 708.087857190435, 30.92311166666665, 34.21666666666667, 29.45, 29.9
207, 706.9978019050156, 31.780551666666625, 35.15, 30.283333333333335, 30.683333333333334
208, 705.9077466195964, 31.185746666666674, 34.7, 29.583333333333332, 30.25
209, 704.8176913341771, 31.203108333333354, 34.583333333333336, 29.75, 29.85
210, 703.7276360487579, 30.08556000000002, 34.233333333333334, 28.283333333333335, 28.516666666666666
211, 702.6375807633385, 29.23888666666669, 34.13333333333333, 27.066666666666666, 27.616666666666667
212, 701.5475254779192, 29.06436666666668, 35.166666666666664, 26.35, 27.066666666666666
213, 700.4574701924998, 28.30846833333334, 35.31666666666667, 25.183333333333334, 26.05
214, 699.3674149070806, 28.43294, 36.266666666666666, 24.966666666666665, 25.766666666666666
215, 698.2773596216613, 28.550998333333336, 37.68333333333333, 24.55, 25.233333333333334
216, 697.1873043362419, 28.91340333333333, 38.96666666666667, 24.533333333333335, 25.133333333333333
217, 696.0972490508227, 29.580653333333338, 40.3, 24.916666666666668, 25.516666666666666
218, 695.0071937654034, 32.18732500000001, 48.583333333333336, 25.233333333333334, 25.033333333333335
219, 693.917138479984, 39.08684000000002, 66.26666666666667, 27.966666666666665, 25.116666666666667
220, 692.8270831945647, 50.74992166666666, 93.95, 32.93333333333333, 29.266666666666666
221, 691.7370279091455, 70.76312166666665, 154.28333333333333, 35.266666666666666, 34.61666666666667
222, 690.6469726237261, 76.88516999999999, 168.13333333333333, 37.983333333333334, 38.016666666666666
223, 689.5569173383069, 89.62239833333332, 205.51666666666668, 40.53333333333333, 38.6
224, 688.4668620528876, 89.51181166666667, 203.71666666666667, 41.2, 38.916666666666664
225, 687.3768067674682, 89.85955833333335, 205.25, 41.06666666666667, 38.63333333333333
226, 686.2867514820489, 89.44864666666666, 203.53333333333333, 41.266666666666666, 38.5
227, 685.1966961966297, 88.89970166666667, 200.98333333333332, 41.516666666666666, 39.083333333333336
228, 684.1066409112103, 85.40975999999999, 193.9, 39.45, 37.68333333333333
229, 683.0165856257911, 68.19282833333331, 141.21666666666667, 37.03333333333333, 37.233333333333334
230, 681.9265303403718, 60.02250333333332, 125.8, 32.016666666666666, 31.816666666666666
231, 680.8364750549524, 32.08118000000001, 41.7, 28.25, 26.616666666666667
232, 679.7464197695331, 29.080651666666643, 37.65, 25.333333333333332, 25.933333333333334
233, 678.6563644841139, 30.52480166666667, 35.65, 27.983333333333334, 30.2
234, 677.5663091986945, 30.092789999999983, 34.6, 27.85, 29.85
235, 676.4762539132753, 31.278729999999996, 34.7, 29.8, 29.95
236, 675.386198627856, 31.129463333333323, 34.53333333333333, 29.65, 29.85
237, 674.2961433424366, 31.408833333333316, 34.5, 30.016666666666666, 30.5
238, 673.2060880570173, 30.738481666666654, 33.85, 29.283333333333335, 30.1
239, 672.1160327715979, 31.461444999999987, 34.38333333333333, 30.133333333333333, 30.666666666666668
240, 671.0259774861787, 31.463058333333326, 34.083333333333336, 30.25, 30.866666666666667
241, 669.9359222007595, 31.288109999999993, 33.9, 30.0, 31.1
242, 668.8458669153401, 31.699933333333316, 34.333333333333336, 30.4, 31.516666666666666
243, 667.7558116299208, 31.45766166666664, 34.05, 30.183333333333334, 31.25
244, 666.6657563445015, 31.358749999999983, 34.0, 30.05, 31.2
245, 665.5757010590821, 31.057241666666638, 33.916666666666664, 29.65, 30.833333333333332
246, 664.4856457736629, 31.10777833333333, 34.21666666666667, 29.583333333333332, 30.833333333333332
247, 663.3955904882436, 31.471759999999975, 34.4, 30.0, 31.4
248, 662.3055352028243, 31.14402999999999, 34.2, 29.55, 31.366666666666667
249, 661.215479917405, 31.275754999999997, 34.45, 29.55, 31.866666666666667
250, 660.1254246319857, 31.648289999999974, 34.6, 30.05, 32.166666666666664
251, 659.0353693465663, 31.910954999999962, 34.61666666666667, 30.566666666666666, 31.766666666666666
252, 657.945314061147, 32.002446666666636, 34.7, 30.683333333333334, 31.75
253, 656.8552587757277, 32.03985999999997, 34.733333333333334, 30.733333333333334, 31.733333333333334
254, 655.7652034903085, 32.10651999999997, 34.8, 30.8, 31.8
255, 654.6751482048892, 32.12318499999997, 34.81666666666667, 30.816666666666666, 31.816666666666666
256, 653.5850929194698, 32.15651499999997, 34.85, 30.85, 31.85
257, 652.4950376340505, 32.00652999999997, 34.7, 30.7, 31.7
258, 651.4049823486312, 31.956534999999967, 34.65, 30.65, 31.65
259, 650.3149270632119, 31.873209999999965, 34.56666666666667, 30.566666666666666, 31.566666666666666
260, 649.2248717777927, 32.03985999999997, 34.733333333333334, 30.733333333333334, 31.733333333333334
261, 648.1348164923734, 32.17317999999997, 34.86666666666667, 30.866666666666667, 31.866666666666667
262, 647.044761206954, 32.10651999999997, 34.8, 30.8, 31.8
263, 645.9547059215347, 31.973199999999963, 34.666666666666664, 30.666666666666668, 31.666666666666668
264, 644.8646506361154, 31.83987999999996, 34.53333333333333, 30.533333333333335, 31.533333333333335
265, 643.7745953506961, 31.873209999999965, 34.56666666666667, 30.566666666666666, 31.566666666666666
266, 642.6845400652768, 31.956534999999967, 34.65, 30.65, 31.65
267, 641.5944847798576, 32.28983499999997, 34.983333333333334, 30.983333333333334, 31.983333333333334
268, 640.5044294944382, 32.401508333333304, 35.083333333333336, 31.1, 32.1
269, 639.4143742090189, 32.323164999999975, 35.016666666666666, 31.016666666666666, 32.016666666666666
270, 638.3243189235995, 32.206509999999966, 34.9, 30.9, 31.9
271, 637.2342636381802, 31.85654499999996, 34.55, 30.55, 31.55
272, 636.144208352761, 31.77321999999996, 34.46666666666667, 30.466666666666665, 31.466666666666665
273, 635.0541530673418, 31.956534999999963, 34.65, 30.65, 31.65
274, 633.9640977819224, 32.023194999999966, 34.71666666666667, 30.716666666666665, 31.716666666666665
275, 632.8740424965031, 32.23983999999997, 34.93333333333333, 30.933333333333334, 31.933333333333334
276, 631.7839872110837, 31.673229999999958, 34.36666666666667, 30.366666666666667, 31.366666666666667
277, 630.6939319256644, 32.089854999999964, 34.78333333333333, 30.783333333333335, 31.783333333333335
278, 629.6038766402452, 32.13984999999997, 34.833333333333336, 30.833333333333332, 31.833333333333332
279, 628.513821354826, 32.17317999999997, 34.86666666666667, 30.866666666666667, 31.866666666666667
280, 627.4237660694066, 32.15651499999997, 34.85, 30.85, 31.85
281, 626.3337107839873, 32.28983499999997, 34.983333333333334, 30.983333333333334, 31.983333333333334
282, 625.2436554985679, 32.27316999999997, 34.96666666666667, 30.966666666666665, 31.966666666666665
283, 624.1536002131486, 31.856544999999965, 34.55, 30.55, 31.55
284, 623.0635449277294, 32.10651999999997, 34.8, 30.8, 31.8
285, 621.97348964231, 32.10651999999997, 34.8, 30.8, 31.8
286, 620.8834343568908, 32.089854999999964, 34.78333333333333, 30.783333333333335, 31.783333333333335
287, 619.7933790714715, 32.056524999999965, 34.75, 30.75, 31.75
288, 618.7033237860521, 32.03985999999996, 34.733333333333334, 30.733333333333334, 31.733333333333334
289, 617.6132685006328, 32.17317999999997, 34.86666666666667, 30.866666666666667, 31.866666666666667
290, 616.5232132152136, 32.13984999999997, 34.833333333333336, 30.833333333333332, 31.833333333333332
291, 615.4331579297942, 32.00652999999997, 34.7, 30.7, 31.7
292, 614.343102644375, 32.00652999999997, 34.7, 30.7, 31.7
293, 613.2530473589557, 32.13984999999997, 34.833333333333336, 30.833333333333332, 31.833333333333332
294, 612.1629920735363, 32.17317999999997, 34.86666666666667, 30.866666666666667, 31.866666666666667
295, 611.072936788117, 32.18984499999997, 34.88333333333333, 30.883333333333333, 31.883333333333333
296, 609.9828815026976, 32.206509999999966, 34.9, 30.9, 31.9
297, 608.8928262172784, 32.206509999999966, 34.9, 30.9, 31.9
298, 607.8027709318592, 32.18984499999997, 34.88333333333333, 30.883333333333333, 31.883333333333333
299, 606.7127156464398, 32.17317999999997, 34.86666666666667, 30.866666666666667, 31.866666666666667
300, 605.6226603610205, 32.123184999999964, 34.81666666666667, 30.816666666666666, 31.816666666666666
301, 604.5326050756012, 31.956534999999963, 34.65, 30.65, 31.65
302, 603.4425497901818, 32.27316999999997, 34.96666666666667, 30.966666666666665, 31.966666666666665
303, 602.3524945047626, 32.25650499999997, 34.95, 30.95, 31.95
304, 601.2624392193433, 32.25650499999997, 34.95, 30.95, 31.95
305, 600.172383933924, 32.22317499999997, 34.916666666666664, 30.916666666666668, 31.916666666666668
306, 599.0823286485047, 32.18984499999997, 34.88333333333333, 30.883333333333333, 31.883333333333333
307, 597.9922733630854, 31.989864999999963, 34.68333333333333, 30.683333333333334, 31.683333333333334
308, 596.902218077666, 31.639899999999955, 34.333333333333336, 30.333333333333332, 31.333333333333332
309, 595.8121627922468, 31.906539999999964, 34.6, 30.6, 31.6
310, 594.7221075068275, 32.17317999999997, 34.86666666666667, 30.866666666666667, 31.866666666666667
311, 593.6320522214082, 32.17317999999997, 34.86666666666667, 30.866666666666667, 31.866666666666667
312, 592.5419969359889, 32.30649999999997, 35.0, 31.0, 32.0
313, 591.4519416505696, 32.30649999999997, 35.0, 31.0, 32.0
314, 590.3618863651502, 32.30649999999997, 35.0, 31.0, 32.0
315, 589.2718310797309, 32.30649999999997, 35.0, 31.0, 32.0
316, 588.1817757943116, 32.03985999999996, 34.733333333333334, 30.733333333333334, 31.733333333333334
317, 587.0917205088924, 31.960486666666625, 34.63333333333333, 30.616666666666667, 31.9
318, 586.0016652234731, 31.80361999999996, 34.46666666666667, 30.466666666666665, 31.733333333333334
319, 584.9116099380537, 31.8872783333333, 34.71666666666667, 30.433333333333334, 31.983333333333334
320, 583.8215546526344, 31.974248333333296, 34.516666666666666, 30.683333333333334, 31.983333333333334
321, 582.7314993672151, 32.06260666666664, 34.93333333333333, 30.566666666666666, 32.266666666666666
322, 581.6414440817958, 31.934038333333287, 34.61666666666667, 30.583333333333332, 31.883333333333333
323, 580.5513887963765, 32.19533666666664, 34.8, 30.883333333333333, 32.15
324, 579.4613335109573, 32.094191666666646, 34.583333333333336, 30.866666666666667, 31.916666666666668
325, 578.3712782255379, 31.743508333333313, 34.25, 30.516666666666666, 31.516666666666666
326, 577.2812229401186, 31.665343333333325, 34.06666666666667, 30.483333333333334, 31.483333333333334
327, 576.1911676546993, 32.02544999999999, 34.333333333333336, 30.883333333333333, 31.883333333333333
328, 575.10111236928, 31.950755000000015, 34.28333333333333, 30.833333333333332, 31.616666666666667
329, 574.0110570838607, 31.76772333333333, 34.1, 30.666666666666668, 31.35
330, 572.9210017984415, 31.798075000000015, 34.083333333333336, 30.733333333333334, 31.316666666666666
331, 571.8309465130221, 32.039266666666656, 34.166666666666664, 31.05, 31.583333333333332
332, 570.7408912276028, 32.36866333333334, 34.53333333333333, 31.35, 31.966666666666665
333, 569.6508359421834, 32.38571333333332, 34.36666666666667, 31.483333333333334, 31.866666666666667
334, 568.5607806567641, 32.14862333333335, 33.43333333333333, 31.6, 31.633333333333333
335, 567.4707253713449, 32.05207666666666, 33.56666666666667, 31.4, 31.466666666666665
336, 566.3806700859257, 32.57085166666665, 34.483333333333334, 31.716666666666665, 31.983333333333334
337, 565.2906148005063, 32.84711666666664, 34.166666666666664, 32.3, 32.233333333333334
338, 564.200559515087, 32.34652833333333, 33.38333333333333, 32.05, 31.183333333333334
339, 563.1105042296676, 33.106796666666675, 32.86666666666667, 33.55, 31.483333333333334
340, 562.0204489442483, 33.594223333333325, 31.6, 35.31666666666667, 29.983333333333334
341, 560.9303936588291, 38.890040000000006, 34.93333333333333, 42.233333333333334, 32.083333333333336
342, 559.8403383734097, 52.00322333333332, 42.266666666666666, 59.78333333333333, 37.516666666666666
343, 558.7502830879905, 62.39585000000001, 45.0, 74.85, 43.93333333333333
344, 557.6602278025712, 78.21878833333334, 44.11666666666667, 100.98333333333333, 50.483333333333334
345, 556.5701725171518, 87.14924333333332, 46.9, 113.76666666666667, 55.7
346, 555.4801172317325, 104.74632333333332, 50.6, 140.31666666666666, 63.65
347, 554.3900619463133, 112.00191833333332, 61.15, 146.91666666666666, 65.65
348, 553.3000066608939, 118.30941833333331, 55.65, 159.76666666666668, 69.23333333333333
349, 552.2099513754747, 119.99811333333336, 57.53333333333333, 161.5, 70.18333333333334
350, 551.1198960900554, 121.36911333333333, 55.03333333333333, 164.95, 71.0
351, 550.029840804636, 121.58401000000002, 55.233333333333334, 165.13333333333333, 71.41666666666667
352, 548.9397855192167, 117.23728833333334, 53.95, 158.66666666666666, 69.95
353, 547.8497302337973, 113.16121999999999, 45.3, 156.15, 69.83333333333333
354, 546.7596749483781, 104.29668666666664, 50.96666666666667, 139.05, 65.26666666666667
355, 545.6696196629589, 98.37086000000002, 47.56666666666667, 131.11666666666667, 63.05
356, 544.5795643775396, 75.65035999999999, 56.06666666666667, 91.06666666666666, 47.68333333333333
357, 543.4895090921202, 57.26224666666665, 45.2, 67.43333333333334, 36.56666666666667
358, 542.3994538067009, 36.34578166666665, 32.516666666666666, 39.45, 30.433333333333334
359, 541.3093985212815, 31.66202999999999, 29.7, 33.3, 28.4
360, 540.2193432358623, 33.23410499999998, 34.28333333333333, 32.78333333333333, 32.833333333333336
361, 539.129287950443, 33.066044999999995, 35.38333333333333, 31.833333333333332, 33.36666666666667
362, 538.0392326650237, 32.89942499999998, 35.416666666666664, 31.616666666666667, 32.93333333333333
363, 536.9491773796044, 32.46036166666666, 35.21666666666667, 31.1, 32.266666666666666
364, 535.8591220941851, 32.03425500000003, 33.28333333333333, 31.533333333333335, 31.366666666666667
365, 534.7690668087657, 31.75806500000003, 32.85, 31.4, 30.766666666666666
366, 533.6790115233465, 32.06099166666666, 34.416666666666664, 30.95, 31.633333333333333
367, 532.5889562379272, 32.30649999999997, 35.0, 31.0, 32.0
368, 531.4989009525079, 32.30649999999997, 35.0, 31.0, 32.0
369, 530.4088456670886, 32.18984499999997, 34.88333333333333, 30.883333333333333, 31.883333333333333
370, 529.3187903816693, 32.17317999999997, 34.86666666666667, 30.866666666666667, 31.866666666666667
371, 528.2287350962499, 32.22317499999997, 34.916666666666664, 30.916666666666668, 31.916666666666668
372, 527.1386798108306, 32.25650499999997, 34.95, 30.95, 31.95
373, 526.0486245254114, 32.25650499999997, 34.95, 30.95, 31.95
374, 524.9585692399921, 32.22317499999997, 34.916666666666664, 30.916666666666668, 31.916666666666668
375, 523.8685139545728, 32.25650499999997, 34.95, 30.95, 31.95
376, 522.7784586691535, 32.28983499999997, 34.983333333333334, 30.983333333333334, 31.983333333333334
377, 521.6884033837341, 32.356494999999974, 35.05, 31.05, 32.05
378, 520.5983480983148, 32.356494999999974, 35.05, 31.05, 32.05
379, 519.5082928128955, 32.323164999999975, 35.016666666666666, 31.016666666666666, 32.016666666666666
380, 518.4182375274762, 32.15651499999997, 34.85, 30.85, 31.85
381, 517.328182242057, 32.10651999999997, 34.8, 30.8, 31.8
382, 516.2381269566376, 32.042761666666635, 34.71666666666667, 30.75, 31.716666666666665
383, 515.1480716712183, 31.715519999999994, 34.3, 30.45, 31.483333333333334
384, 514.058016385799, 31.871488333333332, 34.45, 30.616666666666667, 31.6
385, 512.9679611003797, 31.90001666666667, 34.5, 30.633333333333333, 31.633333333333333
386, 511.8779058149604, 31.87356833333333, 34.483333333333334, 30.6, 31.616666666666667
387, 510.7878505295411, 31.875468333333334, 34.483333333333334, 30.6, 31.633333333333333
388, 509.69779524412183, 31.92356333333333, 34.53333333333333, 30.65, 31.666666666666668
389, 508.6077399587025, 31.942128333333326, 34.55, 30.666666666666668, 31.7
390, 507.5176846732832, 31.777378333333324, 34.38333333333333, 30.5, 31.55
391, 506.4276293878639, 31.92137999999999, 34.53333333333333, 30.633333333333333, 31.733333333333334
392, 505.3375741024446, 31.93116333333332, 34.53333333333333, 30.65, 31.733333333333334
393, 504.2475188170253, 31.93116333333332, 34.53333333333333, 30.65, 31.733333333333334
394, 503.15746353160597, 31.79784333333332, 34.4, 30.516666666666666, 31.6
395, 502.0674082461867, 31.79784333333332, 34.4, 30.516666666666666, 31.6
396, 500.9773529607674, 31.79784333333332, 34.4, 30.516666666666666, 31.6
397, 499.88729767534807, 31.79784333333332, 34.4, 30.516666666666666, 31.6
398, 498.7972423899288, 31.90571666666666, 34.5, 30.633333333333333, 31.683333333333334
399, 497.70718710450944, 32.18984499999997, 34.88333333333333, 30.883333333333333, 31.883333333333333
400, 496.61713181909016, 32.18984499999997, 34.88333333333333, 30.883333333333333, 31.883333333333333
401, 495.5270765336709, 32.27316999999997, 34.96666666666667, 30.966666666666665, 31.966666666666665
402, 494.43702124825154, 31.989864999999963, 34.68333333333333, 30.683333333333334, 31.683333333333334
403, 493.34696596283226, 32.00652999999996, 34.7, 30.7, 31.7
404, 492.256910677413, 32.27316999999997, 34.96666666666667, 30.966666666666665, 31.966666666666665
405, 491.16685539199364, 32.206509999999966, 34.9, 30.9, 31.9
406, 490.07680010657435, 32.18984499999997, 34.88333333333333, 30.883333333333333, 31.883333333333333
407, 488.98674482115507, 32.206509999999966, 34.9, 30.9, 31.9
408, 487.89668953573573, 32.206509999999966, 34.9, 30.9, 31.9
409, 486.80663425031645, 32.206509999999966, 34.9, 30.9, 31.9
410, 485.7165789648971, 32.089854999999964, 34.78333333333333, 30.783333333333335, 31.783333333333335
411, 484.6265236794778, 32.03985999999997, 34.733333333333334, 30.733333333333334, 31.733333333333334
412, 483.53646839405855, 32.123184999999964, 34.81666666666667, 30.816666666666666, 31.816666666666666
413, 482.4464131086392, 32.15651499999997, 34.85, 30.85, 31.85
414, 481.3563578232199, 32.13984999999997, 34.833333333333336, 30.833333333333332, 31.833333333333332
415, 480.26630253780064, 32.135869999999976, 34.8, 30.85, 31.8
416, 479.1762472523813, 31.82213666666664, 34.46666666666667, 30.55, 31.466666666666665
417, 478.086191966962, 31.912343333333308, 34.56666666666667, 30.633333333333333, 31.566666666666666
418, 476.99613668154274, 31.969219999999964, 34.63333333333333, 30.683333333333334, 31.633333333333333
419, 475.9060813961234, 32.135869999999976, 34.8, 30.85, 31.8
420, 474.8160261107041, 32.202529999999975, 34.86666666666667, 30.916666666666668, 31.866666666666667
421, 473.7259708252848, 32.16919999999997, 34.833333333333336, 30.883333333333333, 31.833333333333332
422, 472.6359155398655, 32.19564833333331, 34.85, 30.916666666666668, 31.85
423, 471.5458602544462, 32.11920499999997, 34.78333333333333, 30.833333333333332, 31.783333333333335
424, 470.4558049690269, 31.96921999999996, 34.63333333333333, 30.683333333333334, 31.633333333333333
425, 469.3657496836076, 31.86234833333331, 34.516666666666666, 30.583333333333332, 31.516666666666666
426, 468.2756943981883, 31.86234833333331, 34.516666666666666, 30.583333333333332, 31.516666666666666
427, 467.18563911276897, 31.86234833333331, 34.516666666666666, 30.583333333333332, 31.516666666666666
428, 466.0955838273497, 31.86234833333331, 34.516666666666666, 30.583333333333332, 31.516666666666666
429, 465.00552854193035, 31.86234833333331, 34.516666666666666, 30.583333333333332, 31.516666666666666
430, 463.91547325651106, 31.86234833333331, 34.516666666666666, 30.583333333333332, 31.516666666666666
431, 462.8254179710918, 31.96921999999996, 34.63333333333333, 30.683333333333334, 31.633333333333333
432, 461.73536268567244, 32.056524999999965, 34.75, 30.75, 31.75
433, 460.64530740025316, 32.18984499999997, 34.88333333333333, 30.883333333333333, 31.883333333333333
434, 459.5552521148339, 32.123184999999964, 34.81666666666667, 30.816666666666666, 31.816666666666666
435, 458.46519682941454, 32.00652999999996, 34.7, 30.7, 31.7
436, 457.37514154399526, 32.03985999999996, 34.733333333333334, 30.733333333333334, 31.733333333333334
437, 456.285086258576, 32.18984499999997, 34.88333333333333, 30.883333333333333, 31.883333333333333
438, 455.19503097315663, 32.25650499999997, 34.95, 30.95, 31.95
439, 454.10497568773735, 32.123184999999964, 34.81666666666667, 30.816666666666666, 31.816666666666666
440, 453.014920402318, 32.056524999999965, 34.75, 30.75, 31.75
441, 451.92486511689873, 32.089854999999964, 34.78333333333333, 30.783333333333335, 31.783333333333335
442, 450.83480983147945, 32.13984999999997, 34.833333333333336, 30.833333333333332, 31.833333333333332
443, 449.7447545460601, 32.07318999999997, 34.766666666666666, 30.766666666666666, 31.766666666666666
444, 448.6546992606408, 32.123184999999964, 34.81666666666667, 30.816666666666666, 31.816666666666666
445, 447.56464397522154, 32.089854999999964, 34.78333333333333, 30.783333333333335, 31.783333333333335
446, 446.4745886898022, 31.923204999999964, 34.61666666666667, 30.616666666666667, 31.616666666666667
447, 445.3845334043829, 31.889874999999964, 34.583333333333336, 30.583333333333332, 31.583333333333332
448, 444.29447811896364, 32.206509999999966, 34.9, 30.9, 31.9
449, 443.2044228335443, 32.25650499999997, 34.95, 30.95, 31.95
450, 442.114367548125, 32.25650499999997, 34.95, 30.95, 31.95
451, 441.0243122627057, 32.25650499999997, 34.95, 30.95, 31.95
452, 439.9342569772864, 32.25650499999997, 34.95, 30.95, 31.95
453, 438.8442016918671, 32.25650499999997, 34.95, 30.95, 31.95
454, 437.7541464064478, 32.25650499999997, 34.95, 30.95, 31.95
455, 436.6640911210285, 32.206509999999966, 34.9, 30.9, 31.9
456, 435.5740358356092, 32.17317999999997, 34.86666666666667, 30.866666666666667, 31.866666666666667
457, 434.48398055018987, 32.089854999999964, 34.78333333333333, 30.783333333333335, 31.783333333333335
458, 433.3939252647706, 32.15651499999997, 34.85, 30.85, 31.85
459, 432.30386997935125, 32.18984499999997, 34.88333333333333, 30.883333333333333, 31.883333333333333
460, 431.21381469393197, 32.22317499999997, 34.916666666666664, 30.916666666666668, 31.916666666666668
461, 430.1237594085127, 32.22317499999997, 34.916666666666664, 30.916666666666668, 31.916666666666668
462, 429.03370412309334, 32.23983999999997, 34.93333333333333, 30.933333333333334, 31.933333333333334
463, 427.94364883767406, 32.25650499999997, 34.95, 30.95, 31.95
464, 426.8535935522548, 32.26220499999997, 34.95, 30.95, 32.0
465, 425.76353826683544, 31.69091833333331, 34.483333333333334, 30.25, 31.816666666666666
466, 424.67348298141616, 31.498539999999966, 34.43333333333333, 29.983333333333334, 31.633333333333333
467, 423.5834276959969, 31.52164666666663, 34.03333333333333, 30.216666666666665, 31.683333333333334
468, 422.49337241057754, 31.491426666666648, 34.06666666666667, 30.2, 31.416666666666668
469, 421.40331712515825, 31.607571666666654, 34.28333333333333, 30.316666666666666, 31.266666666666666
470, 420.31326183973897, 32.129186666666634, 34.63333333333333, 30.816666666666666, 32.35
471, 419.22320655431963, 31.646878333333298, 34.38333333333333, 30.2, 31.95
472, 418.1331512689003, 32.06683999999997, 34.766666666666666, 30.616666666666667, 32.483333333333334
473, 417.04309598348107, 31.437363333333295, 34.2, 29.816666666666666, 32.56666666666667
474, 415.9530406980617, 31.616281666666637, 34.18333333333333, 30.016666666666666, 33.15
475, 414.8629854126424, 30.811451666666645, 33.65, 28.933333333333334, 33.06666666666667
476, 413.77293012722316, 30.793113333333327, 33.53333333333333, 28.9, 33.38333333333333
477, 412.6828748418038, 30.636253333333343, 33.46666666666667, 28.333333333333332, 35.1
478, 411.5928195563845, 30.559166666666677, 33.333333333333336, 28.266666666666666, 35.11666666666667
479, 410.50276427096526, 30.48676666666668, 32.833333333333336, 28.216666666666665, 36.05
480, 409.4127089855459, 30.38965833333333, 32.75, 28.216666666666665, 35.416666666666664
481, 408.3226537001266, 32.730685, 34.31666666666667, 29.966666666666665, 42.833333333333336
482, 407.23259841470735, 33.299668333333344, 34.65, 30.416666666666668, 44.63333333333333
483, 406.142543129288, 32.86893666666668, 33.3, 29.933333333333334, 46.88333333333333
484, 405.0524878438687, 33.27008666666666, 33.8, 30.433333333333334, 46.516666666666666
485, 403.96243255844934, 36.94484333333332, 35.9, 31.966666666666665, 65.35
486, 402.8723772730301, 37.18403833333332, 36.78333333333333, 31.4, 68.05
487, 401.78232198761077, 48.84909333333334, 42.9, 40.81666666666667, 105.85
488, 400.69226670219143, 54.27057999999999, 45.03333333333333, 44.483333333333334, 128.93333333333334
489, 399.6022114167722, 68.65512999999997, 52.2, 61.85, 146.9
490, 398.51215613135287, 77.87363, 55.7, 73.5, 158.6
491, 397.4221008459335, 79.70581499999999, 57.016666666666666, 75.86666666666666, 159.03333333333333
492, 396.3320455605143, 82.75758166666667, 58.68333333333333, 79.66666666666667, 161.86666666666667
493, 395.24199027509496, 82.08948999999991, 57.43333333333333, 79.33333333333333, 161.0
494, 394.1519349896756, 81.982665, 57.18333333333333, 79.23333333333333, 161.23333333333332
495, 393.0618797042564, 81.794265, 57.016666666666666, 79.01666666666667, 161.13333333333333
496, 391.97182441883706, 81.68184833333333, 57.18333333333333, 78.75, 161.08333333333334
497, 390.8817691334177, 81.32296833333326, 56.65, 78.41666666666667, 161.05
498, 389.7917138479985, 82.37616999999997, 57.46666666666667, 79.51666666666667, 162.48333333333332
499, 388.70165856257915, 72.89497833333333, 55.21666666666667, 66.98333333333333, 149.75
500, 387.6116032771598, 53.328841666666655, 45.25, 43.28333333333333, 126.28333333333333
501, 386.5215479917406, 48.1334483333333, 41.68333333333333, 40.9, 102.33333333333333
502, 385.43149270632125, 31.871621666666663, 32.95, 28.833333333333332, 44.71666666666667
503, 384.3414374209019, 32.742213333333325, 33.03333333333333, 29.85, 46.9
504, 383.2513821354826, 30.37460833333332, 33.083333333333336, 28.4, 33.46666666666667
505, 382.16132685006335, 30.761353333333343, 33.8, 28.266666666666666, 35.666666666666664
506, 381.071271564644, 30.695088333333345, 32.61666666666667, 28.633333333333333, 36.3
507, 379.98121627922467, 30.41569500000002, 32.38333333333333, 28.483333333333334, 35.233333333333334
508, 378.89116099380544, 31.978178333333314, 33.21666666666667, 31.083333333333332, 33.36666666666667
509, 377.8011057083861, 31.287344999999966, 32.88333333333333, 30.283333333333335, 32.3
510, 376.71105042296676, 32.086121666666635, 33.95, 31.133333333333333, 32.13333333333333
511, 375.62099513754754, 31.70150166666667, 34.31666666666667, 30.45, 31.316666666666666
512, 374.5309398521282, 31.37938499999998, 35.15, 29.15, 33.0
513, 373.44088456670886, 31.556236666666653, 35.63333333333333, 29.266666666666666, 32.68333333333333
514, 372.35082928128963, 32.03161666666663, 34.666666666666664, 30.75, 31.75
515, 371.2607739958703, 32.04329999999997, 34.666666666666664, 30.766666666666666, 31.766666666666666
516, 370.17071871045096, 31.943309999999965, 34.56666666666667, 30.666666666666668, 31.666666666666668
517, 369.08066342503173, 31.993304999999964, 34.61666666666667, 30.716666666666665, 31.716666666666665
518, 367.9906081396124, 31.959974999999964, 34.583333333333336, 30.683333333333334, 31.683333333333334
519, 366.90055285419305, 31.864966666666632, 34.5, 30.583333333333332, 31.583333333333332
520, 365.8104975687738, 31.843319999999963, 34.46666666666667, 30.566666666666666, 31.566666666666666
521, 364.7204422833545, 31.876649999999966, 34.5, 30.6, 31.6
522, 363.63038699793515, 31.816153333333297, 34.46666666666667, 30.533333333333335, 31.5
523, 362.5403317125158, 31.71734499999996, 34.38333333333333, 30.433333333333334, 31.366666666666667
524, 361.4502764270966, 31.869948333333298, 34.516666666666666, 30.583333333333332, 31.583333333333332
525, 360.36022114167724, 31.9862433333333, 34.56666666666667, 30.733333333333334, 31.7
526, 359.2701658562579, 32.02437499999997, 34.583333333333336, 30.783333333333335, 31.733333333333334
527, 358.1801105708387, 31.981261666666633, 34.55, 30.733333333333334, 31.7
528, 357.09005528541934, 31.945029999999967, 34.53333333333333, 30.683333333333334, 31.683333333333334
529, 356.0, 31.91650166666663, 34.483333333333334, 30.666666666666668, 31.65
530, 354.9099447145808, 32.1513533333333, 34.8, 30.866666666666667, 31.85
531, 353.81988942916144, 32.273529999999965, 35.03333333333333, 30.933333333333334, 31.966666666666665
532, 352.7298341437421, 32.30649999999997, 35.0, 31.0, 32.0
533, 351.63977885832287, 32.27316999999997, 34.96666666666667, 30.966666666666665, 31.966666666666665
534, 350.54972357290353, 32.17317999999997, 34.86666666666667, 30.866666666666667, 31.866666666666667
535, 349.4596682874842, 32.17317999999997, 34.86666666666667, 30.866666666666667, 31.866666666666667
536, 348.36961300206497, 32.30649999999997, 35.0, 31.0, 32.0
537, 347.2795577166456, 32.3515133333333, 35.03333333333333, 31.05, 32.05
538, 346.1895024312263, 32.323164999999975, 35.016666666666666, 31.016666666666666, 32.016666666666666
539, 345.09944714580706, 32.15651499999997, 34.85, 30.85, 31.85
540, 344.0093918603877, 32.22317499999997, 34.916666666666664, 30.916666666666668, 31.916666666666668
541, 342.9193365749684, 32.28983499999997, 34.983333333333334, 30.983333333333334, 31.983333333333334
542, 341.82928128954904, 32.23983999999997, 34.93333333333333, 30.933333333333334, 31.933333333333334
543, 340.7392260041298, 32.15651499999997, 34.85, 30.85, 31.85
544, 339.6491707187105, 32.15651499999997, 34.85, 30.85, 31.85
545, 338.55911543329114, 32.023194999999966, 34.71666666666667, 30.716666666666665, 31.716666666666665
546, 337.4690601478719, 32.03985999999997, 34.733333333333334, 30.733333333333334, 31.733333333333334
547, 336.3790048624526, 32.239839999999965, 34.93333333333333, 30.933333333333334, 31.933333333333334
548, 335.28894957703324, 32.27316999999997, 34.96666666666667, 30.966666666666665, 31.966666666666665
549, 334.198894291614, 32.27316999999997, 34.96666666666667, 30.966666666666665, 31.966666666666665
550, 333.10883900619467, 32.22317499999997, 34.916666666666664, 30.916666666666668, 31.916666666666668
551, 332.01878372077533, 32.22317499999997, 34.916666666666664, 30.916666666666668, 31.916666666666668
552, 330.9287284353561, 32.27316999999997, 34.96666666666667, 30.966666666666665, 31.966666666666665
553, 329.83867314993677, 32.27316999999997, 34.96666666666667, 30.966666666666665, 31.966666666666665
554, 328.7486178645174, 32.239839999999965, 34.93333333333333, 30.933333333333334, 31.933333333333334
555, 327.6585625790982, 32.089854999999964, 34.78333333333333, 30.783333333333335, 31.783333333333335
556, 326.56850729367886, 32.12318499999997, 34.81666666666667, 30.816666666666666, 31.816666666666666
557, 325.4784520082595, 32.239839999999965, 34.93333333333333, 30.933333333333334, 31.933333333333334
558, 324.3883967228403, 32.22317499999997, 34.916666666666664, 30.916666666666668, 31.916666666666668
559, 323.29834143742096, 32.23983999999997, 34.93333333333333, 30.933333333333334, 31.933333333333334
560, 322.2082861520016, 32.123184999999964, 34.81666666666667, 30.816666666666666, 31.816666666666666
561, 321.1182308665824, 32.03985999999996, 34.733333333333334, 30.733333333333334, 31.733333333333334
562, 320.02817558116305, 31.956534999999963, 34.65, 30.65, 31.65
563, 318.9381202957437, 31.823214999999962, 34.516666666666666, 30.516666666666666, 31.516666666666666
564, 317.8480650103244, 31.939869999999964, 34.63333333333333, 30.633333333333333, 31.633333333333333
565, 316.75800972490515, 31.90653999999996, 34.6, 30.6, 31.6
566, 315.6679544394858, 31.92320499999996, 34.61666666666667, 30.616666666666667, 31.616666666666667
567, 314.5778991540665, 31.92320499999996, 34.61666666666667, 30.616666666666667, 31.616666666666667
568, 313.48784386864725, 31.939869999999964, 34.63333333333333, 30.633333333333333, 31.633333333333333
569, 312.3977885832279, 31.989864999999963, 34.68333333333333, 30.683333333333334, 31.683333333333334
570, 311.30773329780857, 31.873209999999965, 34.56666666666667, 30.566666666666666, 31.566666666666666
571, 310.21767801238934, 31.923204999999964, 34.61666666666667, 30.616666666666667, 31.616666666666667
572, 309.12762272697, 32.12318499999996, 34.81666666666667, 30.816666666666666, 31.816666666666666
573, 308.03756744155066, 32.13984999999995, 34.833333333333336, 30.833333333333332, 31.833333333333332
574, 306.94751215613144, 32.03985999999997, 34.733333333333334, 30.733333333333334, 31.733333333333334
575, 305.8574568707121, 31.78988499999996, 34.483333333333334, 30.483333333333334, 31.483333333333334
576, 304.76740158529276, 31.80654999999996, 34.5, 30.5, 31.5
577, 303.67734629987353, 31.90653999999996, 34.6, 30.6, 31.6
578, 302.5872910144542, 31.989864999999963, 34.68333333333333, 30.683333333333334, 31.683333333333334
579, 301.49723572903486, 32.08659333333329, 34.733333333333334, 30.8, 31.8
580, 300.40718044361563, 32.0716483333333, 34.68333333333333, 30.8, 31.8
581, 299.3171251581963, 32.16665666666663, 34.766666666666666, 30.9, 31.9
582, 298.22706987277695, 32.216651666666635, 34.81666666666667, 30.95, 31.95
583, 297.1370145873576, 32.228334999999966, 34.81666666666667, 30.966666666666665, 31.966666666666665
584, 296.0469593019384, 32.316641666666634, 34.916666666666664, 31.05, 32.05
585, 294.95690401651905, 32.34997166666663, 34.95, 31.083333333333332, 32.083333333333336
586, 293.8668487310997, 32.35169166666664, 34.916666666666664, 31.1, 32.1
587, 292.7767934456805, 32.2733483333333, 34.85, 31.016666666666666, 32.016666666666666
588, 291.68673816026114, 32.281231666666635, 34.85, 31.033333333333335, 32.0
589, 290.5966828748418, 32.22453499999997, 34.81666666666667, 30.966666666666665, 31.933333333333334
590, 289.5066275894226, 32.17952166666664, 34.78333333333333, 30.916666666666668, 31.883333333333333
591, 288.41657230400324, 32.04121999999997, 34.63333333333333, 30.783333333333335, 31.75
592, 287.3265170185839, 32.04121999999997, 34.63333333333333, 30.783333333333335, 31.75
593, 286.2364617331647, 32.129526666666635, 34.733333333333334, 30.866666666666667, 31.833333333333332
594, 285.14640644774533, 32.174539999999965, 34.766666666666666, 30.916666666666668, 31.883333333333333
595, 284.056351162326, 32.247901666666635, 34.81666666666667, 31.0, 31.966666666666665
596, 282.96629587690677, 32.20340166666663, 34.983333333333334, 30.816666666666666, 32.083333333333336
597, 281.87624059148743, 32.15340666666663, 34.93333333333333, 30.766666666666666, 32.03333333333333
598, 280.7861853060681, 32.0583983333333, 34.85, 30.666666666666668, 31.933333333333334
599, 279.69613002064887, 31.91339499999997, 34.71666666666667, 30.516666666666666, 31.783333333333335
600, 278.6060747352295, 31.970271666666633, 34.78333333333333, 30.566666666666666, 31.85
601, 277.5160194498102, 31.942821666666635, 34.78333333333333, 30.516666666666666, 31.866666666666667
602, 276.42596416439085, 31.955403333333305, 34.8, 30.516666666666666, 31.933333333333334
603, 275.3359088789716, 31.970809999999968, 34.733333333333334, 30.583333333333332, 31.9
604, 274.2458535935523, 31.8417533333333, 34.63333333333333, 30.45, 31.716666666666665
605, 273.15579830813294, 31.865299999999966, 34.666666666666664, 30.466666666666665, 31.75
606, 272.0657430227137, 31.68524666666663, 34.53333333333333, 30.266666666666666, 31.55
607, 270.9756877372944, 31.6867883333333, 34.61666666666667, 30.233333333333334, 31.516666666666666
608, 269.88563245187504, 31.76893166666663, 34.68333333333333, 30.316666666666666, 31.633333333333333
609, 268.7955771664558, 31.8865883333333, 34.78333333333333, 30.45, 31.716666666666665
610, 267.7055218810365, 31.948446666666637, 34.86666666666667, 30.5, 31.783333333333335
611, 266.61546659561714, 31.991918333333306, 34.81666666666667, 30.583333333333332, 31.866666666666667
612, 265.5254113101979, 31.80372666666663, 34.733333333333334, 30.366666666666667, 31.55
613, 264.43535602477857, 31.797128333333323, 34.71666666666667, 30.383333333333333, 31.45
614, 263.34530073935923, 31.746849999999984, 34.666666666666664, 30.316666666666666, 31.483333333333334
615, 262.25524545394, 31.751831666666646, 34.68333333333333, 30.316666666666666, 31.483333333333334
616, 261.16519016852067, 31.74684999999998, 34.666666666666664, 30.316666666666666, 31.483333333333334
617, 260.0751348831013, 31.656643333333314, 34.56666666666667, 30.233333333333334, 31.383333333333333
618, 258.9850795976821, 31.71143999999997, 34.6, 30.3, 31.433333333333334
619, 257.89502431226276, 31.859704999999988, 34.78333333333333, 30.433333333333334, 31.566666666666666
620, 256.8049690268434, 31.881993333333316, 34.733333333333334, 30.5, 31.55
621, 255.71491374142408, 31.786804999999976, 34.61666666666667, 30.416666666666668, 31.45
622, 254.62485845600486, 31.852463333333297, 34.7, 30.466666666666665, 31.55
623, 253.53480317058552, 31.814331666666625, 34.68333333333333, 30.416666666666668, 31.516666666666666
624, 252.44474788516618, 31.659544999999962, 34.55, 30.25, 31.366666666666667
625, 251.35469259974695, 31.724304999999962, 34.61666666666667, 30.316666666666666, 31.416666666666668
626, 250.26463731432762, 31.78788333333331, 34.666666666666664, 30.383333333333333, 31.5
627, 249.17458202890828, 31.863324999999975, 34.75, 30.45, 31.6
628, 248.08452674348905, 31.941488333333307, 34.78333333333333, 30.55, 31.683333333333334
629, 246.9944714580697, 32.0248883333333, 34.78333333333333, 30.65, 31.9
630, 245.90441617265037, 31.953426666666637, 34.733333333333334, 30.566666666666666, 31.833333333333332
631, 244.81436088723115, 31.938661666666636, 34.71666666666667, 30.55, 31.833333333333332
632, 243.7243056018118, 31.615144999999963, 34.38333333333333, 30.233333333333334, 31.5
633, 242.63425031639247, 31.68162499999996, 34.416666666666664, 30.316666666666666, 31.566666666666666
634, 241.54419503097324, 31.7785333333333, 34.5, 30.416666666666668, 31.683333333333334
635, 240.4541397455539, 31.798279999999966, 34.53333333333333, 30.433333333333334, 31.683333333333334
636, 239.36408446013456, 31.61170499999996, 34.45, 30.2, 31.466666666666665
637, 238.27402917471534, 31.616686666666624, 34.46666666666667, 30.2, 31.466666666666665
638, 237.183973889296, 31.8620383333333, 34.61666666666667, 30.483333333333334, 31.766666666666666
639, 236.09391860387666, 31.817024999999962, 34.583333333333336, 30.433333333333334, 31.716666666666665
640, 235.00386331845732, 31.731799999999964, 34.5, 30.35, 31.616666666666667
641, 233.9138080330381, 31.633709999999965, 34.4, 30.25, 31.533333333333335
642, 232.82375274761876, 31.435271666666626, 34.28333333333333, 30.016666666666666, 31.3
643, 231.73369746219942, 31.466701666666626, 34.31666666666667, 30.05, 31.316666666666666
644, 230.6436421767802, 31.49024833333329, 34.35, 30.066666666666666, 31.35
645, 229.55358689136085, 31.963416666666628, 34.666666666666664, 30.65, 31.666666666666668
646, 228.4635316059415, 31.927184999999962, 34.65, 30.6, 31.65
647, 227.3734763205223, 31.836978333333295, 34.55, 30.516666666666666, 31.55
648, 226.28342103510295, 31.753653333333293, 34.46666666666667, 30.433333333333334, 31.466666666666665
649, 225.1933657496836, 31.72032333333329, 34.43333333333333, 30.4, 31.433333333333334
650, 224.10331046426438, 31.67032833333329, 34.38333333333333, 30.35, 31.383333333333333
651, 223.01325517884504, 31.72032333333329, 34.43333333333333, 30.4, 31.433333333333334
652, 221.9231998934257, 31.70365833333329, 34.416666666666664, 30.383333333333333, 31.416666666666668
653, 220.83314460800648, 31.723224999999957, 34.416666666666664, 30.416666666666668, 31.416666666666668
654, 219.74308932258714, 31.77321999999996, 34.46666666666667, 30.466666666666665, 31.466666666666665
655, 218.6530340371678, 31.88987499999996, 34.583333333333336, 30.583333333333332, 31.583333333333332
656, 217.56297875174857, 32.15651499999996, 34.85, 30.85, 31.85
657, 216.47292346632923, 32.25650499999995, 34.95, 30.95, 31.95
658, 215.3828681809099, 32.02319499999996, 34.71666666666667, 30.716666666666665, 31.716666666666665
659, 214.29281289549067, 31.87320999999996, 34.56666666666667, 30.566666666666666, 31.566666666666666
660, 213.20275761007133, 31.834898333333292, 34.516666666666666, 30.533333333333335, 31.533333333333335
661, 212.112702324652, 31.771499999999957, 34.5, 30.45, 31.45
662, 211.02264703923265, 31.95119666666663, 34.86666666666667, 30.55, 31.55
663, 209.93259175381343, 32.057888333333295, 34.95, 30.666666666666668, 31.666666666666668
664, 208.8425364683941, 32.024558333333296, 34.916666666666664, 30.633333333333333, 31.633333333333333
665, 207.75248118297475, 32.024558333333296, 34.916666666666664, 30.633333333333333, 31.633333333333333
666, 206.66242589755552, 31.871415000000006, 34.68333333333333, 30.533333333333335, 31.416666666666668
667, 205.57237061213618, 31.897428333333345, 34.71666666666667, 30.583333333333332, 31.3
668, 204.48231532671684, 32.042355000000015, 34.78333333333333, 30.783333333333335, 31.366666666666667
669, 203.39226004129762, 31.948888333333343, 34.78333333333333, 30.65, 31.233333333333334
670, 202.30220475587828, 32.09052666666667, 34.9, 30.783333333333335, 31.483333333333334
671, 201.21214947045894, 31.89825000000001, 34.666666666666664, 30.616666666666667, 31.266666666666666
672, 200.1220941850397, 31.662756666666674, 34.43333333333333, 30.366666666666667, 31.1
673, 199.03203889962037, 31.65677333333334, 34.43333333333333, 30.35, 31.133333333333333
674, 197.94198361420104, 31.936251666666628, 34.81666666666667, 30.55, 31.55
675, 196.8519283287818, 32.14601499999997, 35.016666666666666, 30.766666666666666, 31.75
676, 195.76187304336247, 32.18257999999997, 35.2, 30.7, 31.933333333333334
677, 194.67181775794313, 32.21185333333331, 35.13333333333333, 30.8, 31.85
678, 193.5817624725239, 31.610911666666652, 34.55, 30.183333333333334, 31.283333333333335
679, 192.49170718710457, 31.554214999999985, 34.516666666666666, 30.116666666666667, 31.216666666666665
680, 191.40165190168523, 31.649223333333317, 34.6, 30.216666666666665, 31.316666666666666
681, 190.3115966162659, 31.604029999999977, 34.53333333333333, 30.183333333333334, 31.266666666666666
682, 189.22154133084666, 31.730288333333316, 34.61666666666667, 30.333333333333332, 31.383333333333333
683, 188.13148604542732, 31.952633333333317, 34.833333333333336, 30.55, 31.65
684, 187.04143076000798, 32.06548833333332, 34.95, 30.666666666666668, 31.733333333333334
685, 185.95137547458876, 32.078891666666635, 34.916666666666664, 30.7, 31.766666666666666
686, 184.86132018916942, 31.915681666666654, 34.68333333333333, 30.566666666666666, 31.633333333333333
687, 183.77126490375008, 31.908439999999988, 34.6, 30.6, 31.616666666666667
688, 182.68120961833085, 31.988683333333316, 34.666666666666664, 30.683333333333334, 31.716666666666665
689, 181.59115433291151, 31.91532166666665, 34.61666666666667, 30.6, 31.633333333333333
690, 180.50109904749218, 31.84005999999999, 34.56666666666667, 30.516666666666666, 31.533333333333335
691, 179.41104376207295, 31.63165666666665, 34.266666666666666, 30.35, 31.35
692, 178.3209884766536, 31.580299999999983, 34.166666666666664, 30.316666666666666, 31.333333333333332
693, 177.23093319123427, 31.61172999999998, 34.2, 30.35, 31.35
694, 176.14087790581505, 31.683549999999972, 34.166666666666664, 30.466666666666665, 31.466666666666665
695, 175.0508226203957, 31.878368333333295, 34.31666666666667, 30.683333333333334, 31.666666666666668
696, 173.96076733497637, 31.820104999999966, 34.45, 30.5, 31.75
697, 172.87071204955714, 31.69929333333329, 34.56666666666667, 30.283333333333335, 31.5
698, 171.7806567641378, 31.587545000000002, 34.55, 30.15, 31.25
699, 170.69060147871846, 31.974611666666643, 34.88333333333333, 30.516666666666666, 31.883333333333333
